theta_deg	R
0.001	9.9977279E-001
0.002	9.9955088E-001
0.003	9.9933922E-001
0.004	9.9911755E-001
0.005	9.9889570E-001
0.006	9.9867386E-001
0.007	9.9845207E-001
0.008	9.9824101E-001
0.009	9.9801922E-001
0.01	9.9779773E-001
0.011	9.9757606E-001
0.012	9.9736506E-001
0.013	9.9714363E-001
0.014	9.9099708E-001
0.015	9.9078739E-001
0.016	9.9056756E-001
0.017	9.9034762E-001
0.018	9.9012762E-001
0.019	9.8990762E-001
0.02	9.8969865E-001
0.021	9.8947871E-001
0.022	9.8925877E-001
0.023	9.8903936E-001
0.024	9.8883021E-001
0.025	9.8616260E-001
0.026	9.8595399E-001
0.027	9.8573518E-001
0.028	9.8551619E-001
0.029	9.8529750E-001
0.03	9.8508918E-001
0.031	9.8487025E-001
0.032	9.8278654E-001
0.033	9.8256826E-001
0.034	9.8236048E-001
0.035	9.8214239E-001
0.036	9.8192430E-001
0.037	9.8170638E-001
0.038	9.7991765E-001
0.039	9.7971058E-001
0.04	9.7949290E-001
0.041	9.7927541E-001
0.042	9.7767192E-001
0.043	9.7746527E-001
0.044	9.7724813E-001
0.045	9.7703093E-001
0.046	9.7682470E-001
0.047	9.7535741E-001
0.048	9.7515112E-001
0.049	9.7493464E-001
0.05	9.7471809E-001
0.051	9.7335881E-001
0.052	9.7314274E-001
0.053	9.7292668E-001
0.054	9.7272080E-001
0.055	9.7143441E-001
0.056	9.7122896E-001
0.057	9.7101331E-001
0.058	9.6979815E-001
0.059	9.6958268E-001
0.06	9.6937770E-001
0.061	9.6821040E-001
0.062	9.6800566E-001
0.063	9.6779084E-001
0.064	9.6758592E-001
0.065	9.6646088E-001
0.066	9.6625644E-001
0.067	9.6604186E-001
0.068	9.6497130E-001
0.069	9.6476710E-001
0.07	9.6372622E-001
0.071	9.6351236E-001
0.072	9.6330863E-001
0.073	9.6229887E-001
0.074	9.6208495E-001
0.075	9.6188152E-001
0.076	9.6090442E-001
0.077	9.6070117E-001
0.078	9.5974314E-001
0.079	9.5952988E-001
0.08	9.5932704E-001
0.081	9.5839721E-001
0.082	9.5819455E-001
0.083	9.5727962E-001
0.084	9.5707721E-001
0.085	9.5687485E-001
0.086	9.5597821E-001
0.087	9.5577610E-001
0.088	9.5490277E-001
0.089	9.5470077E-001
0.09	9.5384729E-001
0.091	9.5363539E-001
0.092	9.5279658E-001
0.093	9.5259506E-001
0.094	9.5176607E-001
0.095	9.5156485E-001
0.096	9.5075238E-001
0.097	9.5055151E-001
0.098	9.4975048E-001
0.099	9.4953978E-001
0.1	9.4875020E-001
0.101	9.4854957E-001
0.102	9.4777757E-001
0.103	9.4757694E-001
0.104	9.4680774E-001
0.105	9.4660765E-001
0.106	9.4584799E-001
0.107	9.4564772E-001
0.108	9.4489688E-001
0.109	9.4469702E-001
0.11	9.4396448E-001
0.111	9.4375479E-001
0.112	9.4303012E-001
0.113	9.4231063E-001
0.114	9.4211155E-001
0.115	9.4140124E-001
0.116	9.4120240E-001
0.117	9.4048947E-001
0.118	9.3979281E-001
0.119	9.3959409E-001
0.12	9.3890387E-001
0.121	9.3870509E-001
0.122	9.3802094E-001
0.123	9.3733239E-001
0.124	9.3713415E-001
0.125	9.3646097E-001
0.126	9.3579322E-001
0.127	9.3559539E-001
0.128	9.3493247E-001
0.129	9.3427444E-001
0.13	9.3408686E-001
0.131	9.3343395E-001
0.132	9.3278480E-001
0.133	9.3258756E-001
0.134	9.3194336E-001
0.135	9.3131304E-001
0.136	9.3111622E-001
0.137	9.3048012E-001
0.138	9.2985791E-001
0.139	9.2966133E-001
0.14	9.2903304E-001
0.141	9.2840904E-001
0.142	9.2779732E-001
0.143	9.2760104E-001
0.144	9.2699343E-001
0.145	9.2637902E-001
0.146	9.2619294E-001
0.147	9.2559183E-001
0.148	9.2497396E-001
0.149	9.2437863E-001
0.15	9.2419285E-001
0.151	9.2360091E-001
0.152	9.2300171E-001
0.153	9.2241514E-001
0.154	9.2183077E-001
0.155	9.2164570E-001
0.156	9.2105448E-001
0.157	9.2047560E-001
0.158	9.1988903E-001
0.159	9.1932505E-001
0.16	9.1913056E-001
0.161	9.1856873E-001
0.162	9.1798908E-001
0.163	9.1743171E-001
0.164	9.1685659E-001
0.165	9.1630346E-001
0.166	9.1611928E-001
0.167	9.1554809E-001
0.168	9.1498834E-001
0.169	9.1444147E-001
0.17	9.1388518E-001
0.171	9.1334212E-001
0.172	9.1278970E-001
0.173	9.1260618E-001
0.174	9.1204590E-001
0.175	9.1150653E-001
0.176	9.1097039E-001
0.177	9.1042459E-001
0.178	9.0988040E-001
0.179	9.0933776E-001
0.18	9.0881759E-001
0.181	9.0827799E-001
0.182	9.0774906E-001
0.183	9.0721220E-001
0.184	9.0668619E-001
0.185	9.0650409E-001
0.186	9.0597934E-001
0.187	9.0544659E-001
0.188	9.0492451E-001
0.189	9.0440392E-001
0.19	9.0388441E-001
0.191	9.0336585E-001
0.192	9.0283918E-001
0.193	9.0233278E-001
0.194	9.0181798E-001
0.195	9.0130407E-001
0.196	9.0079141E-001
0.197	9.0027970E-001
0.198	8.9976901E-001
0.199	8.9926922E-001
0.2	8.9874798E-001
0.201	8.9824003E-001
0.202	8.9774311E-001
0.203	8.9723420E-001
0.204	8.9672929E-001
0.205	8.9623481E-001
0.206	8.9572847E-001
0.207	8.9522636E-001
0.208	8.9440084E-001
0.209	8.9389747E-001
0.21	8.9340818E-001
0.211	8.9290625E-001
0.212	8.9241832E-001
0.213	8.9192712E-001
0.214	8.9142764E-001
0.215	8.9094204E-001
0.216	8.9044362E-001
0.217	8.8995504E-001
0.218	8.8947195E-001
0.219	8.8867199E-001
0.22	8.8818598E-001
0.221	8.8769156E-001
0.222	8.8720661E-001
0.223	8.8672262E-001
0.224	8.8623905E-001
0.225	8.8574684E-001
0.226	8.8495082E-001
0.227	8.8446939E-001
0.228	8.8398838E-001
0.229	8.8350803E-001
0.23	8.8302308E-001
0.231	8.8254362E-001
0.232	8.8175386E-001
0.233	8.8126093E-001
0.234	8.8079280E-001
0.235	8.8032490E-001
0.236	8.7983346E-001
0.237	8.7904286E-001
0.238	8.7857676E-001
0.239	8.7808621E-001
0.24	8.7762100E-001
0.241	8.7714094E-001
0.242	8.7636364E-001
0.243	8.7588423E-001
0.244	8.7543565E-001
0.245	8.7495732E-001
0.246	8.7416762E-001
0.247	8.7368983E-001
0.248	8.7322170E-001
0.249	8.7274462E-001
0.25	8.7195730E-001
0.251	8.7148994E-001
0.252	8.7102276E-001
0.253	8.7023735E-001
0.254	8.6975509E-001
0.255	8.6928892E-001
0.256	8.6882311E-001
0.257	8.6803246E-001
0.258	8.6756724E-001
0.259	8.6708623E-001
0.26	8.6630559E-001
0.261	8.6584121E-001
0.262	8.6536980E-001
0.263	8.6459720E-001
0.264	8.6412621E-001
0.265	8.6365551E-001
0.266	8.6286050E-001
0.267	8.6238980E-001
0.268	8.6159474E-001
0.269	8.6112481E-001
0.27	8.6065435E-001
0.271	8.5986906E-001
0.272	8.5939926E-001
0.273	8.5892189E-001
0.274	8.5813677E-001
0.275	8.5765016E-001
0.276	8.5687441E-001
0.277	8.5638797E-001
0.278	8.5592735E-001
0.279	8.5513461E-001
0.28	8.5465753E-001
0.281	8.5386437E-001
0.282	8.5338724E-001
0.283	8.5257661E-001
0.284	8.5210830E-001
0.285	8.5128033E-001
0.286	8.5081190E-001
0.287	8.5032606E-001
0.288	8.4950626E-001
0.289	8.4902847E-001
0.29	8.4819973E-001
0.291	8.4773093E-001
0.292	8.4691006E-001
0.293	8.4643233E-001
0.294	8.4561038E-001
0.295	8.4513241E-001
0.296	8.4428358E-001
0.297	8.4380537E-001
0.298	8.4297335E-001
0.299	8.4247679E-001
0.3	8.4163463E-001
0.301	8.4079206E-001
0.302	8.4029466E-001
0.303	8.3945090E-001
0.304	8.3896196E-001
0.305	8.3809870E-001
0.306	8.3759111E-001
0.307	8.3673555E-001
0.308	8.3624578E-001
0.309	8.3535230E-001
0.31	8.3448499E-001
0.311	8.3397567E-001
0.312	8.3309788E-001
0.313	8.3259702E-001
0.314	8.3170813E-001
0.315	8.3080000E-001
0.316	8.3029759E-001
0.317	8.2939613E-001
0.318	8.2887453E-001
0.319	8.2795280E-001
0.32	8.2702988E-001
0.321	8.2651544E-001
0.322	8.2557178E-001
0.323	8.2463586E-001
0.324	8.2411975E-001
0.325	8.2316273E-001
0.326	8.2221270E-001
0.327	8.2165760E-001
0.328	8.2070553E-001
0.329	8.1973284E-001
0.33	8.1917584E-001
0.331	8.1819069E-001
0.332	8.1720382E-001
0.333	8.1665361E-001
0.334	8.1564546E-001
0.335	8.1461579E-001
0.336	8.1404465E-001
0.337	8.1302130E-001
0.338	8.1199640E-001
0.339	8.1093925E-001
0.34	8.1035441E-001
0.341	8.0927497E-001
0.342	8.0821341E-001
0.343	8.0711079E-001
0.344	8.0651194E-001
0.345	8.0542630E-001
0.346	8.0428809E-001
0.347	8.0317628E-001
0.348	8.0255455E-001
0.349	8.0141979E-001
0.35	8.0024362E-001
0.351	7.9906493E-001
0.352	7.9787290E-001
0.353	7.9723555E-001
0.354	7.9602063E-001
0.355	7.9479182E-001
0.356	7.9356110E-001
0.357	7.9230797E-001
0.358	7.9102075E-001
0.359	7.9032618E-001
0.36	7.8901541E-001
0.361	7.8770250E-001
0.362	7.8635532E-001
0.363	7.8500599E-001
0.364	7.8362197E-001
0.365	7.8286922E-001
0.366	7.8146142E-001
0.367	7.8003114E-001
0.368	7.7858639E-001
0.369	7.7707809E-001
0.37	7.7557564E-001
0.371	7.7405053E-001
0.372	7.7248210E-001
0.373	7.7089924E-001
0.374	7.7005982E-001
0.375	7.6841223E-001
0.376	7.6681107E-001
0.377	7.6508498E-001
0.378	7.6336473E-001
0.379	7.6160097E-001
0.38	7.5980216E-001
0.381	7.5800115E-001
0.382	7.5608248E-001
0.383	7.5420362E-001
0.384	7.5224811E-001
0.385	7.5024945E-001
0.386	7.4817526E-001
0.387	7.4610686E-001
0.388	7.4399585E-001
0.389	7.4180144E-001
0.39	7.3957258E-001
0.391	7.3726809E-001
0.392	7.3492181E-001
0.393	7.3250830E-001
0.394	7.3004597E-001
0.395	7.2747588E-001
0.396	7.2486520E-001
0.397	7.2214007E-001
0.398	7.1937507E-001
0.399	7.1654534E-001
0.4	7.1359551E-001
0.401	7.1057415E-001
0.402	7.0748234E-001
0.403	7.0424026E-001
0.404	7.0092916E-001
0.405	6.9746226E-001
0.406	6.9389653E-001
0.407	6.9022536E-001
0.408	6.8641049E-001
0.409	6.8241441E-001
0.41	6.7625177E-001
0.411	6.7191476E-001
0.412	6.6737330E-001
0.413	6.6270202E-001
0.414	6.5783340E-001
0.415	6.5268737E-001
0.416	6.4743710E-001
0.417	6.4192039E-001
0.418	6.3615048E-001
0.419	6.2710297E-001
0.42	6.2066519E-001
0.421	6.1400962E-001
0.422	6.0703588E-001
0.423	5.9975624E-001
0.424	5.9215528E-001
0.425	5.8026057E-001
0.426	5.7186437E-001
0.427	5.6314719E-001
0.428	5.5420828E-001
0.429	5.4493719E-001
0.43	5.3543949E-001
0.431	5.2084994E-001
0.432	5.1091623E-001
0.433	5.0118864E-001
0.434	4.9257565E-001
0.435	4.7229615E-001
0.436	4.5999101E-001
0.437	4.4797480E-001
0.438	4.3620518E-001
0.439	4.2468446E-001
0.44	4.0791872E-001
0.441	3.9709818E-001
0.442	3.8657862E-001
0.443	3.7637648E-001
0.444	3.6169326E-001
0.445	3.5230073E-001
0.446	3.4323713E-001
0.447	3.3024400E-001
0.448	3.2196218E-001
0.449	3.1398657E-001
0.45	3.0630124E-001
0.451	2.9531017E-001
0.452	2.8831124E-001
0.453	2.8156719E-001
0.454	2.7191955E-001
0.455	2.6577052E-001
0.456	2.5983822E-001
0.457	2.5134325E-001
0.458	2.4592023E-001
0.459	2.4068367E-001
0.46	2.3317067E-001
0.461	2.2836675E-001
0.462	2.2372261E-001
0.463	2.1704757E-001
0.464	2.1276934E-001
0.465	2.0661448E-001
0.466	2.0266487E-001
0.467	1.9883855E-001
0.468	1.9332244E-001
0.469	1.8977745E-001
0.47	1.8633577E-001
0.471	1.8137144E-001
0.472	1.7817344E-001
0.473	1.7355365E-001
0.474	1.7057638E-001
0.475	1.6627124E-001
0.476	1.6349275E-001
0.477	1.6078785E-001
0.478	1.5687108E-001
0.479	1.5434049E-001
0.48	1.5067272E-001
0.481	1.4829822E-001
0.482	1.4485963E-001
0.483	1.4263082E-001
0.484	1.3939703E-001
0.485	1.3729973E-001
0.486	1.3425687E-001
0.487	1.3228248E-001
0.488	1.2941390E-001
0.489	1.2755178E-001
0.49	1.2484290E-001
0.491	1.2308279E-001
0.492	1.2052292E-001
0.493	1.1885776E-001
0.494	1.1643504E-001
0.495	1.1485844E-001
0.496	1.1256191E-001
0.497	1.1106677E-001
0.498	1.0888829E-001
0.499	1.0746828E-001
0.5	1.0539901E-001
0.501	1.0405013E-001
0.502	1.0208198E-001
0.503	1.0017333E-001
0.504	9.8926954E-002
0.505	9.7107746E-002
0.506	9.5919997E-002
0.507	9.4186515E-002
0.508	9.3053326E-002
0.509	9.1400221E-002
0.51	8.9791097E-002
0.511	8.8739239E-002
0.512	8.7202244E-002
0.513	8.6196095E-002
0.514	8.4727317E-002
0.515	8.3295874E-002
0.516	8.2358621E-002
0.517	8.0988906E-002
0.518	7.9653703E-002
0.519	7.8778446E-002
0.52	7.7498756E-002
0.521	7.6250449E-002
0.522	7.5432457E-002
0.523	7.4234650E-002
0.524	7.3066458E-002
0.525	7.2299853E-002
0.526	7.1177594E-002
0.527	7.0081733E-002
0.528	6.9361515E-002
0.529	6.8308659E-002
0.53	6.7279115E-002
0.531	6.6602565E-002
0.532	6.5611832E-002
0.533	6.4643741E-002
0.534	6.3697375E-002
0.535	6.3074760E-002
0.536	6.2162738E-002
0.537	6.1270576E-002
0.538	6.0397565E-002
0.539	5.9823044E-002
0.54	5.8981046E-002
0.541	5.8157403E-002
0.542	5.7350341E-002
0.543	5.6819234E-002
0.544	5.6039922E-002
0.545	5.5277262E-002
0.546	5.4530155E-002
0.547	5.3797595E-002
0.548	5.3315111E-002
0.549	5.2607425E-002
0.55	5.1913701E-002
0.551	5.1233709E-002
0.552	5.0566934E-002
0.553	5.0126575E-002
0.554	4.9481135E-002
0.555	4.8848756E-002
0.556	4.8227761E-002
0.557	4.7618575E-002
0.558	4.7021326E-002
0.559	4.6626128E-002
0.56	4.6047319E-002
0.561	4.5478687E-002
0.562	4.4920873E-002
0.563	4.4373222E-002
0.564	4.3835167E-002
0.565	4.3307200E-002
0.566	4.2788520E-002
0.567	4.2279113E-002
0.568	4.1941650E-002
0.569	4.1447181E-002
0.57	4.0961187E-002
0.571	4.0483672E-002
0.572	4.0014368E-002
0.573	3.9553106E-002
0.574	3.9099835E-002
0.575	3.8654096E-002
0.576	3.8215876E-002
0.577	3.7784889E-002
0.578	3.7361167E-002
0.579	3.6944818E-002
0.58	3.6534894E-002
0.581	3.6131632E-002
0.582	3.5735015E-002
0.583	3.5344753E-002
0.584	3.4961108E-002
0.585	3.4583196E-002
0.586	3.4332279E-002
0.587	3.3964757E-002
0.588	3.3602554E-002
0.589	3.3246052E-002
0.59	3.2781929E-002
0.591	3.2438137E-002
0.592	3.2099616E-002
0.593	3.1766653E-002
0.594	3.1438429E-002
0.595	3.1115137E-002
0.596	3.0797031E-002
0.597	3.0483415E-002
0.598	3.0174710E-002
0.599	2.9870309E-002
0.6	2.9570712E-002
0.601	2.9275177E-002
0.602	2.8984237E-002
0.603	2.8697204E-002
0.604	2.8414384E-002
0.605	2.8135834E-002
0.606	2.7861072E-002
0.607	2.7502833E-002
0.608	2.7237300E-002
0.609	2.6975270E-002
0.61	2.6717106E-002
0.611	2.6462248E-002
0.612	2.6211267E-002
0.613	2.5963472E-002
0.614	2.5719266E-002
0.615	2.5478214E-002
0.616	2.5163824E-002
0.617	2.4930559E-002
0.618	2.4700204E-002
0.619	2.4473147E-002
0.62	2.4248904E-002
0.621	2.4027582E-002
0.622	2.3739181E-002
0.623	2.3524623E-002
0.624	2.3312880E-002
0.625	2.3104155E-002
0.626	2.2897862E-002
0.627	2.2628957E-002
0.628	2.2428840E-002
0.629	2.2231217E-002
0.63	2.2036390E-002
0.631	2.1843767E-002
0.632	2.1592403E-002
0.633	2.1405654E-002
0.634	2.1220943E-002
0.635	2.1038607E-002
0.636	2.0800775E-002
0.637	2.0623615E-002
0.638	2.0448638E-002
0.639	2.0275775E-002
0.64	2.0050336E-002
0.641	1.9882314E-002
0.642	1.9716341E-002
0.643	1.9552361E-002
0.644	1.9338496E-002
0.645	1.9179026E-002
0.646	1.9021433E-002
0.647	1.8815894E-002
0.648	1.8662611E-002
0.649	1.8511085E-002
0.65	1.8313259E-002
0.651	1.8165885E-002
0.652	1.8020114E-002
0.653	1.7830012E-002
0.654	1.7688150E-002
0.655	1.7547907E-002
0.656	1.7364737E-002
0.657	1.7228184E-002
0.658	1.7093146E-002
0.659	1.6916776E-002
0.66	1.6785253E-002
0.661	1.6655190E-002
0.662	1.6485471E-002
0.663	1.6358528E-002
0.664	1.6193099E-002
0.665	1.6069587E-002
0.666	1.5947228E-002
0.667	1.5787790E-002
0.668	1.5668489E-002
0.669	1.5513016E-002
0.67	1.5396695E-002
0.671	1.5245093E-002
0.672	1.5131628E-002
0.673	1.5019516E-002
0.674	1.4873042E-002
0.675	1.4763684E-002
0.676	1.4620778E-002
0.677	1.4513895E-002
0.678	1.4374568E-002
0.679	1.4270253E-002
0.68	1.4134137E-002
0.681	1.4032442E-002
0.682	1.3899549E-002
0.683	1.3800109E-002
0.684	1.3670363E-002
0.685	1.3573403E-002
0.686	1.3446688E-002
0.687	1.3351833E-002
0.688	1.3228066E-002
0.689	1.3135398E-002
0.69	1.3014608E-002
0.691	1.2924092E-002
0.692	1.2805938E-002
0.693	1.2717449E-002
0.694	1.2601983E-002
0.695	1.2515522E-002
0.696	1.2402656E-002
0.697	1.2318096E-002
0.698	1.2207775E-002
0.699	1.2098849E-002
0.7	1.2017104E-002
0.701	1.1910602E-002
0.702	1.1830771E-002
0.703	1.1726605E-002
0.704	1.1648521E-002
0.705	1.1546492E-002
0.706	1.1445881E-002
0.707	1.1370434E-002
0.708	1.1271969E-002
0.709	1.1198026E-002
0.71	1.1101701E-002
0.711	1.1006534E-002
0.712	1.0935051E-002
0.713	1.0841900E-002
0.714	1.0749870E-002
0.715	1.0680726E-002
0.716	1.0590657E-002
0.717	1.0501530E-002
0.718	1.0434637E-002
0.719	1.0347475E-002
0.72	1.0261230E-002
0.721	1.0196627E-002
0.722	1.0112162E-002
0.723	1.0028790E-002
0.724	9.9660996E-003
0.725	9.8843258E-003
0.726	9.8036062E-003
0.727	9.7237267E-003
0.728	9.6637085E-003
0.729	9.5854271E-003
0.73	9.5080296E-003
0.731	9.4499011E-003
0.732	9.3740504E-003
0.733	9.2991600E-003
0.734	9.2249904E-003
0.735	9.1692843E-003
0.736	9.0966048E-003
0.737	9.0247141E-003
0.738	8.9536309E-003
0.739	8.9002028E-003
0.74	8.8304142E-003
0.741	8.7615633E-003
0.742	8.6933123E-003
0.743	8.6258799E-003
0.744	8.5751927E-003
0.745	8.5090511E-003
0.746	8.4436256E-003
0.747	8.3788158E-003
0.748	8.3147958E-003
0.749	8.2514668E-003
0.75	8.2037337E-003
0.751	8.1415810E-003
0.752	8.0801081E-003
0.753	8.0191940E-003
0.754	7.9590119E-003
0.755	7.8993626E-003
0.756	7.8545455E-003
0.757	7.7959979E-003
0.758	7.7381460E-003
0.759	7.6808287E-003
0.76	7.6240976E-003
0.761	7.5680292E-003
0.762	7.5124688E-003
0.763	7.4575450E-003
0.764	7.4031055E-003
0.765	7.3621068E-003
0.766	7.3086419E-003
0.767	7.2557223E-003
0.768	7.2034257E-003
0.769	7.1515739E-003
0.77	7.1002319E-003
0.771	7.0494064E-003
0.772	6.9990940E-003
0.773	6.9493009E-003
0.774	6.8999841E-003
0.775	6.8511572E-003
0.776	6.8028066E-003
0.777	6.7549432E-003
0.778	6.7075519E-003
0.779	6.6606198E-003
0.78	6.6141309E-003
0.781	6.5680481E-003
0.782	6.5224660E-003
0.783	6.4773341E-003
0.784	6.4326203E-003
0.785	6.3883644E-003
0.786	6.3444506E-003
0.787	6.3010147E-003
0.788	6.2579340E-003
0.789	6.2153288E-003
0.79	6.1730687E-003
0.791	6.1312662E-003
0.792	6.0897982E-003
0.793	6.0487804E-003
0.794	6.0080844E-003
0.795	5.9678308E-003
0.796	5.9278817E-003
0.797	5.8883177E-003
0.798	5.8491044E-003
0.799	5.8103320E-003
0.8	5.7718530E-003
0.801	5.7337177E-003
0.802	5.6870407E-003
0.803	5.6496859E-003
0.804	5.6126621E-003
0.805	5.5759898E-003
0.806	5.5396436E-003
0.807	5.5036261E-003
0.808	5.4679322E-003
0.809	5.4325568E-003
0.81	5.3892620E-003
0.811	5.3545409E-003
0.812	5.3201765E-003
0.813	5.2861129E-003
0.814	5.2523660E-003
0.815	5.2188504E-003
0.816	5.1856982E-003
0.817	5.1451027E-003
0.818	5.1125339E-003
0.819	5.0803078E-003
0.82	5.0483029E-003
0.821	5.0166398E-003
0.822	4.9778097E-003
0.823	4.9467040E-003
0.824	4.9159168E-003
0.825	4.8853313E-003
0.826	4.8550107E-003
0.827	4.8179720E-003
0.828	4.7882213E-003
0.829	4.7587347E-003
0.83	4.7294958E-003
0.831	4.6937205E-003
0.832	4.6650325E-003
0.833	4.6365852E-003
0.834	4.6083713E-003
0.835	4.5738542E-003
0.836	4.5461734E-003
0.837	4.5187147E-003
0.838	4.4914871E-003
0.839	4.4581727E-003
0.84	4.4314549E-003
0.841	4.4048964E-003
0.842	4.3724654E-003
0.843	4.3464508E-003
0.844	4.3205931E-003
0.845	4.2890175E-003
0.846	4.2636865E-003
0.847	4.2385026E-003
0.848	4.2077526E-003
0.849	4.1830214E-003
0.85	4.1585364E-003
0.851	4.1285404E-003
0.852	4.1044489E-003
0.853	4.0805941E-003
0.854	4.0513626E-003
0.855	4.0278933E-003
0.856	4.0045958E-003
0.857	3.9761607E-003
0.858	3.9532860E-003
0.859	3.9252997E-003
0.86	3.9028204E-003
0.861	3.8805206E-003
0.862	3.8532484E-003
0.863	3.8313302E-003
0.864	3.8045235E-003
0.865	3.7829867E-003
0.866	3.7616109E-003
0.867	3.7354829E-003
0.868	3.7144346E-003
0.869	3.6887447E-003
0.87	3.6680968E-003
0.871	3.6428554E-003
0.872	3.6225163E-003
0.873	3.6023743E-003
0.874	3.5777073E-003
0.875	3.5578976E-003
0.876	3.5336895E-003
0.877	3.5141844E-003
0.878	3.4903295E-003
0.879	3.4711880E-003
0.88	3.4477364E-003
0.881	3.4288731E-003
0.882	3.4058557E-003
0.883	3.3872961E-003
0.884	3.3646245E-003
0.885	3.3463773E-003
0.886	3.3240747E-003
0.887	3.3061258E-003
0.888	3.2842231E-003
0.889	3.2665322E-003
0.89	3.2449903E-003
0.891	3.2236008E-003
0.892	3.2063515E-003
0.893	3.1853495E-003
0.894	3.1683771E-003
0.895	3.1476740E-003
0.896	3.1310094E-003
0.897	3.1106449E-003
0.898	3.0904536E-003
0.899	3.0741647E-003
0.9	3.0543045E-003
0.901	3.0382653E-003
0.902	3.0187247E-003
0.903	2.9993113E-003
0.904	2.9837014E-003
0.905	2.9645984E-003
0.906	2.9491954E-003
0.907	2.9304235E-003
0.908	2.9117768E-003
0.909	2.8967550E-003
0.91	2.8784287E-003
0.911	2.8602378E-003
0.912	2.8455644E-003
0.913	2.8276555E-003
0.914	2.8099196E-003
0.915	2.7956043E-003
0.916	2.7781099E-003
0.917	2.7607831E-003
0.918	2.7467636E-003
0.919	2.7297260E-003
0.92	2.7127822E-003
0.921	2.6991034E-003
0.922	2.6824316E-003
0.923	2.6658946E-003
0.924	2.6495000E-003
0.925	2.6362399E-003
0.926	2.6200889E-003
0.927	2.6040736E-003
0.928	2.5881671E-003
0.929	2.5753451E-003
0.93	2.5596644E-003
0.931	2.5441470E-003
0.932	2.5287587E-003
0.933	2.5163130E-003
0.934	2.5011278E-003
0.935	2.4860534E-003
0.936	2.4711338E-003
0.937	2.4590706E-003
0.938	2.4443376E-003
0.939	2.4297636E-003
0.94	2.4152643E-003
0.941	2.4008940E-003
0.942	2.3892862E-003
0.943	2.3751168E-003
0.944	2.3610669E-003
0.945	2.3471247E-003
0.946	2.3332962E-003
0.947	2.3195785E-003
0.948	2.3084716E-003
0.949	2.2949444E-003
0.95	2.2815221E-003
0.951	2.2682140E-003
0.952	2.2550062E-003
0.953	2.2418778E-003
0.954	2.2288768E-003
0.955	2.2183489E-003
0.956	2.2055279E-003
0.957	2.1927883E-003
0.958	2.1801693E-003
0.959	2.1676477E-003
0.96	2.1551957E-003
0.961	2.1428647E-003
0.962	2.1306034E-003
0.963	2.1184431E-003
0.964	2.1063930E-003
0.965	2.0944190E-003
0.966	2.0847276E-003
0.967	2.0729133E-003
0.968	2.0611852E-003
0.969	2.0495539E-003
0.97	2.0380078E-003
0.971	2.0265405E-003
0.972	2.0151683E-003
0.973	2.0038816E-003
0.974	1.9926773E-003
0.975	1.9815573E-003
0.976	1.9705193E-003
0.977	1.9595434E-003
0.978	1.9486696E-003
0.979	1.9378752E-003
0.98	1.9271439E-003
0.981	1.9165084E-003
0.982	1.9059330E-003
0.983	1.8954516E-003
0.984	1.8850330E-003
0.985	1.8747154E-003
0.986	1.8644631E-003
0.987	1.8542708E-003
0.988	1.8441471E-003
0.989	1.8341014E-003
0.99	1.8241467E-003
0.991	1.8142494E-003
0.992	1.8026322E-003
0.993	1.7928841E-003
0.994	1.7832117E-003
0.995	1.7736021E-003
0.996	1.7640664E-003
0.997	1.7545966E-003
0.998	1.7451989E-003
0.999	1.7358619E-003
1	1.7265945E-003
1.001	1.7173792E-003
1.002	1.7082368E-003
1.003	1.6975228E-003
1.004	1.6885070E-003
1.005	1.6795797E-003
1.006	1.6706868E-003
1.007	1.6618780E-003
1.008	1.6531339E-003
1.009	1.6444291E-003
1.01	1.6342275E-003
1.011	1.6256598E-003
1.012	1.6171595E-003
1.013	1.6087146E-003
1.014	1.6003187E-003
1.015	1.5919990E-003
1.016	1.5822100E-003
1.017	1.5740104E-003
1.018	1.5658463E-003
1.019	1.5577629E-003
1.02	1.5497197E-003
1.021	1.5402735E-003
1.022	1.5323523E-003
1.023	1.5244833E-003
1.024	1.5166693E-003
1.025	1.5075017E-003
1.026	1.4997838E-003
1.027	1.4921352E-003
1.028	1.4845253E-003
1.029	1.4756176E-003
1.03	1.4681317E-003
1.031	1.4606785E-003
1.032	1.4532950E-003
1.033	1.4446201E-003
1.034	1.4373272E-003
1.035	1.4300806E-003
1.036	1.4216055E-003
1.037	1.4144601E-003
1.038	1.4073650E-003
1.039	1.4003183E-003
1.04	1.3920659E-003
1.041	1.3851169E-003
1.042	1.3782295E-003
1.043	1.3701328E-003
1.044	1.3633270E-003
1.045	1.3565668E-003
1.046	1.3486535E-003
1.047	1.3419882E-003
1.048	1.3353555E-003
1.049	1.3276023E-003
1.05	1.3210744E-003
1.051	1.3134175E-003
1.052	1.3069821E-003
1.053	1.3005763E-003
1.054	1.2930871E-003
1.055	1.2867717E-003
1.056	1.2805086E-003
1.057	1.2731561E-003
1.058	1.2669680E-003
1.059	1.2597312E-003
1.06	1.2536250E-003
1.061	1.2475649E-003
1.062	1.2404579E-003
1.063	1.2344769E-003
1.064	1.2274735E-003
1.065	1.2221035E-003
1.066	1.2151861E-003
1.067	1.2093628E-003
1.068	1.2025435E-003
1.069	1.1968055E-003
1.07	1.1900663E-003
1.071	1.1844006E-003
1.072	1.1787721E-003
1.073	1.1721781E-003
1.074	1.1666241E-003
1.075	1.1601100E-003
1.076	1.1546293E-003
1.077	1.1482035E-003
1.078	1.1427851E-003
1.079	1.1364580E-003
1.08	1.1311115E-003
1.081	1.1248544E-003
1.082	1.1186454E-003
1.083	1.1134212E-003
1.084	1.1072952E-003
1.085	1.1021239E-003
1.086	1.0960774E-003
1.087	1.0909807E-003
1.088	1.0850122E-003
1.089	1.0799799E-003
1.09	1.0740906E-003
1.091	1.0691242E-003
1.092	1.0633152E-003
1.093	1.0575437E-003
1.094	1.0526697E-003
1.095	1.0469733E-003
1.096	1.0421695E-003
1.097	1.0365389E-003
1.098	1.0309591E-003
1.099	1.0262411E-003
1.1	1.0207333E-003
1.101	1.0160861E-003
1.102	1.0106376E-003
1.103	1.0052292E-003
1.104	1.0006651E-003
1.105	9.9533121E-004
1.106	9.9002826E-004
1.107	9.8555302E-004
1.108	9.8031748E-004
1.109	9.7511860E-004
1.11	9.7072974E-004
1.111	9.6559821E-004
1.112	9.6050050E-004
1.113	9.5619791E-004
1.114	9.5115916E-004
1.115	9.4616454E-004
1.116	9.4194576E-004
1.117	9.3699776E-004
1.118	9.3209866E-004
1.119	9.2723034E-004
1.12	9.2310301E-004
1.121	9.1830053E-004
1.122	9.1351435E-004
1.123	9.0948056E-004
1.124	9.0475532E-004
1.125	9.0007414E-004
1.126	8.9541462E-004
1.127	8.9147175E-004
1.128	8.8686775E-004
1.129	8.8230451E-004
1.13	8.7776245E-004
1.131	8.7325118E-004
1.132	8.6943735E-004
1.133	8.6497905E-004
1.134	8.6055475E-004
1.135	8.5615576E-004
1.136	8.5178693E-004
1.137	8.4809412E-004
1.138	8.4377872E-004
1.139	8.3949108E-004
1.14	8.3522504E-004
1.141	8.3099323E-004
1.142	8.2741393E-004
1.143	8.2322693E-004
1.144	8.1907300E-004
1.145	8.1494241E-004
1.146	8.1083894E-004
1.147	8.0676377E-004
1.148	8.0270815E-004
1.149	7.9928560E-004
1.15	7.9527928E-004
1.151	7.9130218E-004
1.152	7.8735675E-004
1.153	7.8342797E-004
1.154	7.7952474E-004
1.155	7.7564729E-004
1.156	7.7179540E-004
1.157	7.6796702E-004
1.158	7.6472497E-004
1.159	7.6094159E-004
1.16	7.5718190E-004
1.161	7.5344869E-004
1.162	7.4972899E-004
1.163	7.4603973E-004
1.164	7.4237748E-004
1.165	7.3872932E-004
1.166	7.3510915E-004
1.167	7.3151523E-004
1.168	7.2793243E-004
1.169	7.2438421E-004
1.17	7.2084786E-004
1.171	7.1733509E-004
1.172	7.1384455E-004
1.173	7.1038428E-004
1.174	7.0693332E-004
1.175	7.0350576E-004
1.176	7.0010941E-004
1.177	6.9671957E-004
1.178	6.9336273E-004
1.179	6.9001940E-004
1.18	6.8669778E-004
1.181	6.8339560E-004
1.182	6.8010687E-004
1.183	6.7684648E-004
1.184	6.7360641E-004
1.185	6.7038339E-004
1.186	6.6718447E-004
1.187	6.6399859E-004
1.188	6.6083501E-004
1.189	6.5769348E-004
1.19	6.5456011E-004
1.191	6.5100350E-004
1.192	6.4791337E-004
1.193	6.4483791E-004
1.194	6.4179563E-004
1.195	6.3876191E-004
1.196	6.3575187E-004
1.197	6.3275447E-004
1.198	6.2977464E-004
1.199	6.2681275E-004
1.2	6.2344124E-004
1.201	6.2051759E-004
1.202	6.1761204E-004
1.203	6.1472086E-004
1.204	6.1185047E-004
1.205	6.0899614E-004
1.206	6.0616055E-004
1.207	6.0292782E-004
1.208	6.0011924E-004
1.209	5.9733569E-004
1.21	5.9456739E-004
1.211	5.9181405E-004
1.212	5.8907148E-004
1.213	5.8595592E-004
1.214	5.8324996E-004
1.215	5.8055873E-004
1.216	5.7788828E-004
1.217	5.7484029E-004
1.218	5.7220657E-004
1.219	5.6957989E-004
1.22	5.6696642E-004
1.221	5.6437153E-004
1.222	5.6141592E-004
1.223	5.5885699E-004
1.224	5.5630394E-004
1.225	5.5377430E-004
1.226	5.5088231E-004
1.227	5.4837868E-004
1.228	5.4589118E-004
1.229	5.4305745E-004
1.23	5.4059981E-004
1.231	5.3815049E-004
1.232	5.3572009E-004
1.233	5.3295470E-004
1.234	5.3055485E-004
1.235	5.2816229E-004
1.236	5.2544702E-004
1.237	5.2308314E-004
1.238	5.2073301E-004
1.239	5.1806669E-004
1.24	5.1574508E-004
1.241	5.1344140E-004
1.242	5.1081640E-004
1.243	5.0853839E-004
1.244	5.0626922E-004
1.245	5.0369650E-004
1.246	5.0145108E-004
1.247	4.9923017E-004
1.248	4.9669045E-004
1.249	4.9448793E-004
1.25	4.9199106E-004
1.251	4.8981304E-004
1.252	4.8765040E-004
1.253	4.8519045E-004
1.254	4.8305531E-004
1.255	4.8062007E-004
1.256	4.7850836E-004
1.257	4.7640919E-004
1.258	4.7401726E-004
1.259	4.7194207E-004
1.26	4.6957805E-004
1.261	4.6752198E-004
1.262	4.6519129E-004
1.263	4.6316002E-004
1.264	4.6114490E-004
1.265	4.5884951E-004
1.266	4.5685266E-004
1.267	4.5458387E-004
1.268	4.5261049E-004
1.269	4.5036897E-004
1.27	4.4841811E-004
1.271	4.4620232E-004
1.272	4.4427614E-004
1.273	4.4208523E-004
1.274	4.4018094E-004
1.275	4.3801646E-004
1.276	4.3613193E-004
1.277	4.3398814E-004
1.278	4.3212727E-004
1.279	4.3001209E-004
1.28	4.2816901E-004
1.281	4.2607728E-004
1.282	4.2399368E-004
1.283	4.2218671E-004
1.284	4.2012776E-004
1.285	4.1833692E-004
1.286	4.1630605E-004
1.287	4.1453689E-004
1.288	4.1252418E-004
1.289	4.1052830E-004
1.29	4.0878428E-004
1.291	4.0681296E-004
1.292	4.0509220E-004
1.293	4.0313893E-004
1.294	4.0119508E-004
1.295	3.9950406E-004
1.296	3.9758495E-004
1.297	3.9590921E-004
1.298	3.9401004E-004
1.299	3.9212118E-004
1.3	3.9047835E-004
1.301	3.8860939E-004
1.302	3.8675443E-004
1.303	3.8513646E-004
1.304	3.8330184E-004
1.305	3.8147403E-004
1.306	3.7988680E-004
1.307	3.7807896E-004
1.308	3.7628805E-004
1.309	3.7472328E-004
1.31	3.7294682E-004
1.311	3.7118496E-004
1.312	3.6964350E-004
1.313	3.6790076E-004
1.314	3.6616434E-004
1.315	3.6443979E-004
1.316	3.6293545E-004
1.317	3.6123011E-004
1.318	3.5953434E-004
1.319	3.5805182E-004
1.32	3.5637437E-004
1.321	3.5470535E-004
1.322	3.5304815E-004
1.323	3.5160314E-004
1.324	3.4995808E-004
1.325	3.4832838E-004
1.326	3.4670637E-004
1.327	3.4509200E-004
1.328	3.4368419E-004
1.329	3.4208942E-004
1.33	3.4049983E-004
1.331	3.3892054E-004
1.332	3.3735461E-004
1.333	3.3598559E-004
1.334	3.3443238E-004
1.335	3.3289075E-004
1.336	3.3135252E-004
1.337	3.2982937E-004
1.338	3.2849892E-004
1.339	3.2698744E-004
1.34	3.2548446E-004
1.341	3.2398812E-004
1.342	3.2250400E-004
1.343	3.2102928E-004
1.344	3.1956178E-004
1.345	3.1828211E-004
1.346	3.1682494E-004
1.347	3.1538139E-004
1.348	3.1394587E-004
1.349	3.1251431E-004
1.35	3.1109530E-004
1.351	3.0968036E-004
1.352	3.0827432E-004
1.353	3.0687929E-004
1.354	3.0548818E-004
1.355	3.0427409E-004
1.356	3.0289820E-004
1.357	3.0153155E-004
1.358	3.0017100E-004
1.359	2.9881758E-004
1.36	2.9747168E-004
1.361	2.9613354E-004
1.362	2.9480178E-004
1.363	2.9347939E-004
1.364	2.9216235E-004
1.365	2.9085507E-004
1.366	2.8955046E-004
1.367	2.8825543E-004
1.368	2.8696921E-004
1.369	2.8568867E-004
1.37	2.8441320E-004
1.371	2.8314584E-004
1.372	2.8188457E-004
1.373	2.8063252E-004
1.374	2.7938385E-004
1.375	2.7814231E-004
1.376	2.7691241E-004
1.377	2.7568405E-004
1.378	2.7446283E-004
1.379	2.7325179E-004
1.38	2.7204302E-004
1.381	2.7084365E-004
1.382	2.6964783E-004
1.383	2.6845912E-004
1.384	2.6727811E-004
1.385	2.6610299E-004
1.386	2.6479288E-004
1.387	2.6363129E-004
1.388	2.6247505E-004
1.389	2.6132603E-004
1.39	2.6018094E-004
1.391	2.5904333E-004
1.392	2.5791227E-004
1.393	2.5678598E-004
1.394	2.5566723E-004
1.395	2.5455133E-004
1.396	2.5331165E-004
1.397	2.5220891E-004
1.398	2.5111312E-004
1.399	2.5002315E-004
1.4	2.4893886E-004
1.401	2.4785995E-004
1.402	2.4672059E-004
1.403	2.4565260E-004
1.404	2.4459319E-004
1.405	2.4353825E-004
1.406	2.4248773E-004
1.407	2.4143915E-004
1.408	2.4027821E-004
1.409	2.3924482E-004
1.41	2.3821388E-004
1.411	2.3719091E-004
1.412	2.3617435E-004
1.413	2.3504060E-004
1.414	2.3403167E-004
1.415	2.3303155E-004
1.416	2.3203387E-004
1.417	2.3092535E-004
1.418	2.2994002E-004
1.419	2.2895879E-004
1.42	2.2798397E-004
1.421	2.2689665E-004
1.422	2.2593193E-004
1.423	2.2497142E-004
1.424	2.2401594E-004
1.425	2.2295343E-004
1.426	2.2200767E-004
1.427	2.2106794E-004
1.428	2.2013273E-004
1.429	2.1909071E-004
1.43	2.1816556E-004
1.431	2.1724465E-004
1.432	2.1622077E-004
1.433	2.1530986E-004
1.434	2.1440197E-004
1.435	2.1339257E-004
1.436	2.1249619E-004
1.437	2.1160347E-004
1.438	2.1061151E-004
1.439	2.0972661E-004
1.44	2.0884967E-004
1.441	2.0787201E-004
1.442	2.0700236E-004
1.443	2.0603390E-004
1.444	2.0517367E-004
1.445	2.0432007E-004
1.446	2.0336708E-004
1.447	2.0251982E-004
1.448	2.0167971E-004
1.449	2.0074101E-004
1.45	1.9990811E-004
1.451	1.9897902E-004
1.452	1.9815417E-004
1.453	1.9723586E-004
1.454	1.9641894E-004
1.455	1.9560650E-004
1.456	1.9470305E-004
1.457	1.9390022E-004
1.458	1.9300549E-004
1.459	1.9220950E-004
1.46	1.9132448E-004
1.461	1.9053608E-004
1.462	1.8966066E-004
1.463	1.8888293E-004
1.464	1.8801444E-004
1.465	1.8724537E-004
1.466	1.8638602E-004
1.467	1.8562291E-004
1.468	1.8477249E-004
1.469	1.8401889E-004
1.47	1.8326713E-004
1.471	1.8243105E-004
1.472	1.8159836E-004
1.473	1.8085903E-004
1.474	1.8003510E-004
1.475	1.7930305E-004
1.476	1.7848768E-004
1.477	1.7776340E-004
1.478	1.7695711E-004
1.479	1.7623779E-004
1.48	1.7544048E-004
1.481	1.7473087E-004
1.482	1.7394134E-004
1.483	1.7315373E-004
1.484	1.7245601E-004
1.485	1.7167661E-004
1.486	1.7098492E-004
1.487	1.7021527E-004
1.488	1.6944816E-004
1.489	1.6876728E-004
1.49	1.6800917E-004
1.491	1.6733399E-004
1.492	1.6658440E-004
1.493	1.6583716E-004
1.494	1.6517303E-004
1.495	1.6443404E-004
1.496	1.6369853E-004
1.497	1.6304415E-004
1.498	1.6231682E-004
1.499	1.6166954E-004
1.5	1.6094638E-004
1.501	1.6023268E-004
1.502	1.5959302E-004
1.503	1.5888385E-004
1.504	1.5817859E-004
1.505	1.5747544E-004
1.506	1.5685050E-004
1.507	1.5615630E-004
1.508	1.5546437E-004
1.509	1.5484798E-004
1.51	1.5416399E-004
1.511	1.5348266E-004
1.512	1.5280473E-004
1.513	1.5220277E-004
1.514	1.5153152E-004
1.515	1.5086388E-004
1.516	1.5026935E-004
1.517	1.4960850E-004
1.518	1.4895100E-004
1.519	1.4829758E-004
1.52	1.4771403E-004
1.521	1.4706673E-004
1.522	1.4642264E-004
1.523	1.4578199E-004
1.524	1.4514575E-004
1.525	1.4457617E-004
1.526	1.4394493E-004
1.527	1.4331787E-004
1.528	1.4269431E-004
1.529	1.4207118E-004
1.53	1.4151620E-004
1.531	1.4090160E-004
1.532	1.4028854E-004
1.533	1.3967999E-004
1.534	1.3907345E-004
1.535	1.3847183E-004
1.536	1.3793315E-004
1.537	1.3733550E-004
1.538	1.3674099E-004
1.539	1.3615038E-004
1.54	1.3556128E-004
1.541	1.3497788E-004
1.542	1.3439404E-004
1.543	1.3387534E-004
1.544	1.3329944E-004
1.545	1.3272554E-004
1.546	1.3215533E-004
1.547	1.3158721E-004
1.548	1.3102232E-004
1.549	1.3045935E-004
1.55	1.2990081E-004
1.551	1.2934467E-004
1.552	1.2879026E-004
1.553	1.2823995E-004
1.554	1.2769092E-004
1.555	1.2720136E-004
1.556	1.2665769E-004
1.557	1.2611797E-004
1.558	1.2558002E-004
1.559	1.2504504E-004
1.56	1.2451403E-004
1.561	1.2398382E-004
1.562	1.2345708E-004
1.563	1.2293228E-004
1.564	1.2241103E-004
1.565	1.2189191E-004
1.566	1.2137487E-004
1.567	1.2086069E-004
1.568	1.2034949E-004
1.569	1.1983990E-004
1.57	1.1933362E-004
1.571	1.1883078E-004
1.572	1.1832810E-004
1.573	1.1782956E-004
1.574	1.1733374E-004
1.575	1.1683912E-004
1.576	1.1634688E-004
1.577	1.1580863E-004
1.578	1.1532232E-004
1.579	1.1483756E-004
1.58	1.1435513E-004
1.581	1.1387561E-004
1.582	1.1339900E-004
1.583	1.1292428E-004
1.584	1.1245142E-004
1.585	1.1198180E-004
1.586	1.1151309E-004
1.587	1.1104778E-004
1.588	1.1058395E-004
1.589	1.1007659E-004
1.59	1.0961825E-004
1.591	1.0916178E-004
1.592	1.0870674E-004
1.593	1.0827839E-004
1.594	1.0782848E-004
1.595	1.0738021E-004
1.596	1.0688985E-004
1.597	1.0644640E-004
1.598	1.0600505E-004
1.599	1.0556522E-004
1.6	1.0512948E-004
1.601	1.0469450E-004
1.602	1.0421832E-004
1.603	1.0378753E-004
1.604	1.0335912E-004
1.605	1.0293223E-004
1.606	1.0250823E-004
1.607	1.0204406E-004
1.608	1.0162318E-004
1.609	1.0120623E-004
1.61	1.0078862E-004
1.611	1.0037530E-004
1.612	9.9922632E-005
1.613	9.9511577E-005
1.614	9.9103694E-005
1.615	9.8697237E-005
1.616	9.8253397E-005
1.617	9.7850541E-005
1.618	9.7451179E-005
1.619	9.7052463E-005
1.62	9.6616357E-005
1.621	9.6221906E-005
1.622	9.5830139E-005
1.623	9.5399606E-005
1.624	9.5011987E-005
1.625	9.4624731E-005
1.626	9.4239804E-005
1.627	9.3817565E-005
1.628	9.3436734E-005
1.629	9.3058457E-005
1.63	9.2642716E-005
1.631	9.2266884E-005
1.632	9.1892609E-005
1.633	9.1483766E-005
1.634	9.1113761E-005
1.635	9.0707494E-005
1.636	9.0340785E-005
1.637	8.9975947E-005
1.638	8.9576693E-005
1.639	8.9215733E-005
1.64	8.8855813E-005
1.641	8.8462562E-005
1.642	8.8105349E-005
1.643	8.7751825E-005
1.644	8.7363376E-005
1.645	8.7011729E-005
1.646	8.6627762E-005
1.647	8.6280023E-005
1.648	8.5900196E-005
1.649	8.5555614E-005
1.65	8.5213120E-005
1.651	8.4837440E-005
1.652	8.4498097E-005
1.653	8.4126346E-005
1.654	8.3790394E-005
1.655	8.3422230E-005
1.656	8.3089530E-005
1.657	8.2724844E-005
1.658	8.2395483E-005
1.659	8.2034756E-005
1.66	8.1707549E-005
1.661	8.1382866E-005
1.662	8.1027640E-005
1.663	8.0705213E-005
1.664	8.0352780E-005
1.665	8.0033438E-005
1.666	7.9685218E-005
1.667	7.9368940E-005
1.668	7.9024037E-005
1.669	7.8679863E-005
1.67	7.8369172E-005
1.671	7.8028250E-005
1.672	7.7719829E-005
1.673	7.7382167E-005
1.674	7.7076540E-005
1.675	7.6742348E-005
1.676	7.6440192E-005
1.677	7.6108889E-005
1.678	7.5809483E-005
1.679	7.5481432E-005
1.68	7.5155258E-005
1.681	7.4860334E-005
1.682	7.4537253E-005
1.683	7.4244439E-005
1.684	7.3923657E-005
1.685	7.3605319E-005
1.686	7.3316369E-005
1.687	7.3001014E-005
1.688	7.2715469E-005
1.689	7.2403105E-005
1.69	7.2091891E-005
1.691	7.1809889E-005
1.692	7.1502633E-005
1.693	7.1195471E-005
1.694	7.0917791E-005
1.695	7.0614769E-005
1.696	7.0312104E-005
1.697	7.0038383E-005
1.698	6.9739188E-005
1.699	6.9440954E-005
1.7	6.9170892E-005
1.701	6.8875692E-005
1.702	6.8582573E-005
1.703	6.8315523E-005
1.704	6.8024892E-005
1.705	6.7735542E-005
1.706	6.7447487E-005
1.707	6.7186760E-005
1.708	6.6901150E-005
1.709	6.6617038E-005
1.71	6.6359440E-005
1.711	6.6078450E-005
1.712	6.5798027E-005
1.713	6.5518820E-005
1.714	6.5266810E-005
1.715	6.4990440E-005
1.716	6.4715314E-005
1.717	6.4442545E-005
1.718	6.4170410E-005
1.719	6.3923500E-005
1.72	6.3653511E-005
1.721	6.3385101E-005
1.722	6.3118212E-005
1.723	6.2852268E-005
1.724	6.2611303E-005
1.725	6.2348168E-005
1.726	6.2086307E-005
1.727	6.1825129E-005
1.728	6.1565348E-005
1.729	6.1330109E-005
1.73	6.1072504E-005
1.731	6.0816899E-005
1.732	6.0573559E-005
1.733	6.0319853E-005
1.734	6.0067738E-005
1.735	5.9815997E-005
1.736	5.9588092E-005
1.737	5.9338752E-005
1.738	5.9091399E-005
1.739	5.8844558E-005
1.74	5.8599151E-005
1.741	5.8354577E-005
1.742	5.8111505E-005
1.743	5.7870449E-005
1.744	5.7651003E-005
1.745	5.7410605E-005
1.746	5.7171834E-005
1.747	5.6934536E-005
1.748	5.6698162E-005
1.749	5.6462908E-005
1.75	5.6229099E-005
1.751	5.5995999E-005
1.752	5.5763619E-005
1.753	5.5533361E-005
1.754	5.5303328E-005
1.755	5.5074364E-005
1.756	5.4846703E-005
1.757	5.4620490E-005
1.758	5.4394673E-005
1.759	5.4170287E-005
1.76	5.3946813E-005
1.761	5.3724823E-005
1.762	5.3503041E-005
1.763	5.3283016E-005
1.764	5.3063486E-005
1.765	5.2845833E-005
1.766	5.2628042E-005
1.767	5.2411982E-005
1.768	5.2196654E-005
1.769	5.1982195E-005
1.77	5.1769202E-005
1.771	5.1557003E-005
1.772	5.1345705E-005
1.773	5.1135525E-005
1.774	5.0925799E-005
1.775	5.0717517E-005
1.776	5.0510956E-005
1.777	5.0304279E-005
1.778	5.0098704E-005
1.779	4.9876238E-005
1.78	4.9672875E-005
1.781	4.9470153E-005
1.782	4.9268652E-005
1.783	4.9068254E-005
1.784	4.8867758E-005
1.785	4.8669230E-005
1.786	4.8471131E-005
1.787	4.8274054E-005
1.788	4.8061152E-005
1.789	4.7865495E-005
1.79	4.7671339E-005
1.791	4.7478105E-005
1.792	4.7285510E-005
1.793	4.7094345E-005
1.794	4.6903137E-005
1.795	4.6697176E-005
1.796	4.6507819E-005
1.797	4.6319634E-005
1.798	4.6132423E-005
1.799	4.5946737E-005
1.8	4.5745106E-005
1.801	4.5560464E-005
1.802	4.5375902E-005
1.803	4.5193283E-005
1.804	4.5011318E-005
1.805	4.4814395E-005
1.806	4.4633518E-005
1.807	4.4454540E-005
1.808	4.4275839E-005
1.809	4.4081862E-005
1.81	4.3905056E-005
1.811	4.3728662E-005
1.812	4.3553227E-005
1.813	4.3363580E-005
1.814	4.3189753E-005
1.815	4.3016575E-005
1.816	4.2844003E-005
1.817	4.2658008E-005
1.818	4.2486932E-005
1.819	4.2317435E-005
1.82	4.2133692E-005
1.821	4.1965130E-005
1.822	4.1797786E-005
1.823	4.1631043E-005
1.824	4.1450639E-005
1.825	4.1284991E-005
1.826	4.1121020E-005
1.827	4.0942592E-005
1.828	4.0779920E-005
1.829	4.0617393E-005
1.83	4.0442093E-005
1.831	4.0280946E-005
1.832	4.0121526E-005
1.833	3.9948438E-005
1.834	3.9789647E-005
1.835	3.9618157E-005
1.836	3.9461273E-005
1.837	3.9304803E-005
1.838	3.9135346E-005
1.839	3.8980459E-005
1.84	3.8813174E-005
1.841	3.8659684E-005
1.842	3.8506645E-005
1.843	3.8341757E-005
1.844	3.8190170E-005
1.845	3.8032431E-005
1.846	3.7882655E-005
1.847	3.7733498E-005
1.848	3.7571685E-005
1.849	3.7423786E-005
1.85	3.7263959E-005
1.851	3.7116977E-005
1.852	3.6958205E-005
1.853	3.6812809E-005
1.854	3.6655714E-005
1.855	3.6511759E-005
1.856	3.6356018E-005
1.857	3.6213234E-005
1.858	3.6059129E-005
1.859	3.5917656E-005
1.86	3.5764609E-005
1.861	3.5624646E-005
1.862	3.5473051E-005
1.863	3.5334233E-005
1.864	3.5184468E-005
1.865	3.5046807E-005
1.866	3.4898305E-005
1.867	3.4761746E-005
1.868	3.4614513E-005
1.869	3.4478850E-005
1.87	3.4332716E-005
1.871	3.4199355E-005
1.872	3.4054236E-005
1.873	3.3910630E-005
1.874	3.3778040E-005
1.875	3.3635675E-005
1.876	3.3504770E-005
1.877	3.3363205E-005
1.878	3.3222314E-005
1.879	3.3093107E-005
1.88	3.2953885E-005
1.881	3.2825992E-005
1.882	3.2687447E-005
1.883	3.2550270E-005
1.884	3.2423432E-005
1.885	3.2287437E-005
1.886	3.2162487E-005
1.887	3.2026986E-005
1.888	3.1892450E-005
1.889	3.1769305E-005
1.89	3.1636380E-005
1.891	3.1503769E-005
1.892	3.1381394E-005
1.893	3.1250194E-005
1.894	3.1119704E-005
1.895	3.0999410E-005
1.896	3.0870015E-005
1.897	3.0740477E-005
1.898	3.0622185E-005
1.899	3.0494444E-005
1.9	3.0366924E-005
1.901	3.0239782E-005
1.902	3.0123734E-005
1.903	2.9998397E-005
1.904	2.9873099E-005
1.905	2.9758472E-005
1.906	2.9634391E-005
1.907	2.9511131E-005
1.908	2.9388153E-005
1.909	2.9275445E-005
1.91	2.9153965E-005
1.911	2.9032808E-005
1.912	2.8912644E-005
1.913	2.8801993E-005
1.914	2.8682040E-005
1.915	2.8563110E-005
1.916	2.8444903E-005
1.917	2.8327016E-005
1.918	2.8218963E-005
1.919	2.8102222E-005
1.92	2.7985712E-005
1.921	2.7869732E-005
1.922	2.7755019E-005
1.923	2.7639713E-005
1.924	2.7534596E-005
1.925	2.7421074E-005
1.926	2.7307657E-005
1.927	2.7195274E-005
1.928	2.7082877E-005
1.929	2.6971453E-005
1.93	2.6868987E-005
1.931	2.6758382E-005
1.932	2.6648111E-005
1.933	2.6538455E-005
1.934	2.6429572E-005
1.935	2.6320695E-005
1.936	2.6212418E-005
1.937	2.6105141E-005
1.938	2.6005935E-005
1.939	2.5903371E-005
1.94	2.5796906E-005
1.941	2.5691070E-005
1.942	2.5586216E-005
1.943	2.5481097E-005
1.944	2.5376821E-005
1.945	2.5273021E-005
1.946	2.5169466E-005
1.947	2.5066727E-005
1.948	2.4964025E-005
1.949	2.4862175E-005
1.95	2.4760546E-005
1.951	2.4659526E-005
1.952	2.4559380E-005
1.953	2.4458770E-005
1.954	2.4359057E-005
1.955	2.4259689E-005
1.956	2.4160605E-005
1.957	2.4062543E-005
1.958	2.3964660E-005
1.959	2.3867227E-005
1.96	2.3770152E-005
1.961	2.3673283E-005
1.962	2.3577477E-005
1.963	2.3481427E-005
1.964	2.3386168E-005
1.965	2.3290924E-005
1.966	2.3196912E-005
1.967	2.3102586E-005
1.968	2.3009161E-005
1.969	2.2916083E-005
1.97	2.2822765E-005
1.971	2.2730708E-005
1.972	2.2638562E-005
1.973	2.2547025E-005
1.974	2.2455888E-005
1.975	2.2364879E-005
1.976	2.2274689E-005
1.977	2.2177943E-005
1.978	2.2088530E-005
1.979	2.1999302E-005
1.98	2.1910586E-005
1.981	2.1822258E-005
1.982	2.1734288E-005
1.983	2.1646691E-005
1.984	2.1559263E-005
1.985	2.1466278E-005
1.986	2.1379943E-005
1.987	2.1293808E-005
1.988	2.1208032E-005
1.989	2.1122789E-005
1.99	2.1038109E-005
1.991	2.0953397E-005
1.992	2.0863077E-005
1.993	2.0779267E-005
1.994	2.0695981E-005
1.995	2.0613053E-005
1.996	2.0530271E-005
1.997	2.0442018E-005
1.998	2.0360130E-005
1.999	2.0278543E-005
2	2.0197509E-005
2.001	2.0116599E-005
2.002	2.0030018E-005
2.003	1.9949970E-005
2.004	1.9870253E-005
2.005	1.9791081E-005
2.006	1.9706073E-005
2.007	1.9627192E-005
2.008	1.9548965E-005
2.009	1.9470910E-005
2.01	1.9387711E-005
2.011	1.9310102E-005
2.012	1.9233556E-005
2.013	1.9151012E-005
2.014	1.9074925E-005
2.015	1.8998979E-005
2.016	1.8923331E-005
2.017	1.8842529E-005
2.018	1.8767660E-005
2.019	1.8693137E-005
2.02	1.8613151E-005
2.021	1.8539231E-005
2.022	1.8468683E-005
2.023	1.8390017E-005
2.024	1.8316676E-005
2.025	1.8244325E-005
2.026	1.8166442E-005
2.027	1.8094723E-005
2.028	1.8023080E-005
2.029	1.7946311E-005
2.03	1.7875322E-005
2.031	1.7799404E-005
2.032	1.7729129E-005
2.033	1.7658820E-005
2.034	1.7583985E-005
2.035	1.7514423E-005
2.036	1.7445302E-005
2.037	1.7371094E-005
2.038	1.7302875E-005
2.039	1.7229577E-005
2.04	1.7161641E-005
2.041	1.7088996E-005
2.042	1.7021906E-005
2.043	1.6954604E-005
2.044	1.6882846E-005
2.045	1.6816592E-005
2.046	1.6745575E-005
2.047	1.6679749E-005
2.048	1.6608985E-005
2.049	1.6543836E-005
2.05	1.6474138E-005
2.051	1.6409380E-005
2.052	1.6340287E-005
2.053	1.6276203E-005
2.054	1.6207532E-005
2.055	1.6144128E-005
2.056	1.6076183E-005
2.057	1.6013038E-005
2.058	1.5945758E-005
2.059	1.5883426E-005
2.06	1.5816424E-005
2.061	1.5754595E-005
2.062	1.5688636E-005
2.063	1.5627296E-005
2.064	1.5561569E-005
2.065	1.5500755E-005
2.066	1.5435711E-005
2.067	1.5375437E-005
2.068	1.5310909E-005
2.069	1.5246826E-005
2.07	1.5187281E-005
2.071	1.5123866E-005
2.072	1.5064957E-005
2.073	1.5001798E-005
2.074	1.4943503E-005
2.075	1.4880827E-005
2.076	1.4818753E-005
2.077	1.4761056E-005
2.078	1.4699301E-005
2.079	1.4642353E-005
2.08	1.4581140E-005
2.081	1.4520296E-005
2.082	1.4463932E-005
2.083	1.4403750E-005
2.084	1.4343670E-005
2.085	1.4288005E-005
2.086	1.4228580E-005
2.087	1.4169224E-005
2.088	1.4114393E-005
2.089	1.4055579E-005
2.09	1.3997224E-005
2.091	1.3943070E-005
2.092	1.3884863E-005
2.093	1.3827384E-005
2.094	1.3774035E-005
2.095	1.3716663E-005
2.096	1.3661725E-005
2.097	1.3605088E-005
2.098	1.3552330E-005
2.099	1.3496427E-005
2.1	1.3440602E-005
2.101	1.3388515E-005
2.102	1.3333040E-005
2.103	1.3277908E-005
2.104	1.3222883E-005
2.105	1.3172031E-005
2.106	1.3117587E-005
2.107	1.3063266E-005
2.108	1.3009415E-005
2.109	1.2955624E-005
2.11	1.2905710E-005
2.111	1.2852404E-005
2.112	1.2799301E-005
2.113	1.2746686E-005
2.114	1.2697583E-005
2.115	1.2645484E-005
2.116	1.2593290E-005
2.117	1.2541398E-005
2.118	1.2489758E-005
2.119	1.2438306E-005
2.12	1.2390649E-005
2.121	1.2339638E-005
2.122	1.2288932E-005
2.123	1.2238477E-005
2.124	1.2188316E-005
2.125	1.2138158E-005
2.126	1.2091441E-005
2.127	1.2041900E-005
2.128	1.1992467E-005
2.129	1.1943215E-005
2.13	1.1894553E-005
2.131	1.1845599E-005
2.132	1.1797000E-005
2.133	1.1748711E-005
2.134	1.1703630E-005
2.135	1.1655953E-005
2.136	1.1608135E-005
2.137	1.1560735E-005
2.138	1.1513441E-005
2.139	1.1466439E-005
2.14	1.1419632E-005
2.141	1.1372917E-005
2.142	1.1326384E-005
2.143	1.1280284E-005
2.144	1.1234143E-005
2.145	1.1188308E-005
2.146	1.1142671E-005
2.147	1.1097226E-005
2.148	1.1051847E-005
2.149	1.1006886E-005
2.15	1.0961994E-005
2.151	1.0917409E-005
2.152	1.0872992E-005
2.153	1.0828659E-005
2.154	1.0784514E-005
2.155	1.0740770E-005
2.156	1.0696988E-005
2.157	1.0653609E-005
2.158	1.0610197E-005
2.159	1.0567178E-005
2.16	1.0524226E-005
2.161	1.0481451E-005
2.162	1.0440448E-005
2.163	1.0398122E-005
2.164	1.0355880E-005
2.165	1.0313804E-005
2.166	1.0272103E-005
2.167	1.0230374E-005
2.168	1.0188934E-005
2.169	1.0147644E-005
2.17	1.0106634E-005
2.171	1.0065687E-005
2.172	1.0024918E-005
2.173	9.9817426E-006
2.174	9.9413292E-006
2.175	9.9011841E-006
2.176	9.8610908E-006
2.177	9.8214468E-006
2.178	9.7816828E-006
2.179	9.7422826E-006
2.18	9.7028496E-006
2.181	9.6610083E-006
2.182	9.6221993E-006
2.183	9.5832520E-006
2.184	9.5447631E-006
2.185	9.5061432E-006
2.186	9.4678817E-006
2.187	9.4272664E-006
2.188	9.3893241E-006
2.189	9.3514454E-006
2.19	9.3138005E-006
2.191	9.2764139E-006
2.192	9.2365335E-006
2.193	9.1993788E-006
2.194	9.1626462E-006
2.195	9.1256979E-006
2.196	9.0889980E-006
2.197	9.0501289E-006
2.198	9.0137310E-006
2.199	8.9775776E-006
2.2	8.9414689E-006
2.201	8.9057858E-006
2.202	8.8676270E-006
2.203	8.8319894E-006
2.204	8.7966700E-006
2.205	8.7591525E-006
2.206	8.7241315E-006
2.207	8.6890768E-006
2.208	8.6543350E-006
2.209	8.6174459E-006
2.21	8.5830088E-006
2.211	8.5486081E-006
2.212	8.5121937E-006
2.213	8.4781786E-006
2.214	8.4442891E-006
2.215	8.4106405E-006
2.216	8.3748128E-006
2.217	8.3413579E-006
2.218	8.3081195E-006
2.219	8.2726629E-006
2.22	8.2397046E-006
2.221	8.2068836E-006
2.222	8.1719427E-006
2.223	8.1405560E-006
2.224	8.1059079E-006
2.225	8.0737091E-006
2.226	8.0415484E-006
2.227	8.0073405E-006
2.228	7.9754709E-006
2.229	7.9437195E-006
2.23	7.9100810E-006
2.231	7.8786934E-006
2.232	7.8453313E-006
2.233	7.8141129E-006
2.234	7.7830973E-006
2.235	7.7502418E-006
2.236	7.7193272E-006
2.237	7.6867500E-006
2.238	7.6563301E-006
2.239	7.6238562E-006
2.24	7.5936132E-006
2.241	7.5634975E-006
2.242	7.5315056E-006
2.243	7.5017119E-006
2.244	7.4700688E-006
2.245	7.4404516E-006
2.246	7.4089940E-006
2.247	7.3796973E-006
2.248	7.3486458E-006
2.249	7.3195238E-006
2.25	7.2886683E-006
2.251	7.2598532E-006
2.252	7.2293956E-006
2.253	7.2007438E-006
2.254	7.1703239E-006
2.255	7.1420563E-006
2.256	7.1118902E-006
2.257	7.0839478E-006
2.258	7.0541728E-006
2.259	7.0263686E-006
2.26	6.9967737E-006
2.261	6.9692069E-006
2.262	6.9399289E-006
2.263	6.9108423E-006
2.264	6.8836152E-006
2.265	6.8547047E-006
2.266	6.8277177E-006
2.267	6.7990441E-006
2.268	6.7722067E-006
2.269	6.7438427E-006
2.27	6.7157348E-006
2.271	6.6892298E-006
2.272	6.6612174E-006
2.273	6.6349930E-006
2.274	6.6072835E-006
2.275	6.5796253E-006
2.276	6.5538111E-006
2.277	6.5263794E-006
2.278	6.4990622E-006
2.279	6.4736319E-006
2.28	6.4473911E-006
2.281	6.4220317E-006
2.282	6.3952302E-006
2.283	6.3685411E-006
2.284	6.3435655E-006
2.285	6.3170323E-006
2.286	6.2908043E-006
2.287	6.2660761E-006
2.288	6.2400031E-006
2.289	6.2140375E-006
2.29	6.1881219E-006
2.291	6.1638739E-006
2.292	6.1381743E-006
2.293	6.1126443E-006
2.294	6.0887537E-006
2.295	6.0634316E-006
2.296	6.0381581E-006
2.297	6.0130524E-006
2.298	5.9895619E-006
2.299	5.9646009E-006
2.3	5.9398658E-006
2.301	5.9152380E-006
2.302	5.8921401E-006
2.303	5.8676519E-006
2.304	5.8433288E-006
2.305	5.8190503E-006
2.306	5.7963402E-006
2.307	5.7723191E-006
2.308	5.7483435E-006
2.309	5.7245857E-006
2.31	5.7008110E-006
2.311	5.6786789E-006
2.312	5.6551007E-006
2.313	5.6316781E-006
2.314	5.6084700E-006
2.315	5.5851310E-006
2.316	5.5634673E-006
2.317	5.5404325E-006
2.318	5.5174960E-006
2.319	5.4947118E-006
2.32	5.4719121E-006
2.321	5.4493207E-006
2.322	5.4268257E-006
2.323	5.4057255E-006
2.324	5.3835251E-006
2.325	5.3611975E-006
2.326	5.3391327E-006
2.327	5.3170961E-006
2.328	5.2951091E-006
2.329	5.2733185E-006
2.33	5.2515666E-006
2.331	5.2298565E-006
2.332	5.2089053E-006
2.333	5.1888378E-006
2.334	5.1674378E-006
2.335	5.1461325E-006
2.336	5.1250217E-006
2.337	5.1038924E-006
2.338	5.0829112E-006
2.339	5.0619601E-006
2.34	5.0410977E-006
2.341	5.0204239E-006
2.342	4.9997880E-006
2.343	4.9792470E-006
2.344	4.9588348E-006
2.345	4.9384057E-006
2.346	4.9181644E-006
2.347	4.8979568E-006
2.348	4.8777856E-006
2.349	4.8578054E-006
2.35	4.8378492E-006
2.351	4.8180304E-006
2.352	4.7983431E-006
2.353	4.7786402E-006
2.354	4.7590256E-006
2.355	4.7394869E-006
2.356	4.7201270E-006
2.357	4.7007989E-006
2.358	4.6815539E-006
2.359	4.6623941E-006
2.36	4.6433101E-006
2.361	4.6242076E-006
2.362	4.6053829E-006
2.363	4.5865349E-006
2.364	4.5677170E-006
2.365	4.5490265E-006
2.366	4.5293800E-006
2.367	4.5108018E-006
2.368	4.4923959E-006
2.369	4.4740259E-006
2.37	4.4558205E-006
2.371	4.4375970E-006
2.372	4.4195026E-006
2.373	4.4014291E-006
2.374	4.3835257E-006
2.375	4.3646119E-006
2.376	4.3468144E-006
2.377	4.3290975E-006
2.378	4.3114401E-006
2.379	4.2939109E-006
2.38	4.2763686E-006
2.381	4.2594911E-006
2.382	4.2411189E-006
2.383	4.2238858E-006
2.384	4.2066299E-006
2.385	4.1895819E-006
2.386	4.1724697E-006
2.387	4.1545231E-006
2.388	4.1375574E-006
2.389	4.1207950E-006
2.39	4.1040985E-006
2.391	4.0873842E-006
2.392	4.0698606E-006
2.393	4.0532886E-006
2.394	4.0367918E-006
2.395	4.0203995E-006
2.396	4.0040741E-006
2.397	3.9869101E-006
2.398	3.9707302E-006
2.399	3.9546535E-006
2.4	3.9376228E-006
2.401	3.9216875E-006
2.402	3.9057722E-006
2.403	3.8899238E-006
2.404	3.8733001E-006
2.405	3.8575499E-006
2.406	3.8419398E-006
2.407	3.8264407E-006
2.408	3.8099729E-006
2.409	3.7945604E-006
2.41	3.7792104E-006
2.411	3.7630700E-006
2.412	3.7478160E-006
2.413	3.7326611E-006
2.414	3.7166831E-006
2.415	3.7016600E-006
2.416	3.6866943E-006
2.417	3.6708839E-006
2.418	3.6560893E-006
2.419	3.6413501E-006
2.42	3.6257334E-006
2.421	3.6111246E-006
2.422	3.5956723E-006
2.423	3.5811875E-006
2.424	3.5667551E-006
2.425	3.5514706E-006
2.426	3.5371991E-006
2.427	3.5229491E-006
2.428	3.5083781E-006
2.429	3.4942141E-006
2.43	3.4793193E-006
2.431	3.4653126E-006
2.432	3.4505342E-006
2.433	3.4366083E-006
2.434	3.4228440E-006
2.435	3.4081834E-006
2.436	3.3945405E-006
2.437	3.3800029E-006
2.438	3.3664751E-006
2.439	3.3521724E-006
2.44	3.3386114E-006
2.441	3.3244592E-006
2.442	3.3110480E-006
2.443	3.2978369E-006
2.444	3.2837220E-006
2.445	3.2705873E-006
2.446	3.2567314E-006
2.447	3.2436014E-006
2.448	3.2298271E-006
2.449	3.2161120E-006
2.45	3.2032201E-006
2.451	3.1903794E-006
2.452	3.1768016E-006
2.453	3.1633840E-006
2.454	3.1506681E-006
2.455	3.1373693E-006
2.456	3.1247648E-006
2.457	3.1115051E-006
2.458	3.0990684E-006
2.459	3.0859569E-006
2.46	3.0735634E-006
2.461	3.0605252E-006
2.462	3.0475819E-006
2.463	3.0353731E-006
2.464	3.0225324E-006
2.465	3.0104322E-006
2.466	2.9976989E-006
2.467	2.9850589E-006
2.468	2.9730720E-006
2.469	2.9605337E-006
2.47	2.9487169E-006
2.471	2.9365708E-006
2.472	2.9241576E-006
2.473	2.9125511E-006
2.474	2.9001833E-006
2.475	2.8886075E-006
2.476	2.8764312E-006
2.477	2.8642769E-006
2.478	2.8528834E-006
2.479	2.8408354E-006
2.48	2.8288641E-006
2.481	2.8175532E-006
2.482	2.8056832E-006
2.483	2.7938681E-006
2.484	2.7820699E-006
2.485	2.7709752E-006
2.486	2.7593396E-006
2.487	2.7476901E-006
2.488	2.7367091E-006
2.489	2.7252202E-006
2.49	2.7137469E-006
2.491	2.7029903E-006
2.492	2.6915866E-006
2.493	2.6802284E-006
2.494	2.6690102E-006
2.495	2.6584082E-006
2.496	2.6471944E-006
2.497	2.6360879E-006
2.498	2.6249693E-006
2.499	2.6146022E-006
2.5	2.6036075E-006
2.501	2.5926870E-006
2.502	2.5817865E-006
2.503	2.5709285E-006
2.504	2.5606955E-006
2.505	2.5499603E-006
2.506	2.5392396E-006
2.507	2.5286233E-006
2.508	2.5180207E-006
2.509	2.5080003E-006
2.51	2.4975182E-006
2.511	2.4870494E-006
2.512	2.4766553E-006
2.513	2.4665383E-006
2.514	2.4562062E-006
2.515	2.4464935E-006
2.516	2.4362155E-006
2.517	2.4260387E-006
2.518	2.4158767E-006
2.519	2.4057595E-006
2.52	2.3957107E-006
2.521	2.3856794E-006
2.522	2.3762504E-006
2.523	2.3663004E-006
2.524	2.3564214E-006
2.525	2.3465309E-006
2.526	2.3367368E-006
2.527	2.3270088E-006
2.528	2.3172440E-006
2.529	2.3075993E-006
2.53	2.2979182E-006
2.531	2.2883805E-006
2.532	2.2787838E-006
2.533	2.2692498E-006
2.534	2.2603394E-006
2.535	2.2508614E-006
2.536	2.2415213E-006
2.537	2.2321501E-006
2.538	2.2228387E-006
2.539	2.2135946E-006
2.54	2.2043680E-006
2.541	2.1951989E-006
2.542	2.1860003E-006
2.543	2.1769370E-006
2.544	2.1678882E-006
2.545	2.1588078E-006
2.546	2.1498558E-006
2.547	2.1408748E-006
2.548	2.1319761E-006
2.549	2.1231176E-006
2.55	2.1142944E-006
2.551	2.1054877E-006
2.552	2.0969660E-006
2.553	2.0882526E-006
2.554	2.0795574E-006
2.555	2.0708951E-006
2.556	2.0623443E-006
2.557	2.0532759E-006
2.558	2.0447278E-006
2.559	2.0362593E-006
2.56	2.0278067E-006
2.561	2.0193900E-006
2.562	2.0109840E-006
2.563	2.0026828E-006
2.564	1.9943257E-006
2.565	1.9860738E-006
2.566	1.9778549E-006
2.567	1.9696283E-006
2.568	1.9610172E-006
2.569	1.9529066E-006
2.57	1.9447818E-006
2.571	1.9367592E-006
2.572	1.9287079E-006
2.573	1.9207496E-006
2.574	1.9127656E-006
2.575	1.9044322E-006
2.576	1.8965346E-006
2.577	1.8886947E-006
2.578	1.8808660E-006
2.579	1.8730723E-006
2.58	1.8653492E-006
2.581	1.8572276E-006
2.582	1.8495321E-006
2.583	1.8418893E-006
2.584	1.8342600E-006
2.585	1.8266976E-006
2.586	1.8187277E-006
2.587	1.8111938E-006
2.588	1.8037545E-006
2.589	1.7962662E-006
2.59	1.7890738E-006
2.591	1.7812712E-006
2.592	1.7739177E-006
2.593	1.7666101E-006
2.594	1.7592790E-006
2.595	1.7516699E-006
2.596	1.7444377E-006
2.597	1.7372186E-006
2.598	1.7300507E-006
2.599	1.7225648E-006
2.6	1.7154576E-006
2.601	1.7083619E-006
2.602	1.7009523E-006
2.603	1.6939171E-006
2.604	1.6869495E-006
2.605	1.6800299E-006
2.606	1.6727096E-006
2.607	1.6658305E-006
2.608	1.6589817E-006
2.609	1.6517913E-006
2.61	1.6450178E-006
2.611	1.6382181E-006
2.612	1.6311404E-006
2.613	1.6244012E-006
2.614	1.6177398E-006
2.615	1.6107339E-006
2.616	1.6040984E-006
2.617	1.5971500E-006
2.618	1.5906239E-006
2.619	1.5840556E-006
2.62	1.5772320E-006
2.621	1.5707182E-006
2.622	1.5642855E-006
2.623	1.5575133E-006
2.624	1.5510990E-006
2.625	1.5443899E-006
2.626	1.5382267E-006
2.627	1.5319263E-006
2.628	1.5252839E-006
2.629	1.5190215E-006
2.63	1.5124679E-006
2.631	1.5062775E-006
2.632	1.4997637E-006
2.633	1.4936264E-006
2.634	1.4871855E-006
2.635	1.4810671E-006
2.636	1.4746811E-006
2.637	1.4686658E-006
2.638	1.4626071E-006
2.639	1.4563187E-006
2.64	1.4503454E-006
2.641	1.4440943E-006
2.642	1.4382038E-006
2.643	1.4319756E-006
2.644	1.4261207E-006
2.645	1.4199767E-006
2.646	1.4141705E-006
2.647	1.4080633E-006
2.648	1.4023080E-006
2.649	1.3962838E-006
2.65	1.3902559E-006
2.651	1.3845885E-006
2.652	1.3786143E-006
2.653	1.3729808E-006
2.654	1.3670834E-006
2.655	1.3614999E-006
2.656	1.3556709E-006
2.657	1.3501200E-006
2.658	1.3443247E-006
2.659	1.3385392E-006
2.66	1.3330601E-006
2.661	1.3274733E-006
2.662	1.3220706E-006
2.663	1.3163997E-006
2.664	1.3107343E-006
2.665	1.3053858E-006
2.666	1.2997720E-006
2.667	1.2944687E-006
2.668	1.2889160E-006
2.669	1.2833738E-006
2.67	1.2781521E-006
2.671	1.2726704E-006
2.672	1.2672305E-006
2.673	1.2620613E-006
2.674	1.2566377E-006
2.675	1.2512513E-006
2.676	1.2461753E-006
2.677	1.2408235E-006
2.678	1.2355185E-006
2.679	1.2304544E-006
2.68	1.2251960E-006
2.681	1.2199755E-006
2.682	1.2149760E-006
2.683	1.2097836E-006
2.684	1.2045883E-006
2.685	1.1994566E-006
2.686	1.1945694E-006
2.687	1.1894563E-006
2.688	1.1843759E-006
2.689	1.1795381E-006
2.69	1.1745027E-006
2.691	1.1694914E-006
2.692	1.1644976E-006
2.693	1.1597681E-006
2.694	1.1547788E-006
2.695	1.1499841E-006
2.696	1.1450643E-006
2.697	1.1404153E-006
2.698	1.1355477E-006
2.699	1.1307062E-006
2.7	1.1258675E-006
2.701	1.1210528E-006
2.702	1.1165040E-006
2.703	1.1117552E-006
2.704	1.1069864E-006
2.705	1.1022810E-006
2.706	1.0975798E-006
2.707	1.0929006E-006
2.708	1.0884568E-006
2.709	1.0838173E-006
2.71	1.0791982E-006
2.711	1.0745970E-006
2.712	1.0700304E-006
2.713	1.0654585E-006
2.714	1.0611398E-006
2.715	1.0566171E-006
2.716	1.0521171E-006
2.717	1.0476476E-006
2.718	1.0431614E-006
2.719	1.0387428E-006
2.72	1.0343061E-006
2.721	1.0299009E-006
2.722	1.0255167E-006
2.723	1.0213626E-006
2.724	1.0170252E-006
2.725	1.0126962E-006
2.726	1.0083860E-006
2.727	1.0042074E-006
2.728	9.9992360E-007
2.729	9.9569093E-007
2.73	9.9145382E-007
2.731	9.8723547E-007
2.732	9.8305759E-007
2.733	9.7885334E-007
2.734	9.7470081E-007
2.735	9.7056500E-007
2.736	9.6643817E-007
2.737	9.6233907E-007
2.738	9.5825783E-007
2.739	9.5418250E-007
2.74	9.5012462E-007
2.741	9.4610760E-007
2.742	9.4210748E-007
2.743	9.3808086E-007
2.744	9.3411523E-007
2.745	9.3014711E-007
2.746	9.2619302E-007
2.747	9.2226895E-007
2.748	9.1835983E-007
2.749	9.1449169E-007
2.75	9.1059530E-007
2.751	9.0672739E-007
2.752	9.0289620E-007
2.753	8.9906246E-007
2.754	8.9526571E-007
2.755	8.9146346E-007
2.756	8.8768854E-007
2.757	8.8390954E-007
2.758	8.8026860E-007
2.759	8.7636988E-007
2.76	8.7266125E-007
2.761	8.6896654E-007
2.762	8.6527922E-007
2.763	8.6162720E-007
2.764	8.5799081E-007
2.765	8.5435039E-007
2.766	8.5073458E-007
2.767	8.4695989E-007
2.768	8.4338774E-007
2.769	8.3981899E-007
2.77	8.3626702E-007
2.771	8.3273051E-007
2.772	8.2921923E-007
2.773	8.2571125E-007
2.774	8.2205895E-007
2.775	8.1857485E-007
2.776	8.1511382E-007
2.777	8.1168781E-007
2.778	8.0823690E-007
2.779	8.0466458E-007
2.78	8.0126324E-007
2.781	7.9788646E-007
2.782	7.9451559E-007
2.783	7.9116802E-007
2.784	7.8766220E-007
2.785	7.8435312E-007
2.786	7.8104853E-007
2.787	7.7774052E-007
2.788	7.7453569E-007
2.789	7.7111451E-007
2.79	7.6787580E-007
2.791	7.6462425E-007
2.792	7.6139622E-007
2.793	7.5804286E-007
2.794	7.5484269E-007
2.795	7.5165633E-007
2.796	7.4834657E-007
2.797	7.4518795E-007
2.798	7.4206127E-007
2.799	7.3892306E-007
2.8	7.3567014E-007
2.801	7.3257621E-007
2.802	7.2949405E-007
2.803	7.2627455E-007
2.804	7.2320273E-007
2.805	7.2016064E-007
2.806	7.1699282E-007
2.807	7.1397722E-007
2.808	7.1098304E-007
2.809	7.0784012E-007
2.81	7.0486368E-007
2.811	7.0190106E-007
2.812	6.9880610E-007
2.813	6.9586184E-007
2.814	6.9280253E-007
2.815	6.8987424E-007
2.816	6.8699245E-007
2.817	6.8397259E-007
2.818	6.8116049E-007
2.819	6.7830018E-007
2.82	6.7531931E-007
2.821	6.7246680E-007
2.822	6.6950361E-007
2.823	6.6670913E-007
2.824	6.6377288E-007
2.825	6.6098522E-007
2.826	6.5820285E-007
2.827	6.5531015E-007
2.828	6.5256097E-007
2.829	6.4968782E-007
2.83	6.4696815E-007
2.831	6.4412109E-007
2.832	6.4141727E-007
2.833	6.3859613E-007
2.834	6.3592358E-007
2.835	6.3326343E-007
2.836	6.3048435E-007
2.837	6.2783198E-007
2.838	6.2507144E-007
2.839	6.2245533E-007
2.84	6.1972435E-007
2.841	6.1699899E-007
2.842	6.1441898E-007
2.843	6.1171727E-007
2.844	6.0916096E-007
2.845	6.0649040E-007
2.846	6.0400322E-007
2.847	6.0136165E-007
2.848	5.9883536E-007
2.849	5.9621073E-007
2.85	5.9370529E-007
2.851	5.9111704E-007
2.852	5.8863964E-007
2.853	5.8606781E-007
2.854	5.8349229E-007
2.855	5.8104962E-007
2.856	5.7850355E-007
2.857	5.7608810E-007
2.858	5.7356465E-007
2.859	5.7105206E-007
2.86	5.6865605E-007
2.861	5.6617250E-007
2.862	5.6380935E-007
2.863	5.6134127E-007
2.864	5.5887597E-007
2.865	5.5654482E-007
2.866	5.5410896E-007
2.867	5.5168988E-007
2.868	5.4938198E-007
2.869	5.4697904E-007
2.87	5.4459252E-007
2.871	5.4231378E-007
2.872	5.3993546E-007
2.873	5.3763523E-007
2.874	5.3539372E-007
2.875	5.3303927E-007
2.876	5.3071460E-007
2.877	5.2850925E-007
2.878	5.2619112E-007
2.879	5.2389680E-007
2.88	5.2171424E-007
2.881	5.1943317E-007
2.882	5.1716972E-007
2.883	5.1490326E-007
2.884	5.1275782E-007
2.885	5.1051109E-007
2.886	5.0828680E-007
2.887	5.0606690E-007
2.888	5.0395869E-007
2.889	5.0175618E-007
2.89	4.9957180E-007
2.891	4.9739492E-007
2.892	4.9531803E-007
2.893	4.9315560E-007
2.894	4.9100174E-007
2.895	4.8886977E-007
2.896	4.8682813E-007
2.897	4.8470952E-007
2.898	4.8259898E-007
2.899	4.8049282E-007
2.9	4.7844469E-007
2.901	4.7645307E-007
2.902	4.7437419E-007
2.903	4.7230927E-007
2.904	4.7024875E-007
2.905	4.6819713E-007
2.906	4.6616552E-007
2.907	4.6413285E-007
2.908	4.6220242E-007
2.909	4.6018704E-007
2.91	4.5818592E-007
2.911	4.5619242E-007
2.912	4.5420884E-007
2.913	4.5223388E-007
2.914	4.5025769E-007
2.915	4.4839155E-007
2.916	4.4644133E-007
2.917	4.4449590E-007
2.918	4.4256376E-007
2.919	4.4063532E-007
2.92	4.3871449E-007
2.921	4.3681968E-007
2.922	4.3492199E-007
2.923	4.3302634E-007
2.924	4.3114019E-007
2.925	4.2926774E-007
2.926	4.2744699E-007
2.927	4.2558977E-007
2.928	4.2382331E-007
2.929	4.2198312E-007
2.93	4.2015529E-007
2.931	4.1831663E-007
2.932	4.1650495E-007
2.933	4.1469153E-007
2.934	4.1289670E-007
2.935	4.1110451E-007
2.936	4.0931556E-007
2.937	4.0753898E-007
2.938	4.0576074E-007
2.939	4.0400988E-007
2.94	4.0226203E-007
2.941	4.0051222E-007
2.942	3.9877443E-007
2.943	3.9704582E-007
2.944	3.9531810E-007
2.945	3.9360813E-007
2.946	3.9182191E-007
2.947	3.9012218E-007
2.948	3.8843166E-007
2.949	3.8675176E-007
2.95	3.8507437E-007
2.951	3.8343569E-007
2.952	3.8177723E-007
2.953	3.8011422E-007
2.954	3.7847087E-007
2.955	3.7683566E-007
2.956	3.7520320E-007
2.957	3.7357745E-007
2.958	3.7188315E-007
2.959	3.7027183E-007
2.96	3.6867308E-007
2.961	3.6707652E-007
2.962	3.6548633E-007
2.963	3.6390392E-007
2.964	3.6232765E-007
2.965	3.6075917E-007
2.966	3.5913212E-007
2.967	3.5757674E-007
2.968	3.5602511E-007
2.969	3.5448880E-007
2.97	3.5295062E-007
2.971	3.5142702E-007
2.972	3.4990543E-007
2.973	3.4832522E-007
2.974	3.4681855E-007
2.975	3.4531800E-007
2.976	3.4386341E-007
2.977	3.4237550E-007
2.978	3.4082521E-007
2.979	3.3935163E-007
2.98	3.3788447E-007
2.981	3.3642661E-007
2.982	3.3490429E-007
2.983	3.3346390E-007
2.984	3.3202176E-007
2.985	3.3058302E-007
2.986	3.2909546E-007
2.987	3.2766894E-007
2.988	3.2625655E-007
2.989	3.2484652E-007
2.99	3.2338502E-007
2.991	3.2198415E-007
2.992	3.2059313E-007
2.993	3.1921579E-007
2.994	3.1777566E-007
2.995	3.1640778E-007
2.996	3.1504112E-007
2.997	3.1361677E-007
2.998	3.1227032E-007
2.999	3.1092168E-007
3	3.0954357E-007
