theta_deg	R
0.001	1.0000000E+000
0.002	1.0000000E+000
0.003	1.0000000E+000
0.004	1.0000000E+000
0.005	1.0000000E+000
0.006	1.0000000E+000
0.007	1.0000000E+000
0.008	1.0000000E+000
0.009	1.0000000E+000
0.01	1.0000000E+000
0.011	1.0000000E+000
0.012	1.0000000E+000
0.013	1.0000000E+000
0.014	9.9388862E-001
0.015	9.9388862E-001
0.016	9.9388862E-001
0.017	9.9388862E-001
0.018	9.9388862E-001
0.019	9.9388862E-001
0.02	9.9388862E-001
0.021	9.9388862E-001
0.022	9.9388862E-001
0.023	9.9388862E-001
0.024	9.9388862E-001
0.025	9.9135566E-001
0.026	9.9135566E-001
0.027	9.9135566E-001
0.028	9.9135566E-001
0.029	9.9135566E-001
0.03	9.9135566E-001
0.031	9.9135566E-001
0.032	9.8943758E-001
0.033	9.8943758E-001
0.034	9.8943758E-001
0.035	9.8943758E-001
0.036	9.8943758E-001
0.037	9.8943758E-001
0.038	9.8782402E-001
0.039	9.8782402E-001
0.04	9.8782402E-001
0.041	9.8782402E-001
0.042	9.8635536E-001
0.043	9.8635536E-001
0.044	9.8635536E-001
0.045	9.8635536E-001
0.046	9.8635536E-001
0.047	9.8508400E-001
0.048	9.8508400E-001
0.049	9.8508400E-001
0.05	9.8508400E-001
0.051	9.8386848E-001
0.052	9.8386848E-001
0.053	9.8386848E-001
0.054	9.8386848E-001
0.055	9.8275220E-001
0.056	9.8275220E-001
0.057	9.8275220E-001
0.058	9.8169196E-001
0.059	9.8169196E-001
0.06	9.8169196E-001
0.061	9.8066491E-001
0.062	9.8066491E-001
0.063	9.8066491E-001
0.064	9.8066491E-001
0.065	9.7973758E-001
0.066	9.7973758E-001
0.067	9.7973758E-001
0.068	9.7886038E-001
0.069	9.7886038E-001
0.07	9.7797650E-001
0.071	9.7797650E-001
0.072	9.7797650E-001
0.073	9.7709131E-001
0.074	9.7709131E-001
0.075	9.7709131E-001
0.076	9.7632158E-001
0.077	9.7632158E-001
0.078	9.7551584E-001
0.079	9.7551584E-001
0.08	9.7551584E-001
0.081	9.7475803E-001
0.082	9.7475803E-001
0.083	9.7396910E-001
0.084	9.7396910E-001
0.085	9.7396910E-001
0.086	9.7324681E-001
0.087	9.7324681E-001
0.088	9.7254801E-001
0.089	9.7254801E-001
0.09	9.7183299E-001
0.091	9.7183299E-001
0.092	9.7115546E-001
0.093	9.7115546E-001
0.094	9.7049576E-001
0.095	9.7049576E-001
0.096	9.6984529E-001
0.097	9.6984529E-001
0.098	9.6918148E-001
0.099	9.6918148E-001
0.1	9.6855789E-001
0.101	9.6855789E-001
0.102	9.6796072E-001
0.103	9.6796072E-001
0.104	9.6734565E-001
0.105	9.6734565E-001
0.106	9.6673018E-001
0.107	9.6673018E-001
0.108	9.6612924E-001
0.109	9.6612924E-001
0.11	9.6553046E-001
0.111	9.6553046E-001
0.112	9.6497416E-001
0.113	9.6437138E-001
0.114	9.6437138E-001
0.115	9.6381986E-001
0.116	9.6381986E-001
0.117	9.6324688E-001
0.118	9.6272665E-001
0.119	9.6272665E-001
0.12	9.6217418E-001
0.121	9.6217418E-001
0.122	9.6163601E-001
0.123	9.6107703E-001
0.124	9.6107703E-001
0.125	9.6056128E-001
0.126	9.6001697E-001
0.127	9.6001697E-001
0.128	9.5950615E-001
0.129	9.5899415E-001
0.13	9.5899415E-001
0.131	9.5849562E-001
0.132	9.5799792E-001
0.133	9.5799792E-001
0.134	9.5744926E-001
0.135	9.5697427E-001
0.136	9.5697427E-001
0.137	9.5651990E-001
0.138	9.5603502E-001
0.139	9.5603502E-001
0.14	9.5554620E-001
0.141	9.5505077E-001
0.142	9.5457798E-001
0.143	9.5457798E-001
0.144	9.5407307E-001
0.145	9.5358783E-001
0.146	9.5358783E-001
0.147	9.5313734E-001
0.148	9.5269293E-001
0.149	9.5222807E-001
0.15	9.5222807E-001
0.151	9.5174950E-001
0.152	9.5129156E-001
0.153	9.5082819E-001
0.154	9.5037091E-001
0.155	9.5037091E-001
0.156	9.4989711E-001
0.157	9.4944668E-001
0.158	9.4901454E-001
0.159	9.4855946E-001
0.16	9.4855946E-001
0.161	9.4811428E-001
0.162	9.4767505E-001
0.163	9.4724715E-001
0.164	9.4681180E-001
0.165	9.4637048E-001
0.166	9.4637048E-001
0.167	9.4593191E-001
0.168	9.4551903E-001
0.169	9.4505835E-001
0.17	9.4460744E-001
0.171	9.4422626E-001
0.172	9.4379401E-001
0.173	9.4379401E-001
0.174	9.4336575E-001
0.175	9.4293988E-001
0.176	9.4250464E-001
0.177	9.4207436E-001
0.178	9.4166750E-001
0.179	9.4126207E-001
0.18	9.4082719E-001
0.181	9.4041872E-001
0.182	9.3997091E-001
0.183	9.3957478E-001
0.184	9.3916827E-001
0.185	9.3916827E-001
0.186	9.3876326E-001
0.187	9.3835354E-001
0.188	9.3794149E-001
0.189	9.3753189E-001
0.19	9.3710291E-001
0.191	9.3675077E-001
0.192	9.3633801E-001
0.193	9.3590832E-001
0.194	9.3552381E-001
0.195	9.3513077E-001
0.196	9.3468738E-001
0.197	9.3429136E-001
0.198	9.3390518E-001
0.199	9.3347549E-001
0.2	9.3309760E-001
0.201	9.3269199E-001
0.202	9.3230873E-001
0.203	9.3187660E-001
0.204	9.3146658E-001
0.205	9.3107194E-001
0.206	9.3066186E-001
0.207	9.3029803E-001
0.208	9.2947054E-001
0.209	9.2908877E-001
0.21	9.2869747E-001
0.211	9.2828196E-001
0.212	9.2790598E-001
0.213	9.2750424E-001
0.214	9.2709589E-001
0.215	9.2672485E-001
0.216	9.2630118E-001
0.217	9.2590421E-001
0.218	9.2551398E-001
0.219	9.2470515E-001
0.22	9.2432541E-001
0.221	9.2392564E-001
0.222	9.2351896E-001
0.223	9.2313772E-001
0.224	9.2274886E-001
0.225	9.2237580E-001
0.226	9.2157716E-001
0.227	9.2119533E-001
0.228	9.2078114E-001
0.229	9.2039239E-001
0.23	9.1996366E-001
0.231	9.1960776E-001
0.232	9.1885978E-001
0.233	9.1844040E-001
0.234	9.1803753E-001
0.235	9.1766512E-001
0.236	9.1724479E-001
0.237	9.1644579E-001
0.238	9.1604662E-001
0.239	9.1564769E-001
0.24	9.1527402E-001
0.241	9.1486245E-001
0.242	9.1404778E-001
0.243	9.1365731E-001
0.244	9.1327828E-001
0.245	9.1290051E-001
0.246	9.1209835E-001
0.247	9.1168737E-001
0.248	9.1128439E-001
0.249	9.1090512E-001
0.25	9.1009647E-001
0.251	9.0967393E-001
0.252	9.0930647E-001
0.253	9.0846252E-001
0.254	9.0807748E-001
0.255	9.0766561E-001
0.256	9.0725130E-001
0.257	9.0645188E-001
0.258	9.0603578E-001
0.259	9.0564388E-001
0.26	9.0481663E-001
0.261	9.0440160E-001
0.262	9.0399861E-001
0.263	9.0320718E-001
0.264	9.0276700E-001
0.265	9.0239406E-001
0.266	9.0155280E-001
0.267	9.0116566E-001
0.268	9.0034658E-001
0.269	8.9991736E-001
0.27	8.9951569E-001
0.271	8.9864457E-001
0.272	8.9823985E-001
0.273	8.9782077E-001
0.274	8.9698285E-001
0.275	8.9654666E-001
0.276	8.9570272E-001
0.277	8.9527637E-001
0.278	8.9483303E-001
0.279	8.9401424E-001
0.28	8.9355505E-001
0.281	8.9270669E-001
0.282	8.9228052E-001
0.283	8.9141428E-001
0.284	8.9098328E-001
0.285	8.9011288E-001
0.286	8.8964653E-001
0.287	8.8923275E-001
0.288	8.8829303E-001
0.289	8.8789409E-001
0.29	8.8697845E-001
0.291	8.8654029E-001
0.292	8.8566667E-001
0.293	8.8523155E-001
0.294	8.8430911E-001
0.295	8.8385397E-001
0.296	8.8294774E-001
0.297	8.8249940E-001
0.298	8.8159847E-001
0.299	8.8112932E-001
0.3	8.8019246E-001
0.301	8.7925541E-001
0.302	8.7880099E-001
0.303	8.7784415E-001
0.304	8.7736773E-001
0.305	8.7642890E-001
0.306	8.7593377E-001
0.307	8.7497103E-001
0.308	8.7452257E-001
0.309	8.7350124E-001
0.31	8.7252975E-001
0.311	8.7204981E-001
0.312	8.7104887E-001
0.313	8.7054485E-001
0.314	8.6953771E-001
0.315	8.6853760E-001
0.316	8.6801499E-001
0.317	8.6701047E-001
0.318	8.6649477E-001
0.319	8.6542964E-001
0.32	8.6443454E-001
0.321	8.6388898E-001
0.322	8.6281985E-001
0.323	8.6175478E-001
0.324	8.6123568E-001
0.325	8.6013907E-001
0.326	8.5906368E-001
0.327	8.5849506E-001
0.328	8.5738856E-001
0.329	8.5630333E-001
0.33	8.5572910E-001
0.331	8.5457462E-001
0.332	8.5343391E-001
0.333	8.5286909E-001
0.334	8.5171533E-001
0.335	8.5051435E-001
0.336	8.4994143E-001
0.337	8.4871697E-001
0.338	8.4756833E-001
0.339	8.4633398E-001
0.34	8.4570891E-001
0.341	8.4447306E-001
0.342	8.4321201E-001
0.343	8.4194076E-001
0.344	8.4131020E-001
0.345	8.4005916E-001
0.346	8.3872557E-001
0.347	8.3739781E-001
0.348	8.3673155E-001
0.349	8.3540857E-001
0.35	8.3404350E-001
0.351	8.3268714E-001
0.352	8.3128619E-001
0.353	8.3058298E-001
0.354	8.2916462E-001
0.355	8.2773012E-001
0.356	8.2624954E-001
0.357	8.2477236E-001
0.358	8.2325363E-001
0.359	8.2250667E-001
0.36	8.2097799E-001
0.361	8.1942594E-001
0.362	8.1786013E-001
0.363	8.1626022E-001
0.364	8.1465226E-001
0.365	8.1381321E-001
0.366	8.1216806E-001
0.367	8.1048489E-001
0.368	8.0878001E-001
0.369	8.0702376E-001
0.37	8.0525136E-001
0.371	8.0343014E-001
0.372	8.0161166E-001
0.373	7.9976106E-001
0.374	7.9880840E-001
0.375	7.9688156E-001
0.376	7.9496074E-001
0.377	7.9293293E-001
0.378	7.9093266E-001
0.379	7.8887928E-001
0.38	7.8675908E-001
0.381	7.8462034E-001
0.382	7.8240043E-001
0.383	7.8017038E-001
0.384	7.7790534E-001
0.385	7.7556551E-001
0.386	7.7316505E-001
0.387	7.7074438E-001
0.388	7.6826233E-001
0.389	7.6571947E-001
0.39	7.6309901E-001
0.391	7.6042944E-001
0.392	7.5770259E-001
0.393	7.5488287E-001
0.394	7.5203037E-001
0.395	7.4906760E-001
0.396	7.4604225E-001
0.397	7.4292076E-001
0.398	7.3972732E-001
0.399	7.3644829E-001
0.4	7.3306173E-001
0.401	7.2957456E-001
0.402	7.2603649E-001
0.403	7.2233689E-001
0.404	7.1853250E-001
0.405	7.1457398E-001
0.406	7.1051264E-001
0.407	7.0631254E-001
0.408	7.0199150E-001
0.409	6.9749308E-001
0.41	6.9047326E-001
0.411	6.8557805E-001
0.412	6.8048823E-001
0.413	6.7520928E-001
0.414	6.6973811E-001
0.415	6.6402143E-001
0.416	6.5812439E-001
0.417	6.5196222E-001
0.418	6.4556628E-001
0.419	6.3545930E-001
0.42	6.2833369E-001
0.421	6.2097114E-001
0.422	6.1326891E-001
0.423	6.0522830E-001
0.424	5.9688163E-001
0.425	5.8373290E-001
0.426	5.7453251E-001
0.427	5.6496626E-001
0.428	5.5513126E-001
0.429	5.4494619E-001
0.43	5.3447062E-001
0.431	5.1828098E-001
0.432	5.0716043E-001
0.433	4.9597669E-001
0.434	4.8456225E-001
0.435	4.6737695E-001
0.436	4.5594242E-001
0.437	4.4454965E-001
0.438	4.3325049E-001
0.439	4.2213938E-001
0.44	4.0584898E-001
0.441	3.9528203E-001
0.442	3.8496676E-001
0.443	3.7494355E-001
0.444	3.6048585E-001
0.445	3.5121664E-001
0.446	3.4226146E-001
0.447	3.2940179E-001
0.448	3.2119328E-001
0.449	3.1328791E-001
0.45	3.0567202E-001
0.451	2.9475495E-001
0.452	2.8780878E-001
0.453	2.8110012E-001
0.454	2.7150437E-001
0.455	2.6538184E-001
0.456	2.5947931E-001
0.457	2.5101444E-001
0.458	2.4561816E-001
0.459	2.4039820E-001
0.46	2.3290680E-001
0.461	2.2811969E-001
0.462	2.2348590E-001
0.463	2.1683435E-001
0.464	2.1256573E-001
0.465	2.0642687E-001
0.466	2.0248391E-001
0.467	1.9867533E-001
0.468	1.9316345E-001
0.469	1.8962882E-001
0.47	1.8619499E-001
0.471	1.8124063E-001
0.472	1.7804830E-001
0.473	1.7343128E-001
0.474	1.7046589E-001
0.475	1.6615908E-001
0.476	1.6338933E-001
0.477	1.6069452E-001
0.478	1.5677878E-001
0.479	1.5425509E-001
0.48	1.5058543E-001
0.481	1.4821112E-001
0.482	1.4477849E-001
0.483	1.4255266E-001
0.484	1.3931768E-001
0.485	1.3722256E-001
0.486	1.3418515E-001
0.487	1.3221486E-001
0.488	1.2934875E-001
0.489	1.2748994E-001
0.49	1.2478115E-001
0.491	1.2302361E-001
0.492	1.2046784E-001
0.493	1.1880830E-001
0.494	1.1638267E-001
0.495	1.1481274E-001
0.496	1.1251322E-001
0.497	1.1102451E-001
0.498	1.0884318E-001
0.499	1.0742475E-001
0.5	1.0535701E-001
0.501	1.0400943E-001
0.502	1.0204417E-001
0.503	1.0013374E-001
0.504	9.8890238E-002
0.505	9.7066849E-002
0.506	9.5886186E-002
0.507	9.4152734E-002
0.508	9.3021296E-002
0.509	9.1368176E-002
0.51	8.9759044E-002
0.511	8.8707022E-002
0.512	8.7168768E-002
0.513	8.6166903E-002
0.514	8.4696330E-002
0.515	8.3265737E-002
0.516	8.2329817E-002
0.517	8.0958717E-002
0.518	7.9621479E-002
0.519	7.8750484E-002
0.52	7.7471361E-002
0.521	7.6221116E-002
0.522	7.5406358E-002
0.523	7.4208081E-002
0.524	7.3040083E-002
0.525	7.2275884E-002
0.526	7.1152747E-002
0.527	7.0055336E-002
0.528	6.9339231E-002
0.529	6.8287402E-002
0.53	6.7257352E-002
0.531	6.6581905E-002
0.532	6.5591723E-002
0.533	6.4622171E-002
0.534	6.3674442E-002
0.535	6.3055083E-002
0.536	6.2141709E-002
0.537	6.1248254E-002
0.538	6.0373597E-002
0.539	5.9802927E-002
0.54	5.8961444E-002
0.541	5.8137175E-002
0.542	5.7328843E-002
0.543	5.6800086E-002
0.544	5.6019593E-002
0.545	5.5256132E-002
0.546	5.4508604E-002
0.547	5.3777203E-002
0.548	5.3296823E-002
0.549	5.2588981E-002
0.55	5.1895373E-002
0.551	5.1215440E-002
0.552	5.0547484E-002
0.553	5.0109994E-002
0.554	4.9463276E-002
0.555	4.8831876E-002
0.556	4.8210938E-002
0.557	4.7601279E-002
0.558	4.7003660E-002
0.559	4.6610039E-002
0.56	4.6031434E-002
0.561	4.5463108E-002
0.562	4.4903979E-002
0.563	4.4354685E-002
0.564	4.3817706E-002
0.565	4.3291595E-002
0.566	4.2770974E-002
0.567	4.2261232E-002
0.568	4.1925896E-002
0.569	4.1432317E-002
0.57	4.0945467E-002
0.571	4.0467490E-002
0.572	3.9998241E-002
0.573	3.9536532E-002
0.574	3.9084535E-002
0.575	3.8639247E-002
0.576	3.8199950E-002
0.577	3.7768014E-002
0.578	3.7344806E-002
0.579	3.6928594E-002
0.58	3.6518272E-002
0.581	3.6114678E-002
0.582	3.5718624E-002
0.583	3.5329156E-002
0.584	3.4944937E-002
0.585	3.4567811E-002
0.586	3.4319464E-002
0.587	3.3951752E-002
0.588	3.3588443E-002
0.589	3.3232715E-002
0.59	3.2766514E-002
0.591	3.2423247E-002
0.592	3.2083880E-002
0.593	3.1751350E-002
0.594	3.1424019E-002
0.595	3.1100400E-002
0.596	3.0781750E-002
0.597	3.0468872E-002
0.598	3.0160651E-002
0.599	2.9856447E-002
0.6	2.9557031E-002
0.601	2.9262131E-002
0.602	2.8971391E-002
0.603	2.8684484E-002
0.604	2.8402407E-002
0.605	2.8123084E-002
0.606	2.7848741E-002
0.607	2.7489264E-002
0.608	2.7223621E-002
0.609	2.6962509E-002
0.61	2.6704153E-002
0.611	2.6449688E-002
0.612	2.6199460E-002
0.613	2.5952673E-002
0.614	2.5707586E-002
0.615	2.5467297E-002
0.616	2.5151500E-002
0.617	2.4918137E-002
0.618	2.4688721E-002
0.619	2.4461223E-002
0.62	2.4237754E-002
0.621	2.4016853E-002
0.622	2.3726795E-002
0.623	2.3512751E-002
0.624	2.3301287E-002
0.625	2.3092901E-002
0.626	2.2886477E-002
0.627	2.2616876E-002
0.628	2.2417644E-002
0.629	2.2219775E-002
0.63	2.2025557E-002
0.631	2.1833155E-002
0.632	2.1580605E-002
0.633	2.1394840E-002
0.634	2.1210006E-002
0.635	2.1028262E-002
0.636	2.0788839E-002
0.637	2.0611951E-002
0.638	2.0437393E-002
0.639	2.0265402E-002
0.64	2.0038510E-002
0.641	1.9871021E-002
0.642	1.9705655E-002
0.643	1.9542053E-002
0.644	1.9327529E-002
0.645	1.9168511E-002
0.646	1.9011114E-002
0.647	1.8804487E-002
0.648	1.8652054E-002
0.649	1.8500654E-002
0.65	1.8302323E-002
0.651	1.8155651E-002
0.652	1.8010242E-002
0.653	1.7819414E-002
0.654	1.7677771E-002
0.655	1.7538186E-002
0.656	1.7354446E-002
0.657	1.7218282E-002
0.658	1.7083595E-002
0.659	1.6906841E-002
0.66	1.6775727E-002
0.661	1.6646110E-002
0.662	1.6475486E-002
0.663	1.6349101E-002
0.664	1.6182421E-002
0.665	1.6059902E-002
0.666	1.5937950E-002
0.667	1.5777569E-002
0.668	1.5658999E-002
0.669	1.5503022E-002
0.67	1.5387795E-002
0.671	1.5235637E-002
0.672	1.5122795E-002
0.673	1.5011138E-002
0.674	1.4864076E-002
0.675	1.4755342E-002
0.676	1.4611831E-002
0.677	1.4505550E-002
0.678	1.4365430E-002
0.679	1.4261923E-002
0.68	1.4125470E-002
0.681	1.4024114E-002
0.682	1.3890623E-002
0.683	1.3791591E-002
0.684	1.3661572E-002
0.685	1.3564941E-002
0.686	1.3437810E-002
0.687	1.3343751E-002
0.688	1.3219574E-002
0.689	1.3127420E-002
0.69	1.3005906E-002
0.691	1.2916171E-002
0.692	1.2797461E-002
0.693	1.2709320E-002
0.694	1.2593402E-002
0.695	1.2507674E-002
0.696	1.2394537E-002
0.697	1.2310260E-002
0.698	1.2199796E-002
0.699	1.2090589E-002
0.7	1.2009448E-002
0.701	1.1902456E-002
0.702	1.1823148E-002
0.703	1.1718866E-002
0.704	1.1641162E-002
0.705	1.1538757E-002
0.706	1.1437895E-002
0.707	1.1362677E-002
0.708	1.1263721E-002
0.709	1.1190518E-002
0.71	1.1093830E-002
0.711	1.0998407E-002
0.712	1.0927580E-002
0.713	1.0834123E-002
0.714	1.0741852E-002
0.715	1.0673353E-002
0.716	1.0583334E-002
0.717	1.0494067E-002
0.718	1.0427634E-002
0.719	1.0340007E-002
0.72	1.0253673E-002
0.721	1.0189743E-002
0.722	1.0105060E-002
0.723	1.0021310E-002
0.724	9.9591203E-003
0.725	9.8770093E-003
0.726	9.7961705E-003
0.727	9.7163375E-003
0.728	9.6566100E-003
0.729	9.5782708E-003
0.73	9.5007326E-003
0.731	9.4433129E-003
0.732	9.3674026E-003
0.733	9.2921667E-003
0.734	9.2176311E-003
0.735	9.1624949E-003
0.736	9.0898564E-003
0.737	9.0176696E-003
0.738	8.9462381E-003
0.739	8.8935615E-003
0.74	8.8238427E-003
0.741	8.7546166E-003
0.742	8.6863339E-003
0.743	8.6187655E-003
0.744	8.5688261E-003
0.745	8.5025346E-003
0.746	8.4370291E-003
0.747	8.3721140E-003
0.748	8.3078323E-003
0.749	8.2444577E-003
0.75	8.1972741E-003
0.751	8.1348075E-003
0.752	8.0733858E-003
0.753	8.0126515E-003
0.754	7.9523986E-003
0.755	7.8925863E-003
0.756	7.8482460E-003
0.757	7.7897431E-003
0.758	7.7319099E-003
0.759	7.6745148E-003
0.76	7.6178866E-003
0.761	7.5616729E-003
0.762	7.5061573E-003
0.763	7.4510756E-003
0.764	7.3965131E-003
0.765	7.3561897E-003
0.766	7.3026894E-003
0.767	7.2499728E-003
0.768	7.1976255E-003
0.769	7.1457257E-003
0.77	7.0944149E-003
0.771	7.0433412E-003
0.772	6.9930698E-003
0.773	6.9434708E-003
0.774	6.8941060E-003
0.775	6.8451636E-003
0.776	6.7967968E-003
0.777	6.7488467E-003
0.778	6.7015681E-003
0.779	6.6546001E-003
0.78	6.6080834E-003
0.781	6.5622679E-003
0.782	6.5166820E-003
0.783	6.4716013E-003
0.784	6.4268205E-003
0.785	6.3825892E-003
0.786	6.3387603E-003
0.787	6.2951893E-003
0.788	6.2522287E-003
0.789	6.2096487E-003
0.79	6.1675208E-003
0.791	6.1256904E-003
0.792	6.0842554E-003
0.793	6.0433880E-003
0.794	6.0026790E-003
0.795	5.9623937E-003
0.796	5.9224404E-003
0.797	5.8830664E-003
0.798	5.8438182E-003
0.799	5.8051473E-003
0.8	5.7668216E-003
0.801	5.7286439E-003
0.802	5.6815566E-003
0.803	5.6443452E-003
0.804	5.6072674E-003
0.805	5.5707190E-003
0.806	5.5344426E-003
0.807	5.4985415E-003
0.808	5.4628979E-003
0.809	5.4276660E-003
0.81	5.3839576E-003
0.811	5.3493446E-003
0.812	5.3150374E-003
0.813	5.2810232E-003
0.814	5.2472898E-003
0.815	5.2138348E-003
0.816	5.1808637E-003
0.817	5.1398831E-003
0.818	5.1073395E-003
0.819	5.0752847E-003
0.82	5.0433017E-003
0.821	5.0117471E-003
0.822	4.9726525E-003
0.823	4.9417838E-003
0.824	4.9110898E-003
0.825	4.8805350E-003
0.826	4.8504374E-003
0.827	4.8131295E-003
0.828	4.7833463E-003
0.829	4.7539650E-003
0.83	4.7248933E-003
0.831	4.6889088E-003
0.832	4.6603200E-003
0.833	4.6319580E-003
0.834	4.6038819E-003
0.835	4.5690425E-003
0.836	4.5414413E-003
0.837	4.5141219E-003
0.838	4.4869683E-003
0.839	4.4533219E-003
0.84	4.4268332E-003
0.841	4.4003711E-003
0.842	4.3676007E-003
0.843	4.3417718E-003
0.844	4.3160152E-003
0.845	4.2843036E-003
0.846	4.2591817E-003
0.847	4.2340998E-003
0.848	4.2031575E-003
0.849	4.1784542E-003
0.85	4.1541439E-003
0.851	4.1239853E-003
0.852	4.1000284E-003
0.853	4.0763142E-003
0.854	4.0468788E-003
0.855	4.0235640E-003
0.856	4.0002828E-003
0.857	3.9717569E-003
0.858	3.9490289E-003
0.859	3.9208508E-003
0.86	3.8985298E-003
0.861	3.8763892E-003
0.862	3.8489965E-003
0.863	3.8272385E-003
0.864	3.8001824E-003
0.865	3.7787827E-003
0.866	3.7575224E-003
0.867	3.7313094E-003
0.868	3.7104087E-003
0.869	3.6845393E-003
0.87	3.6639927E-003
0.871	3.6387194E-003
0.872	3.6185186E-003
0.873	3.5984302E-003
0.874	3.5736961E-003
0.875	3.5540285E-003
0.876	3.5296425E-003
0.877	3.5103459E-003
0.878	3.4862801E-003
0.879	3.4673549E-003
0.88	3.4438039E-003
0.881	3.4251420E-003
0.882	3.4019463E-003
0.883	3.3834549E-003
0.884	3.3607569E-003
0.885	3.3425617E-003
0.886	3.3201219E-003
0.887	3.3023905E-003
0.888	3.2804424E-003
0.889	3.2628500E-003
0.89	3.2412156E-003
0.891	3.2196990E-003
0.892	3.2026481E-003
0.893	3.1815253E-003
0.894	3.1647501E-003
0.895	3.1439834E-003
0.896	3.1274636E-003
0.897	3.1070046E-003
0.898	3.0866594E-003
0.899	3.0705633E-003
0.9	3.0506146E-003
0.901	3.0347530E-003
0.902	3.0151608E-003
0.903	2.9956792E-003
0.904	2.9801605E-003
0.905	2.9610177E-003
0.906	2.9457561E-003
0.907	2.9269052E-003
0.908	2.9081434E-003
0.909	2.8933680E-003
0.91	2.8749472E-003
0.911	2.8566800E-003
0.912	2.8421769E-003
0.913	2.8242881E-003
0.914	2.8063708E-003
0.915	2.7922539E-003
0.916	2.7746882E-003
0.917	2.7574040E-003
0.918	2.7435464E-003
0.919	2.7264531E-003
0.92	2.7093738E-003
0.921	2.6959071E-003
0.922	2.6792430E-003
0.923	2.6626082E-003
0.924	2.6461934E-003
0.925	2.6330564E-003
0.926	2.6168558E-003
0.927	2.6008377E-003
0.928	2.5849396E-003
0.929	2.5721907E-003
0.93	2.5564511E-003
0.931	2.5408927E-003
0.932	2.5254788E-003
0.933	2.5132399E-003
0.934	2.4980670E-003
0.935	2.4829244E-003
0.936	2.4679431E-003
0.937	2.4560886E-003
0.938	2.4413487E-003
0.939	2.4267219E-003
0.94	2.4121800E-003
0.941	2.3977980E-003
0.942	2.3863572E-003
0.943	2.3721769E-003
0.944	2.3581218E-003
0.945	2.3441559E-003
0.946	2.3303232E-003
0.947	2.3165718E-003
0.948	2.3056262E-003
0.949	2.2920836E-003
0.95	2.2786267E-003
0.951	2.2652999E-003
0.952	2.2520511E-003
0.953	2.2389423E-003
0.954	2.2259024E-003
0.955	2.2156162E-003
0.956	2.2027441E-003
0.957	2.1900085E-003
0.958	2.1773486E-003
0.959	2.1648528E-003
0.96	2.1523838E-003
0.961	2.1400002E-003
0.962	2.1277249E-003
0.963	2.1156201E-003
0.964	2.1035285E-003
0.965	2.0915880E-003
0.966	2.0820228E-003
0.967	2.0701843E-003
0.968	2.0584911E-003
0.969	2.0469090E-003
0.97	2.0353110E-003
0.971	2.0237989E-003
0.972	2.0124766E-003
0.973	2.0012092E-003
0.974	1.9899597E-003
0.975	1.9788793E-003
0.976	1.9678213E-003
0.977	1.9568955E-003
0.978	1.9460552E-003
0.979	1.9352025E-003
0.98	1.9245185E-003
0.981	1.9138982E-003
0.982	1.9033828E-003
0.983	1.8928499E-003
0.984	1.8824523E-003
0.985	1.8721479E-003
0.986	1.8619286E-003
0.987	1.8517711E-003
0.988	1.8416245E-003
0.989	1.8316151E-003
0.99	1.8216735E-003
0.991	1.8117907E-003
0.992	1.8000455E-003
0.993	1.7903346E-003
0.994	1.7806753E-003
0.995	1.7710717E-003
0.996	1.7615949E-003
0.997	1.7521083E-003
0.998	1.7427184E-003
0.999	1.7334506E-003
1	1.7242077E-003
1.001	1.7150462E-003
1.002	1.7059232E-003
1.003	1.6949979E-003
1.004	1.6860736E-003
1.005	1.6771788E-003
1.006	1.6683170E-003
1.007	1.6595515E-003
1.008	1.6507605E-003
1.009	1.6421133E-003
1.01	1.6318074E-003
1.011	1.6232539E-003
1.012	1.6148000E-003
1.013	1.6064079E-003
1.014	1.5980384E-003
1.015	1.5897476E-003
1.016	1.5798806E-003
1.017	1.5716800E-003
1.018	1.5635603E-003
1.019	1.5555563E-003
1.02	1.5475216E-003
1.021	1.5380160E-003
1.022	1.5301036E-003
1.023	1.5222678E-003
1.024	1.5145161E-003
1.025	1.5052119E-003
1.026	1.4975396E-003
1.027	1.4899484E-003
1.028	1.4823748E-003
1.029	1.4733664E-003
1.03	1.4659398E-003
1.031	1.4585269E-003
1.032	1.4511775E-003
1.033	1.4424291E-003
1.034	1.4351619E-003
1.035	1.4279543E-003
1.036	1.4193947E-003
1.037	1.4122943E-003
1.038	1.4052335E-003
1.039	1.3982264E-003
1.04	1.3899319E-003
1.041	1.3830233E-003
1.042	1.3761674E-003
1.043	1.3680278E-003
1.044	1.3612495E-003
1.045	1.3545506E-003
1.046	1.3465453E-003
1.047	1.3399101E-003
1.048	1.3333412E-003
1.049	1.3255030E-003
1.05	1.3190352E-003
1.051	1.3113025E-003
1.052	1.3049393E-003
1.053	1.2985889E-003
1.054	1.2910244E-003
1.055	1.2847801E-003
1.056	1.2785568E-003
1.057	1.2711335E-003
1.058	1.2649954E-003
1.059	1.2577254E-003
1.06	1.2516634E-003
1.061	1.2456489E-003
1.062	1.2384939E-003
1.063	1.2325456E-003
1.064	1.2255217E-003
1.065	1.2202287E-003
1.066	1.2132579E-003
1.067	1.2075320E-003
1.068	1.2006550E-003
1.069	1.1949713E-003
1.07	1.1882092E-003
1.071	1.1825786E-003
1.072	1.1769992E-003
1.073	1.1703639E-003
1.074	1.1648657E-003
1.075	1.1583065E-003
1.076	1.1528890E-003
1.077	1.1464144E-003
1.078	1.1410686E-003
1.079	1.1346845E-003
1.08	1.1293939E-003
1.081	1.1230829E-003
1.082	1.1168363E-003
1.083	1.1116841E-003
1.084	1.1055053E-003
1.085	1.1003964E-003
1.086	1.0943093E-003
1.087	1.0892922E-003
1.088	1.0832795E-003
1.089	1.0783050E-003
1.09	1.0723927E-003
1.091	1.0674706E-003
1.092	1.0616268E-003
1.093	1.0558250E-003
1.094	1.0510368E-003
1.095	1.0453045E-003
1.096	1.0405331E-003
1.097	1.0348809E-003
1.098	1.0292747E-003
1.099	1.0246289E-003
1.1	1.0190887E-003
1.101	1.0145011E-003
1.102	1.0090313E-003
1.103	1.0036050E-003
1.104	9.9911948E-004
1.105	9.9374796E-004
1.106	9.8841218E-004
1.107	9.8400016E-004
1.108	9.7873830E-004
1.109	9.7351422E-004
1.11	9.6917700E-004
1.111	9.6405006E-004
1.112	9.5891673E-004
1.113	9.5466076E-004
1.114	9.4959815E-004
1.115	9.4458397E-004
1.116	9.4044948E-004
1.117	9.3547691E-004
1.118	9.3056902E-004
1.119	9.2569145E-004
1.12	9.2162646E-004
1.121	9.1680005E-004
1.122	9.1200840E-004
1.123	9.0803864E-004
1.124	9.0330350E-004
1.125	8.9859782E-004
1.126	8.9392922E-004
1.127	8.9006691E-004
1.128	8.8543427E-004
1.129	8.8084908E-004
1.13	8.7629678E-004
1.131	8.7177078E-004
1.132	8.6802879E-004
1.133	8.6356670E-004
1.134	8.5912645E-004
1.135	8.5471768E-004
1.136	8.5035100E-004
1.137	8.4673020E-004
1.138	8.4240164E-004
1.139	8.3808874E-004
1.14	8.3382294E-004
1.141	8.2957902E-004
1.142	8.2606543E-004
1.143	8.2189054E-004
1.144	8.1772503E-004
1.145	8.1357855E-004
1.146	8.0946885E-004
1.147	8.0538949E-004
1.148	8.0134562E-004
1.149	7.9797889E-004
1.15	7.9398742E-004
1.151	7.8999141E-004
1.152	7.8603486E-004
1.153	7.8211841E-004
1.154	7.7819335E-004
1.155	7.7431573E-004
1.156	7.7046518E-004
1.157	7.6664065E-004
1.158	7.6345686E-004
1.159	7.5967913E-004
1.16	7.5592531E-004
1.161	7.5219228E-004
1.162	7.4846897E-004
1.163	7.4477721E-004
1.164	7.4112206E-004
1.165	7.3748274E-004
1.166	7.3386327E-004
1.167	7.3026563E-004
1.168	7.2669738E-004
1.169	7.2314317E-004
1.17	7.1960938E-004
1.171	7.1609468E-004
1.172	7.1260968E-004
1.173	7.0914463E-004
1.174	7.0570293E-004
1.175	7.0227816E-004
1.176	6.9889385E-004
1.177	6.9552928E-004
1.178	6.9216301E-004
1.179	6.8883121E-004
1.18	6.8553118E-004
1.181	6.8222662E-004
1.182	6.7893992E-004
1.183	6.7569176E-004
1.184	6.7246309E-004
1.185	6.6924287E-004
1.186	6.6606473E-004
1.187	6.6288718E-004
1.188	6.5972609E-004
1.189	6.5659179E-004
1.19	6.5346243E-004
1.191	6.4985565E-004
1.192	6.4678804E-004
1.193	6.4372271E-004
1.194	6.4068160E-004
1.195	6.3766853E-004
1.196	6.3466583E-004
1.197	6.3166680E-004
1.198	6.2870228E-004
1.199	6.2575517E-004
1.2	6.2233821E-004
1.201	6.1941985E-004
1.202	6.1652920E-004
1.203	6.1365904E-004
1.204	6.1079825E-004
1.205	6.0795539E-004
1.206	6.0512847E-004
1.207	6.0185563E-004
1.208	5.9906393E-004
1.209	5.9628830E-004
1.21	5.9353124E-004
1.211	5.9079292E-004
1.212	5.8807246E-004
1.213	5.8491033E-004
1.214	5.8221543E-004
1.215	5.7953544E-004
1.216	5.7687989E-004
1.217	5.7381002E-004
1.218	5.7118118E-004
1.219	5.6856842E-004
1.22	5.6597131E-004
1.221	5.6338881E-004
1.222	5.6040176E-004
1.223	5.5785826E-004
1.224	5.5532355E-004
1.225	5.5280078E-004
1.226	5.4987404E-004
1.227	5.4739759E-004
1.228	5.4493413E-004
1.229	5.4205762E-004
1.23	5.3962920E-004
1.231	5.3721218E-004
1.232	5.3480000E-004
1.233	5.3200609E-004
1.234	5.2960555E-004
1.235	5.2724232E-004
1.236	5.2448991E-004
1.237	5.2214786E-004
1.238	5.1982165E-004
1.239	5.1712408E-004
1.24	5.1481382E-004
1.241	5.1252992E-004
1.242	5.0988124E-004
1.243	5.0763157E-004
1.244	5.0538656E-004
1.245	5.0278404E-004
1.246	5.0055812E-004
1.247	4.9834052E-004
1.248	4.9579167E-004
1.249	4.9361569E-004
1.25	4.9108919E-004
1.251	4.8892782E-004
1.252	4.8679265E-004
1.253	4.8431175E-004
1.254	4.8219130E-004
1.255	4.7974131E-004
1.256	4.7764630E-004
1.257	4.7556835E-004
1.258	4.7315884E-004
1.259	4.7110239E-004
1.26	4.6871870E-004
1.261	4.6668662E-004
1.262	4.6432848E-004
1.263	4.6232427E-004
1.264	4.6032332E-004
1.265	4.5801714E-004
1.266	4.5604719E-004
1.267	4.5375631E-004
1.268	4.5180789E-004
1.269	4.4954041E-004
1.27	4.4760815E-004
1.271	4.4537353E-004
1.272	4.4348097E-004
1.273	4.4127382E-004
1.274	4.3938542E-004
1.275	4.3720630E-004
1.276	4.3534421E-004
1.277	4.3318394E-004
1.278	4.3134284E-004
1.279	4.2921831E-004
1.28	4.2739240E-004
1.281	4.2529491E-004
1.282	4.2320215E-004
1.283	4.2140804E-004
1.284	4.1934691E-004
1.285	4.1756922E-004
1.286	4.1553038E-004
1.287	4.1379043E-004
1.288	4.1175692E-004
1.289	4.0975140E-004
1.29	4.0803323E-004
1.291	4.0604203E-004
1.292	4.0435724E-004
1.293	4.0239215E-004
1.294	4.0042854E-004
1.295	3.9877204E-004
1.296	3.9684240E-004
1.297	3.9518002E-004
1.298	3.9327663E-004
1.299	3.9138307E-004
1.3	3.8976374E-004
1.301	3.8787886E-004
1.302	3.8601566E-004
1.303	3.8442385E-004
1.304	3.8258254E-004
1.305	3.8074970E-004
1.306	3.7918458E-004
1.307	3.7737639E-004
1.308	3.7557073E-004
1.309	3.7402433E-004
1.31	3.7224437E-004
1.311	3.7047337E-004
1.312	3.6895732E-004
1.313	3.6721290E-004
1.314	3.6547260E-004
1.315	3.6374378E-004
1.316	3.6226524E-004
1.317	3.6055158E-004
1.318	3.5884115E-004
1.319	3.5739338E-004
1.32	3.5571150E-004
1.321	3.5404111E-004
1.322	3.5237375E-004
1.323	3.5094810E-004
1.324	3.4930665E-004
1.325	3.4767002E-004
1.326	3.4604868E-004
1.327	3.4443193E-004
1.328	3.4305468E-004
1.329	3.4144431E-004
1.33	3.3985669E-004
1.331	3.3827845E-004
1.332	3.3671042E-004
1.333	3.3536615E-004
1.334	3.3381174E-004
1.335	3.3226627E-004
1.336	3.3073060E-004
1.337	3.2919689E-004
1.338	3.2789062E-004
1.339	3.2637402E-004
1.34	3.2488207E-004
1.341	3.2338864E-004
1.342	3.2189896E-004
1.343	3.2041490E-004
1.344	3.1894920E-004
1.345	3.1769293E-004
1.346	3.1623003E-004
1.347	3.1479311E-004
1.348	3.1335209E-004
1.349	3.1192266E-004
1.35	3.1051197E-004
1.351	3.0909581E-004
1.352	3.0769687E-004
1.353	3.0629613E-004
1.354	3.0490159E-004
1.355	3.0371945E-004
1.356	3.0233996E-004
1.357	3.0097007E-004
1.358	2.9960964E-004
1.359	2.9826100E-004
1.36	2.9691777E-004
1.361	2.9557885E-004
1.362	2.9425454E-004
1.363	2.9292988E-004
1.364	2.9161750E-004
1.365	2.9031426E-004
1.366	2.8900729E-004
1.367	2.8771124E-004
1.368	2.8642494E-004
1.369	2.8515010E-004
1.37	2.8388065E-004
1.371	2.8261699E-004
1.372	2.8134967E-004
1.373	2.8010769E-004
1.374	2.7885879E-004
1.375	2.7762487E-004
1.376	2.7638883E-004
1.377	2.7516994E-004
1.378	2.7394938E-004
1.379	2.7274000E-004
1.38	2.7154383E-004
1.381	2.7033719E-004
1.382	2.6915036E-004
1.383	2.6796287E-004
1.384	2.6678076E-004
1.385	2.6561393E-004
1.386	2.6428213E-004
1.387	2.6312110E-004
1.388	2.6197018E-004
1.389	2.6083039E-004
1.39	2.5968289E-004
1.391	2.5855421E-004
1.392	2.5742891E-004
1.393	2.5630253E-004
1.394	2.5519214E-004
1.395	2.5407827E-004
1.396	2.5282480E-004
1.397	2.5172910E-004
1.398	2.5064239E-004
1.399	2.4955394E-004
1.4	2.4847782E-004
1.401	2.4740509E-004
1.402	2.4626081E-004
1.403	2.4520085E-004
1.404	2.4414420E-004
1.405	2.4309877E-004
1.406	2.4205452E-004
1.407	2.4101375E-004
1.408	2.3983132E-004
1.409	2.3880965E-004
1.41	2.3779068E-004
1.411	2.3676993E-004
1.412	2.3575811E-004
1.413	2.3460928E-004
1.414	2.3360575E-004
1.415	2.3260956E-004
1.416	2.3162436E-004
1.417	2.3049973E-004
1.418	2.2952630E-004
1.419	2.2855232E-004
1.42	2.2757951E-004
1.421	2.2647680E-004
1.422	2.2551889E-004
1.423	2.2456495E-004
1.424	2.2361842E-004
1.425	2.2254452E-004
1.426	2.2160963E-004
1.427	2.2067814E-004
1.428	2.1975093E-004
1.429	2.1869662E-004
1.43	2.1778062E-004
1.431	2.1686885E-004
1.432	2.1582880E-004
1.433	2.1492549E-004
1.434	2.1402704E-004
1.435	2.1300856E-004
1.436	2.1212040E-004
1.437	2.1123307E-004
1.438	2.1022586E-004
1.439	2.0935391E-004
1.44	2.0848891E-004
1.441	2.0750117E-004
1.442	2.0663880E-004
1.443	2.0566095E-004
1.444	2.0481198E-004
1.445	2.0396289E-004
1.446	2.0299730E-004
1.447	2.0216012E-004
1.448	2.0132818E-004
1.449	2.0038481E-004
1.45	1.9956075E-004
1.451	1.9862076E-004
1.452	1.9780782E-004
1.453	1.9687573E-004
1.454	1.9606968E-004
1.455	1.9526809E-004
1.456	1.9435624E-004
1.457	1.9356092E-004
1.458	1.9265641E-004
1.459	1.9187084E-004
1.46	1.9097846E-004
1.461	1.9020082E-004
1.462	1.8931436E-004
1.463	1.8854672E-004
1.464	1.8767502E-004
1.465	1.8691488E-004
1.466	1.8605118E-004
1.467	1.8529677E-004
1.468	1.8443703E-004
1.469	1.8369099E-004
1.47	1.8295042E-004
1.471	1.8210750E-004
1.472	1.8126932E-004
1.473	1.8053831E-004
1.474	1.7970786E-004
1.475	1.7898181E-004
1.476	1.7816351E-004
1.477	1.7744717E-004
1.478	1.7663527E-004
1.479	1.7593014E-004
1.48	1.7512884E-004
1.481	1.7443123E-004
1.482	1.7363533E-004
1.483	1.7284631E-004
1.484	1.7215684E-004
1.485	1.7137591E-004
1.486	1.7069493E-004
1.487	1.6991820E-004
1.488	1.6914780E-004
1.489	1.6847813E-004
1.49	1.6771350E-004
1.491	1.6704838E-004
1.492	1.6629518E-004
1.493	1.6554506E-004
1.494	1.6489030E-004
1.495	1.6414720E-004
1.496	1.6340752E-004
1.497	1.6276322E-004
1.498	1.6203085E-004
1.499	1.6139243E-004
1.5	1.6066893E-004
1.501	1.5994872E-004
1.502	1.5932566E-004
1.503	1.5861187E-004
1.504	1.5790152E-004
1.505	1.5719789E-004
1.506	1.5658289E-004
1.507	1.5588479E-004
1.508	1.5519255E-004
1.509	1.5458737E-004
1.51	1.5390060E-004
1.511	1.5321518E-004
1.512	1.5254092E-004
1.513	1.5194484E-004
1.514	1.5126989E-004
1.515	1.5059901E-004
1.516	1.5001801E-004
1.517	1.4935670E-004
1.518	1.4869476E-004
1.519	1.4804155E-004
1.52	1.4747209E-004
1.521	1.4682289E-004
1.522	1.4617664E-004
1.523	1.4553075E-004
1.524	1.4489303E-004
1.525	1.4433690E-004
1.526	1.4370447E-004
1.527	1.4307578E-004
1.528	1.4244749E-004
1.529	1.4182295E-004
1.53	1.4128032E-004
1.531	1.4066539E-004
1.532	1.4005187E-004
1.533	1.3944470E-004
1.534	1.3883653E-004
1.535	1.3823307E-004
1.536	1.3770733E-004
1.537	1.3710531E-004
1.538	1.3651054E-004
1.539	1.3591824E-004
1.54	1.3533064E-004
1.541	1.3474489E-004
1.542	1.3416214E-004
1.543	1.3365592E-004
1.544	1.3307486E-004
1.545	1.3250466E-004
1.546	1.3193153E-004
1.547	1.3136683E-004
1.548	1.3080414E-004
1.549	1.3023861E-004
1.55	1.2968118E-004
1.551	1.2912280E-004
1.552	1.2857128E-004
1.553	1.2801761E-004
1.554	1.2747147E-004
1.555	1.2699449E-004
1.556	1.2644990E-004
1.557	1.2591151E-004
1.558	1.2537288E-004
1.559	1.2484244E-004
1.56	1.2430803E-004
1.561	1.2378082E-004
1.562	1.2325268E-004
1.563	1.2273523E-004
1.564	1.2221101E-004
1.565	1.2169441E-004
1.566	1.2117703E-004
1.567	1.2066769E-004
1.568	1.2015432E-004
1.569	1.1964692E-004
1.57	1.1914124E-004
1.571	1.1864171E-004
1.572	1.1814005E-004
1.573	1.1764411E-004
1.574	1.1714666E-004
1.575	1.1665477E-004
1.576	1.1616384E-004
1.577	1.1561673E-004
1.578	1.1513365E-004
1.579	1.1464825E-004
1.58	1.1417030E-004
1.581	1.1369323E-004
1.582	1.1322010E-004
1.583	1.1274328E-004
1.584	1.1227468E-004
1.585	1.1180583E-004
1.586	1.1134150E-004
1.587	1.1087352E-004
1.588	1.1041472E-004
1.589	1.0989885E-004
1.59	1.0944047E-004
1.591	1.0898613E-004
1.592	1.0853374E-004
1.593	1.0810929E-004
1.594	1.0766664E-004
1.595	1.0721738E-004
1.596	1.0672049E-004
1.597	1.0627879E-004
1.598	1.0583962E-004
1.599	1.0540515E-004
1.6	1.0497250E-004
1.601	1.0454142E-004
1.602	1.0405156E-004
1.603	1.0362269E-004
1.604	1.0319837E-004
1.605	1.0277588E-004
1.606	1.0235465E-004
1.607	1.0188858E-004
1.608	1.0147048E-004
1.609	1.0105659E-004
1.61	1.0064260E-004
1.611	1.0022727E-004
1.612	9.9770557E-005
1.613	9.9364159E-005
1.614	9.8959652E-005
1.615	9.8557481E-005
1.616	9.8107623E-005
1.617	9.7708107E-005
1.618	9.7311487E-005
1.619	9.6915996E-005
1.62	9.6470852E-005
1.621	9.6080155E-005
1.622	9.5690586E-005
1.623	9.5259158E-005
1.624	9.4872863E-005
1.625	9.4489900E-005
1.626	9.4108800E-005
1.627	9.3681432E-005
1.628	9.3303453E-005
1.629	9.2927323E-005
1.63	9.2502931E-005
1.631	9.2130598E-005
1.632	9.1758979E-005
1.633	9.1349357E-005
1.634	9.0981601E-005
1.635	9.0568712E-005
1.636	9.0205853E-005
1.637	8.9845998E-005
1.638	8.9445799E-005
1.639	8.9089895E-005
1.64	8.8734916E-005
1.641	8.8334491E-005
1.642	8.7983186E-005
1.643	8.7630920E-005
1.644	8.7235479E-005
1.645	8.6888322E-005
1.646	8.6504908E-005
1.647	8.6161701E-005
1.648	8.5779735E-005
1.649	8.5434302E-005
1.65	8.5100008E-005
1.651	8.4720225E-005
1.652	8.4380110E-005
1.653	8.4008148E-005
1.654	8.3678417E-005
1.655	8.3303843E-005
1.656	8.2978208E-005
1.657	8.2610728E-005
1.658	8.2282088E-005
1.659	8.1922357E-005
1.66	8.1599021E-005
1.661	8.1277991E-005
1.662	8.0914731E-005
1.663	8.0597973E-005
1.664	8.0246224E-005
1.665	7.9932281E-005
1.666	7.9575315E-005
1.667	7.9268146E-005
1.668	7.8920944E-005
1.669	7.8572753E-005
1.67	7.8264588E-005
1.671	7.7923243E-005
1.672	7.7616620E-005
1.673	7.7276789E-005
1.674	7.6980177E-005
1.675	7.6641372E-005
1.676	7.6342643E-005
1.677	7.6011813E-005
1.678	7.5712240E-005
1.679	7.5383396E-005
1.68	7.5056516E-005
1.681	7.4762364E-005
1.682	7.4437397E-005
1.683	7.4154246E-005
1.684	7.3830532E-005
1.685	7.3505798E-005
1.686	7.3225892E-005
1.687	7.2909541E-005
1.688	7.2624724E-005
1.689	7.2312963E-005
1.69	7.1994844E-005
1.691	7.1719100E-005
1.692	7.1411821E-005
1.693	7.1104703E-005
1.694	7.0828821E-005
1.695	7.0523667E-005
1.696	7.0223563E-005
1.697	6.9955946E-005
1.698	6.9649999E-005
1.699	6.9349240E-005
1.7	6.9087546E-005
1.701	6.8790825E-005
1.702	6.8494643E-005
1.703	6.8233894E-005
1.704	6.7942507E-005
1.705	6.7651636E-005
1.706	6.7362649E-005
1.707	6.7106135E-005
1.708	6.6820961E-005
1.709	6.6534769E-005
1.71	6.6282744E-005
1.711	6.6000044E-005
1.712	6.5719585E-005
1.713	6.5439563E-005
1.714	6.5192187E-005
1.715	6.4914551E-005
1.716	6.4639447E-005
1.717	6.4365442E-005
1.718	6.4088636E-005
1.719	6.3851207E-005
1.72	6.3580308E-005
1.721	6.3307743E-005
1.722	6.3039908E-005
1.723	6.2776795E-005
1.724	6.2542240E-005
1.725	6.2274063E-005
1.726	6.2012448E-005
1.727	6.1752799E-005
1.728	6.1493207E-005
1.729	6.1259969E-005
1.73	6.1004142E-005
1.731	6.0745024E-005
1.732	6.0510265E-005
1.733	6.0255639E-005
1.734	6.0001970E-005
1.735	5.9750160E-005
1.736	5.9528000E-005
1.737	5.9279198E-005
1.738	5.9030590E-005
1.739	5.8782371E-005
1.74	5.8535770E-005
1.741	5.8292506E-005
1.742	5.8050522E-005
1.743	5.7809764E-005
1.744	5.7594960E-005
1.745	5.7355424E-005
1.746	5.7116762E-005
1.747	5.6878740E-005
1.748	5.6640718E-005
1.749	5.6405188E-005
1.75	5.6174798E-005
1.751	5.5941244E-005
1.752	5.5708024E-005
1.753	5.5476790E-005
1.754	5.5246226E-005
1.755	5.5019689E-005
1.756	5.4792694E-005
1.757	5.4565538E-005
1.758	5.4341592E-005
1.759	5.4115564E-005
1.76	5.3893644E-005
1.761	5.3672051E-005
1.762	5.3451357E-005
1.763	5.3231128E-005
1.764	5.3011900E-005
1.765	5.2793745E-005
1.766	5.2577801E-005
1.767	5.2361404E-005
1.768	5.2146450E-005
1.769	5.1931827E-005
1.77	5.1719562E-005
1.771	5.1508581E-005
1.772	5.1298473E-005
1.773	5.1089773E-005
1.774	5.0881696E-005
1.775	5.0671708E-005
1.776	5.0465304E-005
1.777	5.0260329E-005
1.778	5.0055107E-005
1.779	4.9828039E-005
1.78	4.9627797E-005
1.781	4.9426311E-005
1.782	4.9223068E-005
1.783	4.9024500E-005
1.784	4.8826332E-005
1.785	4.8628779E-005
1.786	4.8431477E-005
1.787	4.8232894E-005
1.788	4.8018868E-005
1.789	4.7824356E-005
1.79	4.7629655E-005
1.791	4.7436562E-005
1.792	4.7247519E-005
1.793	4.7055553E-005
1.794	4.6866448E-005
1.795	4.6658071E-005
1.796	4.6466350E-005
1.797	4.6281555E-005
1.798	4.6095221E-005
1.799	4.5911573E-005
1.8	4.5704732E-005
1.801	4.5519882E-005
1.802	4.5340723E-005
1.803	4.5158849E-005
1.804	4.4976809E-005
1.805	4.4779637E-005
1.806	4.4600085E-005
1.807	4.4420362E-005
1.808	4.4241369E-005
1.809	4.4047629E-005
1.81	4.3871078E-005
1.811	4.3696553E-005
1.812	4.3524000E-005
1.813	4.3329823E-005
1.814	4.3156728E-005
1.815	4.2984244E-005
1.816	4.2814110E-005
1.817	4.2624455E-005
1.818	4.2457690E-005
1.819	4.2288015E-005
1.82	4.2101223E-005
1.821	4.1936735E-005
1.822	4.1770774E-005
1.823	4.1604177E-005
1.824	4.1422623E-005
1.825	4.1258332E-005
1.826	4.1093841E-005
1.827	4.0913274E-005
1.828	4.0751362E-005
1.829	4.0590752E-005
1.83	4.0413885E-005
1.831	4.0253864E-005
1.832	4.0095914E-005
1.833	3.9921611E-005
1.834	3.9763974E-005
1.835	3.9589744E-005
1.836	3.9435647E-005
1.837	3.9280745E-005
1.838	3.9108825E-005
1.839	3.8957380E-005
1.84	3.8785820E-005
1.841	3.8633443E-005
1.842	3.8483679E-005
1.843	3.8315713E-005
1.844	3.8167622E-005
1.845	3.8009144E-005
1.846	3.7859078E-005
1.847	3.7713067E-005
1.848	3.7550108E-005
1.849	3.7402227E-005
1.85	3.7240661E-005
1.851	3.7098307E-005
1.852	3.6937861E-005
1.853	3.6793361E-005
1.854	3.6635603E-005
1.855	3.6493166E-005
1.856	3.6334553E-005
1.857	3.6193684E-005
1.858	3.6038018E-005
1.859	3.5898396E-005
1.86	3.5744626E-005
1.861	3.5606874E-005
1.862	3.5453348E-005
1.863	3.5317269E-005
1.864	3.5165885E-005
1.865	3.5029727E-005
1.866	3.4879944E-005
1.867	3.4745666E-005
1.868	3.4597244E-005
1.869	3.4462744E-005
1.87	3.4315657E-005
1.871	3.4184603E-005
1.872	3.4038650E-005
1.873	3.3892560E-005
1.874	3.3763630E-005
1.875	3.3620137E-005
1.876	3.3490564E-005
1.877	3.3348406E-005
1.878	3.3207463E-005
1.879	3.3079581E-005
1.88	3.2938529E-005
1.881	3.2813303E-005
1.882	3.2673830E-005
1.883	3.2536176E-005
1.884	3.2411845E-005
1.885	3.2274165E-005
1.886	3.2151234E-005
1.887	3.2015621E-005
1.888	3.1880336E-005
1.889	3.1758962E-005
1.89	3.1623527E-005
1.891	3.1491585E-005
1.892	3.1372612E-005
1.893	3.1239979E-005
1.894	3.1109023E-005
1.895	3.0990766E-005
1.896	3.0859850E-005
1.897	3.0731426E-005
1.898	3.0614356E-005
1.899	3.0485322E-005
1.9	3.0357494E-005
1.901	3.0229681E-005
1.902	3.0117815E-005
1.903	2.9989769E-005
1.904	2.9864012E-005
1.905	2.9752262E-005
1.906	2.9626313E-005
1.907	2.9503388E-005
1.908	2.9380015E-005
1.909	2.9268660E-005
1.91	2.9147521E-005
1.911	2.9025457E-005
1.912	2.8904455E-005
1.913	2.8796459E-005
1.914	2.8676290E-005
1.915	2.8557984E-005
1.916	2.8438655E-005
1.917	2.8319922E-005
1.918	2.8213983E-005
1.919	2.8096898E-005
1.92	2.7980892E-005
1.921	2.7863765E-005
1.922	2.7747956E-005
1.923	2.7634844E-005
1.924	2.7530990E-005
1.925	2.7417280E-005
1.926	2.7303555E-005
1.927	2.7190179E-005
1.928	2.7079976E-005
1.929	2.6966200E-005
1.93	2.6865770E-005
1.931	2.6755277E-005
1.932	2.6644155E-005
1.933	2.6535643E-005
1.934	2.6425561E-005
1.935	2.6315967E-005
1.936	2.6208838E-005
1.937	2.6100541E-005
1.938	2.6004720E-005
1.939	2.5903762E-005
1.94	2.5797390E-005
1.941	2.5692261E-005
1.942	2.5585881E-005
1.943	2.5481710E-005
1.944	2.5377052E-005
1.945	2.5274521E-005
1.946	2.5169495E-005
1.947	2.5067529E-005
1.948	2.4964538E-005
1.949	2.4862678E-005
1.95	2.4761304E-005
1.951	2.4661194E-005
1.952	2.4559857E-005
1.953	2.4460469E-005
1.954	2.4359791E-005
1.955	2.4261080E-005
1.956	2.4161696E-005
1.957	2.4064044E-005
1.958	2.3966315E-005
1.959	2.3868986E-005
1.96	2.3771190E-005
1.961	2.3675038E-005
1.962	2.3579249E-005
1.963	2.3483657E-005
1.964	2.3387978E-005
1.965	2.3293818E-005
1.966	2.3199551E-005
1.967	2.3106537E-005
1.968	2.3012677E-005
1.969	2.2920254E-005
1.97	2.2826887E-005
1.971	2.2734232E-005
1.972	2.2642695E-005
1.973	2.2551372E-005
1.974	2.2460306E-005
1.975	2.2369568E-005
1.976	2.2279986E-005
1.977	2.2180602E-005
1.978	2.2091497E-005
1.979	2.2002943E-005
1.98	2.1915574E-005
1.981	2.1827234E-005
1.982	2.1739213E-005
1.983	2.1652380E-005
1.984	2.1565311E-005
1.985	2.1469890E-005
1.986	2.1384647E-005
1.987	2.1299142E-005
1.988	2.1213746E-005
1.989	2.1128837E-005
1.99	2.1044698E-005
1.991	2.0960095E-005
1.992	2.0867541E-005
1.993	2.0784464E-005
1.994	2.0701480E-005
1.995	2.0619069E-005
1.996	2.0537860E-005
1.997	2.0448029E-005
1.998	2.0366357E-005
1.999	2.0285554E-005
2	2.0204767E-005
2.001	2.0125097E-005
2.002	2.0035463E-005
2.003	1.9956726E-005
2.004	1.9877472E-005
2.005	1.9798770E-005
2.006	1.9712616E-005
2.007	1.9634595E-005
2.008	1.9556455E-005
2.009	1.9479741E-005
2.01	1.9394121E-005
2.011	1.9317473E-005
2.012	1.9241712E-005
2.013	1.9158244E-005
2.014	1.9082516E-005
2.015	1.9007466E-005
2.016	1.8931953E-005
2.017	1.8850136E-005
2.018	1.8775307E-005
2.019	1.8702360E-005
2.02	1.8620231E-005
2.021	1.8547555E-005
2.022	1.8478220E-005
2.023	1.8398267E-005
2.024	1.8325713E-005
2.025	1.8254248E-005
2.026	1.8175497E-005
2.027	1.8103274E-005
2.028	1.8033197E-005
2.029	1.7956156E-005
2.03	1.7886006E-005
2.031	1.7808930E-005
2.032	1.7739358E-005
2.033	1.7669603E-005
2.034	1.7593866E-005
2.035	1.7524737E-005
2.036	1.7457103E-005
2.037	1.7381866E-005
2.038	1.7313379E-005
2.039	1.7240583E-005
2.04	1.7173601E-005
2.041	1.7098801E-005
2.042	1.7032586E-005
2.043	1.6966076E-005
2.044	1.6893133E-005
2.045	1.6828028E-005
2.046	1.6756390E-005
2.047	1.6690512E-005
2.048	1.6619557E-005
2.049	1.6554062E-005
2.05	1.6484733E-005
2.051	1.6420641E-005
2.052	1.6350372E-005
2.053	1.6288066E-005
2.054	1.6217651E-005
2.055	1.6155735E-005
2.056	1.6086628E-005
2.057	1.6024176E-005
2.058	1.5956130E-005
2.059	1.5894620E-005
2.06	1.5826921E-005
2.061	1.5766922E-005
2.062	1.5699750E-005
2.063	1.5639698E-005
2.064	1.5573600E-005
2.065	1.5512966E-005
2.066	1.5447771E-005
2.067	1.5388594E-005
2.068	1.5322708E-005
2.069	1.5258633E-005
2.07	1.5200068E-005
2.071	1.5136113E-005
2.072	1.5077685E-005
2.073	1.5013919E-005
2.074	1.4956122E-005
2.075	1.4893774E-005
2.076	1.4831095E-005
2.077	1.4773421E-005
2.078	1.4711654E-005
2.079	1.4655727E-005
2.08	1.4593610E-005
2.081	1.4532676E-005
2.082	1.4476970E-005
2.083	1.4415472E-005
2.084	1.4355892E-005
2.085	1.4301069E-005
2.086	1.4240165E-005
2.087	1.4181574E-005
2.088	1.4127353E-005
2.089	1.4067724E-005
2.09	1.4010168E-005
2.091	1.3957138E-005
2.092	1.3897602E-005
2.093	1.3840267E-005
2.094	1.3787752E-005
2.095	1.3729082E-005
2.096	1.3675131E-005
2.097	1.3618358E-005
2.098	1.3566641E-005
2.099	1.3510508E-005
2.1	1.3454926E-005
2.101	1.3403276E-005
2.102	1.3346717E-005
2.103	1.3291561E-005
2.104	1.3236834E-005
2.105	1.3186985E-005
2.106	1.3133000E-005
2.107	1.3077743E-005
2.108	1.3022689E-005
2.109	1.2969319E-005
2.11	1.2920025E-005
2.111	1.2866333E-005
2.112	1.2813609E-005
2.113	1.2760165E-005
2.114	1.2711741E-005
2.115	1.2660268E-005
2.116	1.2607366E-005
2.117	1.2556062E-005
2.118	1.2503926E-005
2.119	1.2452508E-005
2.12	1.2405670E-005
2.121	1.2354562E-005
2.122	1.2303531E-005
2.123	1.2253304E-005
2.124	1.2203226E-005
2.125	1.2152500E-005
2.126	1.2106049E-005
2.127	1.2056760E-005
2.128	1.2007085E-005
2.129	1.1958071E-005
2.13	1.1909366E-005
2.131	1.1860315E-005
2.132	1.1811354E-005
2.133	1.1762358E-005
2.134	1.1719218E-005
2.135	1.1671232E-005
2.136	1.1622991E-005
2.137	1.1575629E-005
2.138	1.1527827E-005
2.139	1.1480447E-005
2.14	1.1434152E-005
2.141	1.1387094E-005
2.142	1.1340899E-005
2.143	1.1294838E-005
2.144	1.1249097E-005
2.145	1.1202990E-005
2.146	1.1157451E-005
2.147	1.1111118E-005
2.148	1.1066285E-005
2.149	1.1020976E-005
2.15	1.0976275E-005
2.151	1.0931714E-005
2.152	1.0887542E-005
2.153	1.0843204E-005
2.154	1.0799014E-005
2.155	1.0755243E-005
2.156	1.0711442E-005
2.157	1.0668035E-005
2.158	1.0624555E-005
2.159	1.0581650E-005
2.16	1.0538502E-005
2.161	1.0495452E-005
2.162	1.0455675E-005
2.163	1.0412955E-005
2.164	1.0370823E-005
2.165	1.0328311E-005
2.166	1.0287506E-005
2.167	1.0246020E-005
2.168	1.0204233E-005
2.169	1.0163276E-005
2.17	1.0122301E-005
2.171	1.0081205E-005
2.172	1.0040601E-005
2.173	9.9967610E-006
2.174	9.9564641E-006
2.175	9.9160534E-006
2.176	9.8755963E-006
2.177	9.8368964E-006
2.178	9.7968978E-006
2.179	9.7585453E-006
2.18	9.7183465E-006
2.181	9.6760841E-006
2.182	9.6372924E-006
2.183	9.5984060E-006
2.184	9.5601172E-006
2.185	9.5220585E-006
2.186	9.4835741E-006
2.187	9.4423840E-006
2.188	9.4041816E-006
2.189	9.3667240E-006
2.19	9.3288354E-006
2.191	9.2922965E-006
2.192	9.2522896E-006
2.193	9.2150012E-006
2.194	9.1784013E-006
2.195	9.1415077E-006
2.196	9.1051988E-006
2.197	9.0657395E-006
2.198	9.0292597E-006
2.199	8.9929154E-006
2.2	8.9571513E-006
2.201	8.9220257E-006
2.202	8.8829638E-006
2.203	8.8470160E-006
2.204	8.8120723E-006
2.205	8.7744329E-006
2.206	8.7389817E-006
2.207	8.7045619E-006
2.208	8.6696728E-006
2.209	8.6327927E-006
2.21	8.5982092E-006
2.211	8.5642059E-006
2.212	8.5268148E-006
2.213	8.4931344E-006
2.214	8.4593530E-006
2.215	8.4260264E-006
2.216	8.3897758E-006
2.217	8.3567375E-006
2.218	8.3235864E-006
2.219	8.2873239E-006
2.22	8.2541837E-006
2.221	8.2222459E-006
2.222	8.1871103E-006
2.223	8.1561066E-006
2.224	8.1208145E-006
2.225	8.0892023E-006
2.226	8.0580849E-006
2.227	8.0231794E-006
2.228	7.9913743E-006
2.229	7.9595957E-006
2.23	7.9258243E-006
2.231	7.8940138E-006
2.232	7.8606909E-006
2.233	7.8299172E-006
2.234	7.7988143E-006
2.235	7.7656478E-006
2.236	7.7352788E-006
2.237	7.7022114E-006
2.238	7.6717542E-006
2.239	7.6389997E-006
2.24	7.6094884E-006
2.241	7.5787675E-006
2.242	7.5467310E-006
2.243	7.5176226E-006
2.244	7.4856189E-006
2.245	7.4562645E-006
2.246	7.4243853E-006
2.247	7.3952974E-006
2.248	7.3645301E-006
2.249	7.3353008E-006
2.25	7.3041069E-006
2.251	7.2751945E-006
2.252	7.2443809E-006
2.253	7.2163580E-006
2.254	7.1856721E-006
2.255	7.1579807E-006
2.256	7.1276204E-006
2.257	7.0995802E-006
2.258	7.0687256E-006
2.259	7.0422070E-006
2.26	7.0119399E-006
2.261	6.9850171E-006
2.262	6.9552170E-006
2.263	6.9255984E-006
2.264	6.8991017E-006
2.265	6.8700315E-006
2.266	6.8431109E-006
2.267	6.8142431E-006
2.268	6.7878964E-006
2.269	6.7593287E-006
2.27	6.7307224E-006
2.271	6.7044771E-006
2.272	6.6756670E-006
2.273	6.6507419E-006
2.274	6.6225689E-006
2.275	6.5945665E-006
2.276	6.5687932E-006
2.277	6.5413501E-006
2.278	6.5136223E-006
2.279	6.4886767E-006
2.28	6.4619280E-006
2.281	6.4374290E-006
2.282	6.4106275E-006
2.283	6.3835741E-006
2.284	6.3589537E-006
2.285	6.3321309E-006
2.286	6.3055886E-006
2.287	6.2814606E-006
2.288	6.2550084E-006
2.289	6.2289655E-006
2.29	6.2028348E-006
2.291	6.1791343E-006
2.292	6.1531937E-006
2.293	6.1277315E-006
2.294	6.1038786E-006
2.295	6.0781085E-006
2.296	6.0529569E-006
2.297	6.0277416E-006
2.298	6.0045159E-006
2.299	5.9794756E-006
2.3	5.9544609E-006
2.301	5.9297640E-006
2.302	5.9070376E-006
2.303	5.8826495E-006
2.304	5.8580913E-006
2.305	5.8335586E-006
2.306	5.8112587E-006
2.307	5.7872735E-006
2.308	5.7629245E-006
2.309	5.7390489E-006
2.31	5.7150769E-006
2.311	5.6930767E-006
2.312	5.6694189E-006
2.313	5.6462400E-006
2.314	5.6228450E-006
2.315	5.5995038E-006
2.316	5.5786600E-006
2.317	5.5552455E-006
2.318	5.5321834E-006
2.319	5.5094333E-006
2.32	5.4863563E-006
2.321	5.4634465E-006
2.322	5.4409779E-006
2.323	5.4200400E-006
2.324	5.3980184E-006
2.325	5.3758154E-006
2.326	5.3530343E-006
2.327	5.3313875E-006
2.328	5.3090343E-006
2.329	5.2875121E-006
2.33	5.2656555E-006
2.331	5.2431265E-006
2.332	5.2228993E-006
2.333	5.2033961E-006
2.334	5.1819707E-006
2.335	5.1604493E-006
2.336	5.1393072E-006
2.337	5.1184202E-006
2.338	5.0969229E-006
2.339	5.0761046E-006
2.34	5.0549079E-006
2.341	5.0343274E-006
2.342	5.0138287E-006
2.343	4.9928763E-006
2.344	4.9725581E-006
2.345	4.9520668E-006
2.346	4.9318037E-006
2.347	4.9118426E-006
2.348	4.8917150E-006
2.349	4.8714182E-006
2.35	4.8512375E-006
2.351	4.8314946E-006
2.352	4.8120769E-006
2.353	4.7923745E-006
2.354	4.7723488E-006
2.355	4.7528774E-006
2.356	4.7335589E-006
2.357	4.7141825E-006
2.358	4.6952468E-006
2.359	4.6757646E-006
2.36	4.6567998E-006
2.361	4.6377922E-006
2.362	4.6188520E-006
2.363	4.6000691E-006
2.364	4.5809697E-006
2.365	4.5622905E-006
2.366	4.5422962E-006
2.367	4.5237880E-006
2.368	4.5053025E-006
2.369	4.4869530E-006
2.37	4.4689968E-006
2.371	4.4510198E-006
2.372	4.4325284E-006
2.373	4.4147605E-006
2.374	4.3969335E-006
2.375	4.3771656E-006
2.376	4.3595555E-006
2.377	4.3412178E-006
2.378	4.3241703E-006
2.379	4.3067212E-006
2.38	4.2890824E-006
2.381	4.2728166E-006
2.382	4.2540114E-006
2.383	4.2372053E-006
2.384	4.2194979E-006
2.385	4.2026008E-006
2.386	4.1855751E-006
2.387	4.1670723E-006
2.388	4.1505150E-006
2.389	4.1332296E-006
2.39	4.1170479E-006
2.391	4.1004228E-006
2.392	4.0826581E-006
2.393	4.0661057E-006
2.394	4.0495052E-006
2.395	4.0336968E-006
2.396	4.0170275E-006
2.397	3.9994293E-006
2.398	3.9832385E-006
2.399	3.9674665E-006
2.4	3.9501147E-006
2.401	3.9342094E-006
2.402	3.9182414E-006
2.403	3.9025008E-006
2.404	3.8857274E-006
2.405	3.8697622E-006
2.406	3.8543844E-006
2.407	3.8385610E-006
2.408	3.8220605E-006
2.409	3.8068908E-006
2.41	3.7914351E-006
2.411	3.7750037E-006
2.412	3.7596060E-006
2.413	3.7447053E-006
2.414	3.7283758E-006
2.415	3.7139291E-006
2.416	3.6992546E-006
2.417	3.6825936E-006
2.418	3.6679364E-006
2.419	3.6532770E-006
2.42	3.6373428E-006
2.421	3.6229419E-006
2.422	3.6071108E-006
2.423	3.5927376E-006
2.424	3.5783917E-006
2.425	3.5628850E-006
2.426	3.5486134E-006
2.427	3.5347377E-006
2.428	3.5204951E-006
2.429	3.5062646E-006
2.43	3.4911159E-006
2.431	3.4768109E-006
2.432	3.4623290E-006
2.433	3.4481552E-006
2.434	3.4346654E-006
2.435	3.4196510E-006
2.436	3.4062982E-006
2.437	3.3916792E-006
2.438	3.3780777E-006
2.439	3.3631122E-006
2.44	3.3497724E-006
2.441	3.3356516E-006
2.442	3.3222714E-006
2.443	3.3092622E-006
2.444	3.2949858E-006
2.445	3.2819521E-006
2.446	3.2681435E-006
2.447	3.2547466E-006
2.448	3.2409021E-006
2.449	3.2272924E-006
2.45	3.2145936E-006
2.451	3.2014482E-006
2.452	3.1876771E-006
2.453	3.1743368E-006
2.454	3.1620011E-006
2.455	3.1484840E-006
2.456	3.1357051E-006
2.457	3.1223954E-006
2.458	3.1101290E-006
2.459	3.0968515E-006
2.46	3.0844055E-006
2.461	3.0713786E-006
2.462	3.0579622E-006
2.463	3.0459989E-006
2.464	3.0331817E-006
2.465	3.0212232E-006
2.466	3.0081230E-006
2.467	2.9951727E-006
2.468	2.9832588E-006
2.469	2.9710588E-006
2.47	2.9592759E-006
2.471	2.9475204E-006
2.472	2.9346281E-006
2.473	2.9232035E-006
2.474	2.9107002E-006
2.475	2.8988879E-006
2.476	2.8868806E-006
2.477	2.8748300E-006
2.478	2.8633990E-006
2.479	2.8510544E-006
2.48	2.8391059E-006
2.481	2.8279403E-006
2.482	2.8160250E-006
2.483	2.8041941E-006
2.484	2.7919455E-006
2.485	2.7813207E-006
2.486	2.7694541E-006
2.487	2.7578114E-006
2.488	2.7468784E-006
2.489	2.7350670E-006
2.49	2.7234807E-006
2.491	2.7132555E-006
2.492	2.7015253E-006
2.493	2.6902869E-006
2.494	2.6788011E-006
2.495	2.6687192E-006
2.496	2.6572093E-006
2.497	2.6459934E-006
2.498	2.6348966E-006
2.499	2.6247460E-006
2.5	2.6137111E-006
2.501	2.6027913E-006
2.502	2.5915342E-006
2.503	2.5806944E-006
2.504	2.5704962E-006
2.505	2.5598561E-006
2.506	2.5488098E-006
2.507	2.5377235E-006
2.508	2.5272998E-006
2.509	2.5174945E-006
2.51	2.5073132E-006
2.511	2.4965188E-006
2.512	2.4859539E-006
2.513	2.4760716E-006
2.514	2.4655840E-006
2.515	2.4561170E-006
2.516	2.4456808E-006
2.517	2.4354131E-006
2.518	2.4254246E-006
2.519	2.4150495E-006
2.52	2.4051599E-006
2.521	2.3947646E-006
2.522	2.3856539E-006
2.523	2.3757752E-006
2.524	2.3657185E-006
2.525	2.3557718E-006
2.526	2.3459590E-006
2.527	2.3360064E-006
2.528	2.3263567E-006
2.529	2.3165028E-006
2.53	2.3070365E-006
2.531	2.2975346E-006
2.532	2.2876984E-006
2.533	2.2782344E-006
2.534	2.2696177E-006
2.535	2.2596323E-006
2.536	2.2505071E-006
2.537	2.2410090E-006
2.538	2.2318707E-006
2.539	2.2224554E-006
2.54	2.2131799E-006
2.541	2.2042864E-006
2.542	2.1948035E-006
2.543	2.1858159E-006
2.544	2.1765325E-006
2.545	2.1673341E-006
2.546	2.1585608E-006
2.547	2.1494609E-006
2.548	2.1406199E-006
2.549	2.1315732E-006
2.55	2.1229400E-006
2.551	2.1137203E-006
2.552	2.1058868E-006
2.553	2.0967336E-006
2.554	2.0885107E-006
2.555	2.0796228E-006
2.556	2.0708308E-006
2.557	2.0616715E-006
2.558	2.0528680E-006
2.559	2.0445916E-006
2.56	2.0359009E-006
2.561	2.0277184E-006
2.562	2.0190350E-006
2.563	2.0113159E-006
2.564	2.0025811E-006
2.565	1.9945460E-006
2.566	1.9860242E-006
2.567	1.9776874E-006
2.568	1.9689189E-006
2.569	1.9608096E-006
2.57	1.9527854E-006
2.571	1.9449531E-006
2.572	1.9370418E-006
2.573	1.9290130E-006
2.574	1.9209879E-006
2.575	1.9126746E-006
2.576	1.9046196E-006
2.577	1.8966725E-006
2.578	1.8887234E-006
2.579	1.8809963E-006
2.58	1.8734027E-006
2.581	1.8649089E-006
2.582	1.8570776E-006
2.583	1.8491512E-006
2.584	1.8413816E-006
2.585	1.8342446E-006
2.586	1.8261626E-006
2.587	1.8184113E-006
2.588	1.8111330E-006
2.589	1.8038680E-006
2.59	1.7967698E-006
2.591	1.7887355E-006
2.592	1.7815767E-006
2.593	1.7743937E-006
2.594	1.7670286E-006
2.595	1.7592123E-006
2.596	1.7521170E-006
2.597	1.7447410E-006
2.598	1.7376043E-006
2.599	1.7300380E-006
2.6	1.7228255E-006
2.601	1.7157814E-006
2.602	1.7083781E-006
2.603	1.7011702E-006
2.604	1.6942321E-006
2.605	1.6874468E-006
2.606	1.6799505E-006
2.607	1.6730352E-006
2.608	1.6661721E-006
2.609	1.6589430E-006
2.61	1.6522845E-006
2.611	1.6453802E-006
2.612	1.6379995E-006
2.613	1.6312499E-006
2.614	1.6248498E-006
2.615	1.6176608E-006
2.616	1.6110498E-006
2.617	1.6041874E-006
2.618	1.5978760E-006
2.619	1.5909936E-006
2.62	1.5842699E-006
2.621	1.5776113E-006
2.622	1.5712064E-006
2.623	1.5644221E-006
2.624	1.5578494E-006
2.625	1.5511275E-006
2.626	1.5451498E-006
2.627	1.5387453E-006
2.628	1.5320205E-006
2.629	1.5260083E-006
2.63	1.5192016E-006
2.631	1.5130897E-006
2.632	1.5063060E-006
2.633	1.5003537E-006
2.634	1.4937160E-006
2.635	1.4874479E-006
2.636	1.4809474E-006
2.637	1.4752125E-006
2.638	1.4690086E-006
2.639	1.4625654E-006
2.64	1.4569632E-006
2.641	1.4504287E-006
2.642	1.4446941E-006
2.643	1.4382088E-006
2.644	1.4324166E-006
2.645	1.4265315E-006
2.646	1.4205125E-006
2.647	1.4143678E-006
2.648	1.4086261E-006
2.649	1.4023886E-006
2.65	1.3965648E-006
2.651	1.3907865E-006
2.652	1.3846565E-006
2.653	1.3792269E-006
2.654	1.3732082E-006
2.655	1.3676191E-006
2.656	1.3617905E-006
2.657	1.3563907E-006
2.658	1.3504044E-006
2.659	1.3442491E-006
2.66	1.3388328E-006
2.661	1.3335184E-006
2.662	1.3282147E-006
2.663	1.3223967E-006
2.664	1.3164541E-006
2.665	1.3113687E-006
2.666	1.3055389E-006
2.667	1.3002838E-006
2.668	1.2946962E-006
2.669	1.2892365E-006
2.67	1.2840204E-006
2.671	1.2784203E-006
2.672	1.2729299E-006
2.673	1.2677269E-006
2.674	1.2620236E-006
2.675	1.2567501E-006
2.676	1.2520186E-006
2.677	1.2462252E-006
2.678	1.2411050E-006
2.679	1.2360275E-006
2.68	1.2307155E-006
2.681	1.2254137E-006
2.682	1.2204010E-006
2.683	1.2153606E-006
2.684	1.2100113E-006
2.685	1.2049151E-006
2.686	1.2000762E-006
2.687	1.1948846E-006
2.688	1.1897458E-006
2.689	1.1851081E-006
2.69	1.1800296E-006
2.691	1.1747910E-006
2.692	1.1699383E-006
2.693	1.1651833E-006
2.694	1.1599683E-006
2.695	1.1551897E-006
2.696	1.1501949E-006
2.697	1.1458346E-006
2.698	1.1407664E-006
2.699	1.1361241E-006
2.7	1.1308517E-006
2.701	1.1260890E-006
2.702	1.1215070E-006
2.703	1.1167973E-006
2.704	1.1119806E-006
2.705	1.1071346E-006
2.706	1.1025481E-006
2.707	1.0980076E-006
2.708	1.0934467E-006
2.709	1.0887386E-006
2.71	1.0843567E-006
2.711	1.0796555E-006
2.712	1.0749646E-006
2.713	1.0702863E-006
2.714	1.0660248E-006
2.715	1.0614041E-006
2.716	1.0570512E-006
2.717	1.0526289E-006
2.718	1.0479375E-006
2.719	1.0435349E-006
2.72	1.0388652E-006
2.721	1.0347583E-006
2.722	1.0300158E-006
2.723	1.0263529E-006
2.724	1.0215703E-006
2.725	1.0175805E-006
2.726	1.0127526E-006
2.727	1.0088618E-006
2.728	1.0044705E-006
2.729	1.0004926E-006
2.73	9.9612407E-007
2.731	9.9185729E-007
2.732	9.8758187E-007
2.733	9.8340013E-007
2.734	9.7926375E-007
2.735	9.7505665E-007
2.736	9.7091925E-007
2.737	9.6674637E-007
2.738	9.6263170E-007
2.739	9.5836526E-007
2.74	9.5446171E-007
2.741	9.5036012E-007
2.742	9.4638119E-007
2.743	9.4226783E-007
2.744	9.3832466E-007
2.745	9.3429958E-007
2.746	9.3034333E-007
2.747	9.2640261E-007
2.748	9.2253441E-007
2.749	9.1867338E-007
2.75	9.1480854E-007
2.751	9.1089532E-007
2.752	9.0702042E-007
2.753	9.0324374E-007
2.754	8.9928631E-007
2.755	8.9565049E-007
2.756	8.9162131E-007
2.757	8.8806365E-007
2.758	8.8435110E-007
2.759	8.8061341E-007
2.76	8.7669923E-007
2.761	8.7322189E-007
2.762	8.6928179E-007
2.763	8.6563392E-007
2.764	8.6202436E-007
2.765	8.5824234E-007
2.766	8.5475284E-007
2.767	8.5073441E-007
2.768	8.4732000E-007
2.769	8.4365581E-007
2.77	8.4016403E-007
2.771	8.3662502E-007
2.772	8.3314444E-007
2.773	8.2955728E-007
2.774	8.2584546E-007
2.775	8.2238853E-007
2.776	8.1885321E-007
2.777	8.1557732E-007
2.778	8.1191496E-007
2.779	8.0836730E-007
2.78	8.0493481E-007
2.781	8.0158554E-007
2.782	7.9816908E-007
2.783	7.9481379E-007
2.784	7.9124140E-007
2.785	7.8798223E-007
2.786	7.8475739E-007
2.787	7.8126556E-007
2.788	7.7817651E-007
2.789	7.7468110E-007
2.79	7.7137304E-007
2.791	7.6809681E-007
2.792	7.6484565E-007
2.793	7.6157272E-007
2.794	7.5830570E-007
2.795	7.5506324E-007
2.796	7.5187148E-007
2.797	7.4865198E-007
2.798	7.4568368E-007
2.799	7.4246469E-007
2.8	7.3915425E-007
2.801	7.3611636E-007
2.802	7.3302124E-007
2.803	7.2957300E-007
2.804	7.2651255E-007
2.805	7.2353919E-007
2.806	7.2031895E-007
2.807	7.1726049E-007
2.808	7.1429997E-007
2.809	7.1112783E-007
2.81	7.0822728E-007
2.811	7.0530575E-007
2.812	7.0213088E-007
2.813	6.9920191E-007
2.814	6.9596973E-007
2.815	6.9295191E-007
2.816	6.9022411E-007
2.817	6.8708380E-007
2.818	6.8442114E-007
2.819	6.8157220E-007
2.82	6.7858389E-007
2.821	6.7571551E-007
2.822	6.7264426E-007
2.823	6.6980238E-007
2.824	6.6677904E-007
2.825	6.6395631E-007
2.826	6.6118099E-007
2.827	6.5838015E-007
2.828	6.5565996E-007
2.829	6.5266971E-007
2.83	6.5007458E-007
2.831	6.4715005E-007
2.832	6.4448835E-007
2.833	6.4182859E-007
2.834	6.3885096E-007
2.835	6.3640425E-007
2.836	6.3350825E-007
2.837	6.3081455E-007
2.838	6.2808795E-007
2.839	6.2534110E-007
2.84	6.2254611E-007
2.841	6.1982360E-007
2.842	6.1737256E-007
2.843	6.1455717E-007
2.844	6.1200075E-007
2.845	6.0932200E-007
2.846	6.0692844E-007
2.847	6.0424986E-007
2.848	6.0156555E-007
2.849	5.9897155E-007
2.85	5.9635522E-007
2.851	5.9371627E-007
2.852	5.9131713E-007
2.853	5.8874986E-007
2.854	5.8624386E-007
2.855	5.8371540E-007
2.856	5.8112926E-007
2.857	5.7871040E-007
2.858	5.7617063E-007
2.859	5.7363059E-007
2.86	5.7131194E-007
2.861	5.6866583E-007
2.862	5.6650669E-007
2.863	5.6399381E-007
2.864	5.6144194E-007
2.865	5.5933663E-007
2.866	5.5666993E-007
2.867	5.5424965E-007
2.868	5.5198473E-007
2.869	5.4954870E-007
2.87	5.4708710E-007
2.871	5.4484860E-007
2.872	5.4248454E-007
2.873	5.4014282E-007
2.874	5.3809879E-007
2.875	5.3549547E-007
2.876	5.3314216E-007
2.877	5.3105265E-007
2.878	5.2863641E-007
2.879	5.2639416E-007
2.88	5.2437110E-007
2.881	5.2188074E-007
2.882	5.1959847E-007
2.883	5.1729569E-007
2.884	5.1520863E-007
2.885	5.1291886E-007
2.886	5.1064092E-007
2.887	5.0863758E-007
2.888	5.0632212E-007
2.889	5.0406891E-007
2.89	5.0189487E-007
2.891	4.9975318E-007
2.892	4.9766601E-007
2.893	4.9560106E-007
2.894	4.9326962E-007
2.895	4.9111634E-007
2.896	4.8908788E-007
2.897	4.8699650E-007
2.898	4.8489636E-007
2.899	4.8279497E-007
2.9	4.8067295E-007
2.901	4.7861960E-007
2.902	4.7656820E-007
2.903	4.7449853E-007
2.904	4.7243813E-007
2.905	4.7033947E-007
2.906	4.6839799E-007
2.907	4.6629765E-007
2.908	4.6439945E-007
2.909	4.6238321E-007
2.91	4.6034313E-007
2.911	4.5828813E-007
2.912	4.5637518E-007
2.913	4.5430630E-007
2.914	4.5233298E-007
2.915	4.5042131E-007
2.916	4.4848306E-007
2.917	4.4655883E-007
2.918	4.4465145E-007
2.919	4.4268788E-007
2.92	4.4076606E-007
2.921	4.3897211E-007
2.922	4.3689624E-007
2.923	4.3489206E-007
2.924	4.3305275E-007
2.925	4.3124251E-007
2.926	4.2938967E-007
2.927	4.2758302E-007
2.928	4.2589897E-007
2.929	4.2398568E-007
2.93	4.2213424E-007
2.931	4.2027307E-007
2.932	4.1846656E-007
2.933	4.1661988E-007
2.934	4.1482022E-007
2.935	4.1308857E-007
2.936	4.1123442E-007
2.937	4.0944371E-007
2.938	4.0766486E-007
2.939	4.0606855E-007
2.94	4.0412010E-007
2.941	4.0238149E-007
2.942	4.0061877E-007
2.943	3.9900138E-007
2.944	3.9719052E-007
2.945	3.9545424E-007
2.946	3.9358042E-007
2.947	3.9200080E-007
2.948	3.9011832E-007
2.949	3.8846889E-007
2.95	3.8682728E-007
2.951	3.8511973E-007
2.952	3.8352746E-007
2.953	3.8185286E-007
2.954	3.8020346E-007
2.955	3.7865274E-007
2.956	3.7703944E-007
2.957	3.7530967E-007
2.958	3.7362688E-007
2.959	3.7203705E-007
2.96	3.7038248E-007
2.961	3.6882142E-007
2.962	3.6712845E-007
2.963	3.6547127E-007
2.964	3.6398183E-007
2.965	3.6237651E-007
2.966	3.6072800E-007
2.967	3.5922662E-007
2.968	3.5765120E-007
2.969	3.5618925E-007
2.97	3.5472391E-007
2.971	3.5308742E-007
2.972	3.5154974E-007
2.973	3.5002071E-007
2.974	3.4845490E-007
2.975	3.4695796E-007
2.976	3.4560398E-007
2.977	3.4395967E-007
2.978	3.4237516E-007
2.979	3.4102996E-007
2.98	3.3944752E-007
2.981	3.3788112E-007
2.982	3.3639881E-007
2.983	3.3494041E-007
2.984	3.3362403E-007
2.985	3.3209645E-007
2.986	3.3051376E-007
2.987	3.2916026E-007
2.988	3.2776737E-007
2.989	3.2628370E-007
2.99	3.2484630E-007
2.991	3.2344167E-007
2.992	3.2202001E-007
2.993	3.2066694E-007
2.994	3.1919652E-007
2.995	3.1780411E-007
2.996	3.1646766E-007
2.997	3.1505917E-007
2.998	3.1366949E-007
2.999	3.1231659E-007
3	3.1093222E-007
