theta_deg	R
0.001	1.0000050E+000
0.002	1.0000050E+000
0.003	1.0000050E+000
0.004	1.0000050E+000
0.005	1.0000050E+000
0.006	1.0000050E+000
0.007	1.0000050E+000
0.008	1.0000050E+000
0.009	1.0000050E+000
0.01	1.0000050E+000
0.011	1.0000050E+000
0.012	1.0000050E+000
0.013	1.0000050E+000
0.014	9.9596822E-001
0.015	9.9596822E-001
0.016	9.9596822E-001
0.017	9.9596822E-001
0.018	9.9596822E-001
0.019	9.9596822E-001
0.02	9.9596822E-001
0.021	9.9596822E-001
0.022	9.9596822E-001
0.023	9.9596822E-001
0.024	9.9596822E-001
0.025	9.9427736E-001
0.026	9.9427736E-001
0.027	9.9427736E-001
0.028	9.9427736E-001
0.029	9.9427736E-001
0.03	9.9427736E-001
0.031	9.9427736E-001
0.032	9.9296767E-001
0.033	9.9296767E-001
0.034	9.9296767E-001
0.035	9.9296767E-001
0.036	9.9296767E-001
0.037	9.9296767E-001
0.038	9.9185026E-001
0.039	9.9185026E-001
0.04	9.9185026E-001
0.041	9.9185026E-001
0.042	9.9085492E-001
0.043	9.9085492E-001
0.044	9.9085492E-001
0.045	9.9085492E-001
0.046	9.9085492E-001
0.047	9.8994553E-001
0.048	9.8994553E-001
0.049	9.8994553E-001
0.05	9.8994553E-001
0.051	9.8910016E-001
0.052	9.8910016E-001
0.053	9.8910016E-001
0.054	9.8910016E-001
0.055	9.8830235E-001
0.056	9.8830235E-001
0.057	9.8830235E-001
0.058	9.8754460E-001
0.059	9.8754460E-001
0.06	9.8754460E-001
0.061	9.8681974E-001
0.062	9.8681974E-001
0.063	9.8681974E-001
0.064	9.8681974E-001
0.065	9.8612291E-001
0.066	9.8612291E-001
0.067	9.8612291E-001
0.068	9.8544651E-001
0.069	9.8544651E-001
0.07	9.8479384E-001
0.071	9.8479384E-001
0.072	9.8479384E-001
0.073	9.8415542E-001
0.074	9.8415542E-001
0.075	9.8415542E-001
0.076	9.8352885E-001
0.077	9.8352885E-001
0.078	9.8291981E-001
0.079	9.8291981E-001
0.08	9.8291981E-001
0.081	9.8231918E-001
0.082	9.8231918E-001
0.083	9.8172939E-001
0.084	9.8172939E-001
0.085	9.8172939E-001
0.086	9.8114944E-001
0.087	9.8114944E-001
0.088	9.8056936E-001
0.089	9.8056936E-001
0.09	9.8000604E-001
0.091	9.8000604E-001
0.092	9.7944117E-001
0.093	9.7944117E-001
0.094	9.7888702E-001
0.095	9.7888702E-001
0.096	9.7833425E-001
0.097	9.7833425E-001
0.098	9.7778678E-001
0.099	9.7778678E-001
0.1	9.7724426E-001
0.101	9.7724426E-001
0.102	9.7670126E-001
0.103	9.7670126E-001
0.104	9.7616202E-001
0.105	9.7616202E-001
0.106	9.7562134E-001
0.107	9.7562134E-001
0.108	9.7508383E-001
0.109	9.7508383E-001
0.11	9.7454923E-001
0.111	9.7454923E-001
0.112	9.7401226E-001
0.113	9.7347718E-001
0.114	9.7347718E-001
0.115	9.7294432E-001
0.116	9.7294432E-001
0.117	9.7240812E-001
0.118	9.7187328E-001
0.119	9.7187328E-001
0.12	9.7133410E-001
0.121	9.7133410E-001
0.122	9.7079629E-001
0.123	9.7025365E-001
0.124	9.7025365E-001
0.125	9.6971792E-001
0.126	9.6917069E-001
0.127	9.6917069E-001
0.128	9.6862417E-001
0.129	9.6807808E-001
0.13	9.6807808E-001
0.131	9.6751970E-001
0.132	9.6696138E-001
0.133	9.6696138E-001
0.134	9.6640307E-001
0.135	9.6583796E-001
0.136	9.6583796E-001
0.137	9.6527255E-001
0.138	9.6470022E-001
0.139	9.6470022E-001
0.14	9.6412075E-001
0.141	9.6354055E-001
0.142	9.6295285E-001
0.143	9.6295285E-001
0.144	9.6235734E-001
0.145	9.6176118E-001
0.146	9.6176118E-001
0.147	9.6115637E-001
0.148	9.6054399E-001
0.149	9.5992261E-001
0.15	9.5992261E-001
0.151	9.5930004E-001
0.152	9.5866144E-001
0.153	9.5802855E-001
0.154	9.5737213E-001
0.155	9.5737213E-001
0.156	9.5671380E-001
0.157	9.5604593E-001
0.158	9.5536876E-001
0.159	9.5468175E-001
0.16	9.5468175E-001
0.161	9.5397729E-001
0.162	9.5326293E-001
0.163	9.5254600E-001
0.164	9.5181078E-001
0.165	9.5105737E-001
0.166	9.5105737E-001
0.167	9.5029330E-001
0.168	9.4951844E-001
0.169	9.4873226E-001
0.17	9.4792724E-001
0.171	9.4710284E-001
0.172	9.4625902E-001
0.173	9.4625902E-001
0.174	9.4539523E-001
0.175	9.4451934E-001
0.176	9.4362336E-001
0.177	9.4269848E-001
0.178	9.4175297E-001
0.179	9.4078654E-001
0.18	9.3979865E-001
0.181	9.3878114E-001
0.182	9.3773323E-001
0.183	9.3665516E-001
0.184	9.3554616E-001
0.185	9.3554616E-001
0.186	9.3439728E-001
0.187	9.3321735E-001
0.188	9.3201435E-001
0.189	9.3075305E-001
0.19	9.2945075E-001
0.191	9.2809850E-001
0.192	9.2670417E-001
0.193	9.2525017E-001
0.194	9.2374456E-001
0.195	9.2216957E-001
0.196	9.2053330E-001
0.197	9.1881746E-001
0.198	9.1702133E-001
0.199	9.1514480E-001
0.2	9.1318721E-001
0.201	9.1111159E-001
0.202	9.0891796E-001
0.203	9.0660495E-001
0.204	9.0415430E-001
0.205	9.0156531E-001
0.206	8.9876437E-001
0.207	8.9578778E-001
0.208	8.8914025E-001
0.209	8.8541442E-001
0.21	8.8134736E-001
0.211	8.7688470E-001
0.212	8.7197334E-001
0.213	8.6652434E-001
0.214	8.6043280E-001
0.215	8.5350537E-001
0.216	8.4562820E-001
0.217	8.3647674E-001
0.218	8.2570863E-001
0.219	7.9705739E-001
0.22	7.7729899E-001
0.221	7.5200748E-001
0.222	7.1938622E-001
0.223	6.7817008E-001
0.224	6.3031155E-001
0.225	5.8087921E-001
0.226	4.9395207E-001
0.227	4.5843044E-001
0.228	4.2752302E-001
0.229	4.0046626E-001
0.23	3.7659353E-001
0.231	3.5536310E-001
0.232	3.1919062E-001
0.233	3.0363041E-001
0.234	2.8944013E-001
0.235	2.7643812E-001
0.236	2.6447493E-001
0.237	2.4318734E-001
0.238	2.3366915E-001
0.239	2.2479659E-001
0.24	2.1650431E-001
0.241	2.0873596E-001
0.242	1.9458224E-001
0.243	1.8811618E-001
0.244	1.8201141E-001
0.245	1.7623855E-001
0.246	1.6558611E-001
0.247	1.6066165E-001
0.248	1.5597922E-001
0.249	1.5152144E-001
0.25	1.4321935E-001
0.251	1.3934797E-001
0.252	1.3564710E-001
0.253	1.2871465E-001
0.254	1.2546408E-001
0.255	1.2234627E-001
0.256	1.1935308E-001
0.257	1.1371350E-001
0.258	1.1105435E-001
0.259	1.0849467E-001
0.26	1.0365306E-001
0.261	1.0136166E-001
0.262	9.9150777E-002
0.263	9.4954900E-002
0.264	9.2962764E-002
0.265	9.1036648E-002
0.266	8.7370634E-002
0.267	8.5625134E-002
0.268	8.2296394E-002
0.269	8.0708429E-002
0.27	7.9168521E-002
0.271	7.6225065E-002
0.272	7.4817687E-002
0.273	7.3450923E-002
0.274	7.0832901E-002
0.275	6.9578618E-002
0.276	6.7172520E-002
0.277	6.6018179E-002
0.278	6.4894661E-002
0.279	6.2735632E-002
0.28	6.1698049E-002
0.281	5.9701718E-002
0.282	5.8741190E-002
0.283	5.6891050E-002
0.284	5.5999842E-002
0.285	5.4281443E-002
0.286	5.3452842E-002
0.287	5.2643780E-002
0.288	5.1081639E-002
0.289	5.0327443E-002
0.29	4.8869912E-002
0.291	4.8165582E-002
0.292	4.6803266E-002
0.293	4.6144366E-002
0.294	4.4868879E-002
0.295	4.4251509E-002
0.296	4.3055404E-002
0.297	4.2476017E-002
0.298	4.1352712E-002
0.299	4.0808201E-002
0.3	3.9751749E-002
0.301	3.8736846E-002
0.302	3.8244303E-002
0.303	3.7287701E-002
0.304	3.6823109E-002
0.305	3.5920262E-002
0.306	3.5481546E-002
0.307	3.4628421E-002
0.308	3.4213644E-002
0.309	3.3406578E-002
0.31	3.2628402E-002
0.311	3.2249685E-002
0.312	3.1512182E-002
0.313	3.1153085E-002
0.314	3.0453419E-002
0.315	2.9777542E-002
0.316	2.9448180E-002
0.317	2.8805960E-002
0.318	2.8492851E-002
0.319	2.7882054E-002
0.32	2.7290983E-002
0.321	2.7002651E-002
0.322	2.6439685E-002
0.323	2.5894500E-002
0.324	2.5628274E-002
0.325	2.5108261E-002
0.326	2.4604172E-002
0.327	2.4357889E-002
0.328	2.3876471E-002
0.329	2.3409428E-002
0.33	2.3181105E-002
0.331	2.2734519E-002
0.332	2.2300884E-002
0.333	2.2088779E-002
0.334	2.1673672E-002
0.335	2.1270363E-002
0.336	2.1072945E-002
0.337	2.0686412E-002
0.338	2.0310551E-002
0.339	1.9944999E-002
0.34	1.9765949E-002
0.341	1.9415112E-002
0.342	1.9073652E-002
0.343	1.8741237E-002
0.344	1.8578328E-002
0.345	1.8258862E-002
0.346	1.7947696E-002
0.347	1.7644482E-002
0.348	1.7495792E-002
0.349	1.7204046E-002
0.35	1.6919626E-002
0.351	1.6642263E-002
0.352	1.6371774E-002
0.353	1.6239010E-002
0.354	1.5978344E-002
0.355	1.5723962E-002
0.356	1.5475675E-002
0.357	1.5233273E-002
0.358	1.4996570E-002
0.359	1.4880304E-002
0.36	1.4651848E-002
0.361	1.4428665E-002
0.362	1.4210581E-002
0.363	1.3997444E-002
0.364	1.3789122E-002
0.365	1.3686714E-002
0.366	1.3485315E-002
0.367	1.3288390E-002
0.368	1.3095763E-002
0.369	1.2907342E-002
0.37	1.2722990E-002
0.371	1.2542600E-002
0.372	1.2366026E-002
0.373	1.2193206E-002
0.374	1.2108150E-002
0.375	1.1940734E-002
0.376	1.1776784E-002
0.377	1.1616218E-002
0.378	1.1458939E-002
0.379	1.1304848E-002
0.38	1.1153873E-002
0.381	1.1005930E-002
0.382	1.0860923E-002
0.383	1.0718789E-002
0.384	1.0579446E-002
0.385	1.0442823E-002
0.386	1.0308836E-002
0.387	1.0177438E-002
0.388	1.0048553E-002
0.389	9.9221161E-003
0.39	9.7980676E-003
0.391	9.6763428E-003
0.392	9.5568905E-003
0.393	9.4396481E-003
0.394	9.3245618E-003
0.395	9.2115896E-003
0.396	9.1006570E-003
0.397	8.9917239E-003
0.398	8.8847615E-003
0.399	8.7797139E-003
0.4	8.6765112E-003
0.401	8.5751358E-003
0.402	8.4755309E-003
0.403	8.3776647E-003
0.404	8.2814908E-003
0.405	8.1869820E-003
0.406	8.0940844E-003
0.407	8.0027618E-003
0.408	7.9129962E-003
0.409	7.8247292E-003
0.41	7.6950961E-003
0.411	7.6104659E-003
0.412	7.5272233E-003
0.413	7.4453456E-003
0.414	7.3648104E-003
0.415	7.2855800E-003
0.416	7.2076260E-003
0.417	7.1309223E-003
0.418	7.0554395E-003
0.419	6.9444622E-003
0.42	6.8719294E-003
0.421	6.8005263E-003
0.422	6.7302454E-003
0.423	6.6610426E-003
0.424	6.5929131E-003
0.425	6.4926655E-003
0.426	6.4271158E-003
0.427	6.3625406E-003
0.428	6.2989513E-003
0.429	6.2363041E-003
0.43	6.1745928E-003
0.431	6.0837436E-003
0.432	6.0242862E-003
0.433	5.9657097E-003
0.434	5.9079798E-003
0.435	5.8229459E-003
0.436	5.7672807E-003
0.437	5.7124109E-003
0.438	5.6583285E-003
0.439	5.6050024E-003
0.44	5.5264323E-003
0.441	5.4749702E-003
0.442	5.4242276E-003
0.443	5.3741834E-003
0.444	5.3004068E-003
0.445	5.2520777E-003
0.446	5.2043940E-003
0.447	5.1340950E-003
0.448	5.0880169E-003
0.449	5.0425599E-003
0.45	4.9977149E-003
0.451	4.9315658E-003
0.452	4.8881881E-003
0.453	4.8453892E-003
0.454	4.7822357E-003
0.455	4.7408091E-003
0.456	4.6999357E-003
0.457	4.6396060E-003
0.458	4.6000173E-003
0.459	4.5609619E-003
0.46	4.5032762E-003
0.461	4.4654342E-003
0.462	4.4280705E-003
0.463	4.3728994E-003
0.464	4.3366831E-003
0.465	4.2832033E-003
0.466	4.2481041E-003
0.467	4.2134421E-003
0.468	4.1622268E-003
0.469	4.1286000E-003
0.47	4.0953914E-003
0.471	4.0463088E-003
0.472	4.0140823E-003
0.473	3.9664633E-003
0.474	3.9351839E-003
0.475	3.8889558E-003
0.476	3.8585914E-003
0.477	3.8285775E-003
0.478	3.7842197E-003
0.479	3.7550724E-003
0.48	3.7119889E-003
0.481	3.6836700E-003
0.482	3.6418035E-003
0.483	3.6142909E-003
0.484	3.5735914E-003
0.485	3.5468494E-003
0.486	3.5072940E-003
0.487	3.4812877E-003
0.488	3.4428225E-003
0.489	3.4175287E-003
0.49	3.3801133E-003
0.491	3.3555094E-003
0.492	3.3191110E-003
0.493	3.2951727E-003
0.494	3.2597466E-003
0.495	3.2364468E-003
0.496	3.2019636E-003
0.497	3.1792843E-003
0.498	3.1457026E-003
0.499	3.1236191E-003
0.5	3.0909246E-003
0.501	3.0694203E-003
0.502	3.0375612E-003
0.503	3.0062094E-003
0.504	2.9855743E-003
0.505	2.9550190E-003
0.506	2.9349104E-003
0.507	2.9051367E-003
0.508	2.8855312E-003
0.509	2.8564944E-003
0.51	2.8279051E-003
0.511	2.8090789E-003
0.512	2.7811876E-003
0.513	2.7628292E-003
0.514	2.7356332E-003
0.515	2.7088327E-003
0.516	2.6911821E-003
0.517	2.6650294E-003
0.518	2.6392608E-003
0.519	2.6222810E-003
0.52	2.5971336E-003
0.521	2.5723365E-003
0.522	2.5560104E-003
0.523	2.5318016E-003
0.524	2.5079364E-003
0.525	2.4922143E-003
0.526	2.4689080E-003
0.527	2.4459232E-003
0.528	2.4307873E-003
0.529	2.4083322E-003
0.53	2.3861928E-003
0.531	2.3716027E-003
0.532	2.3499609E-003
0.533	2.3286219E-003
0.534	2.3075698E-003
0.535	2.2936950E-003
0.536	2.2731137E-003
0.537	2.2528127E-003
0.538	2.2327779E-003
0.539	2.2195750E-003
0.54	2.1999774E-003
0.541	2.1806452E-003
0.542	2.1615650E-003
0.543	2.1489926E-003
0.544	2.1303203E-003
0.545	2.1119048E-003
0.546	2.0937140E-003
0.547	2.0757716E-003
0.548	2.0639265E-003
0.549	2.0463611E-003
0.55	2.0290134E-003
0.551	2.0118926E-003
0.552	1.9949838E-003
0.553	1.9838260E-003
0.554	1.9672741E-003
0.555	1.9509201E-003
0.556	1.9347755E-003
0.557	1.9188274E-003
0.558	1.9030795E-003
0.559	1.8926834E-003
0.56	1.8772562E-003
0.561	1.8620123E-003
0.562	1.8469580E-003
0.563	1.8320857E-003
0.564	1.8173844E-003
0.565	1.8028660E-003
0.566	1.7885223E-003
0.567	1.7743475E-003
0.568	1.7649903E-003
0.569	1.7510928E-003
0.57	1.7373662E-003
0.571	1.7237931E-003
0.572	1.7103781E-003
0.573	1.6971232E-003
0.574	1.6840224E-003
0.575	1.6710666E-003
0.576	1.6582693E-003
0.577	1.6456082E-003
0.578	1.6330980E-003
0.579	1.6207285E-003
0.58	1.6084990E-003
0.581	1.5964102E-003
0.582	1.5844563E-003
0.583	1.5726374E-003
0.584	1.5609461E-003
0.585	1.5493861E-003
0.586	1.5417507E-003
0.587	1.5304044E-003
0.588	1.5191877E-003
0.589	1.5080814E-003
0.59	1.4934725E-003
0.591	1.4826551E-003
0.592	1.4719544E-003
0.593	1.4613682E-003
0.594	1.4508988E-003
0.595	1.4405381E-003
0.596	1.4302914E-003
0.597	1.4201476E-003
0.598	1.4101146E-003
0.599	1.4001885E-003
0.6	1.3903687E-003
0.601	1.3806525E-003
0.602	1.3710362E-003
0.603	1.3615153E-003
0.604	1.3520980E-003
0.605	1.3427808E-003
0.606	1.3335581E-003
0.607	1.3214034E-003
0.608	1.3124001E-003
0.609	1.3034854E-003
0.61	1.2946649E-003
0.611	1.2859302E-003
0.612	1.2772838E-003
0.613	1.2687279E-003
0.614	1.2602522E-003
0.615	1.2518649E-003
0.616	1.2408105E-003
0.617	1.2326211E-003
0.618	1.2245046E-003
0.619	1.2164727E-003
0.62	1.2085150E-003
0.621	1.2006400E-003
0.622	1.1902564E-003
0.623	1.1825570E-003
0.624	1.1749344E-003
0.625	1.1673820E-003
0.626	1.1599009E-003
0.627	1.1500411E-003
0.628	1.1427262E-003
0.629	1.1354869E-003
0.63	1.1283130E-003
0.631	1.1212049E-003
0.632	1.1118358E-003
0.633	1.1048808E-003
0.634	1.0979919E-003
0.635	1.0911711E-003
0.636	1.0821786E-003
0.637	1.0754983E-003
0.638	1.0688871E-003
0.639	1.0623290E-003
0.64	1.0536908E-003
0.641	1.0472706E-003
0.642	1.0409185E-003
0.643	1.0346210E-003
0.644	1.0263100E-003
0.645	1.0201490E-003
0.646	1.0140374E-003
0.647	1.0059755E-003
0.648	9.9999143E-004
0.649	9.9405972E-004
0.65	9.8623638E-004
0.651	9.8042993E-004
0.652	9.7467046E-004
0.653	9.6707203E-004
0.654	9.6143084E-004
0.655	9.5583964E-004
0.656	9.4845914E-004
0.657	9.4298483E-004
0.658	9.3755190E-004
0.659	9.3038188E-004
0.66	9.2506222E-004
0.661	9.1978704E-004
0.662	9.1281882E-004
0.663	9.0764614E-004
0.664	9.0081798E-004
0.665	8.9574850E-004
0.666	8.9072093E-004
0.667	8.8408065E-004
0.668	8.7914837E-004
0.669	8.7263854E-004
0.67	8.6780329E-004
0.671	8.6141867E-004
0.672	8.5667690E-004
0.673	8.5197651E-004
0.674	8.4576657E-004
0.675	8.4114925E-004
0.676	8.3505770E-004
0.677	8.3053135E-004
0.678	8.2455372E-004
0.679	8.2011189E-004
0.68	8.1424532E-004
0.681	8.0988824E-004
0.682	8.0412836E-004
0.683	7.9985225E-004
0.684	7.9420145E-004
0.685	7.9000439E-004
0.686	7.8445568E-004
0.687	7.8033394E-004
0.688	7.7489001E-004
0.689	7.7084202E-004
0.69	7.6549628E-004
0.691	7.6152256E-004
0.692	7.5627281E-004
0.693	7.5237209E-004
0.694	7.4721628E-004
0.695	7.4338506E-004
0.696	7.3832163E-004
0.697	7.3455833E-004
0.698	7.2958309E-004
0.699	7.2466047E-004
0.7	7.2100194E-004
0.701	7.1616471E-004
0.702	7.1256876E-004
0.703	7.0781709E-004
0.704	7.0428266E-004
0.705	6.9961359E-004
0.706	6.9499097E-004
0.707	6.9155445E-004
0.708	6.8700960E-004
0.709	6.8363285E-004
0.71	6.7916635E-004
0.711	6.7474443E-004
0.712	6.7145500E-004
0.713	6.6710875E-004
0.714	6.6280196E-004
0.715	6.5960101E-004
0.716	6.5536785E-004
0.717	6.5117673E-004
0.718	6.4805802E-004
0.719	6.4393814E-004
0.72	6.3985173E-004
0.721	6.3681620E-004
0.722	6.3280080E-004
0.723	6.2882144E-004
0.724	6.2586321E-004
0.725	6.2195130E-004
0.726	6.1807234E-004
0.727	6.1423518E-004
0.728	6.1137771E-004
0.729	6.0759985E-004
0.73	6.0385565E-004
0.731	6.0107204E-004
0.732	5.9739081E-004
0.733	5.9374003E-004
0.734	5.9012370E-004
0.735	5.8743404E-004
0.736	5.8387627E-004
0.737	5.8034994E-004
0.738	5.7685626E-004
0.739	5.7425542E-004
0.74	5.7081832E-004
0.741	5.6740787E-004
0.742	5.6403049E-004
0.743	5.6068285E-004
0.744	5.5819080E-004
0.745	5.5489375E-004
0.746	5.5162713E-004
0.747	5.4838852E-004
0.748	5.4518163E-004
0.749	5.4199900E-004
0.75	5.3962844E-004
0.751	5.3649530E-004
0.752	5.3338922E-004
0.753	5.3031178E-004
0.754	5.2726065E-004
0.755	5.2423414E-004
0.756	5.2197959E-004
0.757	5.1899691E-004
0.758	5.1604293E-004
0.759	5.1311258E-004
0.76	5.1020581E-004
0.761	5.0732697E-004
0.762	5.0447113E-004
0.763	5.0163805E-004
0.764	4.9882755E-004
0.765	4.9673714E-004
0.766	4.9397000E-004
0.767	4.9122464E-004
0.768	4.8850576E-004
0.769	4.8580542E-004
0.77	4.8312786E-004
0.771	4.8047138E-004
0.772	4.7783888E-004
0.773	4.7522725E-004
0.774	4.7263908E-004
0.775	4.7006982E-004
0.776	4.6752064E-004
0.777	4.6499443E-004
0.778	4.6248798E-004
0.779	4.5999975E-004
0.78	4.5753381E-004
0.781	4.5508565E-004
0.782	4.5265944E-004
0.783	4.5025078E-004
0.784	4.4786226E-004
0.785	4.4549361E-004
0.786	4.4314199E-004
0.787	4.4080874E-004
0.788	4.3849475E-004
0.789	4.3619872E-004
0.79	4.3392187E-004
0.791	4.3166117E-004
0.792	4.2941922E-004
0.793	4.2719333E-004
0.794	4.2498574E-004
0.795	4.2279524E-004
0.796	4.2062151E-004
0.797	4.1846454E-004
0.798	4.1632261E-004
0.799	4.1419853E-004
0.8	4.1209071E-004
0.801	4.0999881E-004
0.802	4.0740805E-004
0.803	4.0535090E-004
0.804	4.0330965E-004
0.805	4.0128507E-004
0.806	3.9927606E-004
0.807	3.9727960E-004
0.808	3.9529963E-004
0.809	3.9333341E-004
0.81	3.9089806E-004
0.811	3.8896545E-004
0.812	3.8704614E-004
0.813	3.8514266E-004
0.814	3.8325091E-004
0.815	3.8137470E-004
0.816	3.7951401E-004
0.817	3.7720369E-004
0.818	3.7537096E-004
0.819	3.7355314E-004
0.82	3.7174777E-004
0.821	3.6995471E-004
0.822	3.6773080E-004
0.823	3.6596821E-004
0.824	3.6421750E-004
0.825	3.6247994E-004
0.826	3.6075304E-004
0.827	3.5861426E-004
0.828	3.5691395E-004
0.829	3.5522768E-004
0.83	3.5355266E-004
0.831	3.5147628E-004
0.832	3.4982839E-004
0.833	3.4819153E-004
0.834	3.4656696E-004
0.835	3.4455073E-004
0.836	3.4295232E-004
0.837	3.4136209E-004
0.838	3.3978498E-004
0.839	3.3782818E-004
0.84	3.3627517E-004
0.841	3.3473255E-004
0.842	3.3281883E-004
0.843	3.3130083E-004
0.844	3.2979180E-004
0.845	3.2792121E-004
0.846	3.2643636E-004
0.847	3.2496007E-004
0.848	3.2312938E-004
0.849	3.2167666E-004
0.85	3.2023474E-004
0.851	3.1844387E-004
0.852	3.1702252E-004
0.853	3.1560950E-004
0.854	3.1385772E-004
0.855	3.1246836E-004
0.856	3.1108464E-004
0.857	3.0937089E-004
0.858	3.0801137E-004
0.859	3.0632078E-004
0.86	3.0498064E-004
0.861	3.0364821E-004
0.862	3.0199421E-004
0.863	3.0068183E-004
0.864	2.9905135E-004
0.865	2.9775960E-004
0.866	2.9647208E-004
0.867	2.9487765E-004
0.868	2.9361044E-004
0.869	2.9203866E-004
0.87	2.9079025E-004
0.871	2.8923966E-004
0.872	2.8800889E-004
0.873	2.8678705E-004
0.874	2.8526867E-004
0.875	2.8406302E-004
0.876	2.8256877E-004
0.877	2.8138005E-004
0.878	2.7990484E-004
0.879	2.7873373E-004
0.88	2.7727909E-004
0.881	2.7612236E-004
0.882	2.7468908E-004
0.883	2.7355042E-004
0.884	2.7213607E-004
0.885	2.7101423E-004
0.886	2.6962050E-004
0.887	2.6851136E-004
0.888	2.6713507E-004
0.889	2.6604420E-004
0.89	2.6468802E-004
0.891	2.6334228E-004
0.892	2.6227272E-004
0.893	2.6094567E-004
0.894	2.5988999E-004
0.895	2.5857944E-004
0.896	2.5753997E-004
0.897	2.5624936E-004
0.898	2.5496696E-004
0.899	2.5394771E-004
0.9	2.5268469E-004
0.901	2.5167665E-004
0.902	2.5043212E-004
0.903	2.4919253E-004
0.904	2.4820751E-004
0.905	2.4698497E-004
0.906	2.4601340E-004
0.907	2.4480847E-004
0.908	2.4361114E-004
0.909	2.4265902E-004
0.91	2.4147709E-004
0.911	2.4030513E-004
0.912	2.3937123E-004
0.913	2.3821446E-004
0.914	2.3706582E-004
0.915	2.3615306E-004
0.916	2.3501548E-004
0.917	2.3389290E-004
0.918	2.3299575E-004
0.919	2.3188585E-004
0.92	2.3077839E-004
0.921	2.2990328E-004
0.922	2.2881343E-004
0.923	2.2773279E-004
0.924	2.2665794E-004
0.925	2.2580211E-004
0.926	2.2474269E-004
0.927	2.2368880E-004
0.928	2.2264555E-004
0.929	2.2181186E-004
0.93	2.2077851E-004
0.931	2.1975228E-004
0.932	2.1873477E-004
0.933	2.1792419E-004
0.934	2.1691946E-004
0.935	2.1592173E-004
0.936	2.1492910E-004
0.937	2.1414093E-004
0.938	2.1315920E-004
0.939	2.1218903E-004
0.94	2.1122058E-004
0.941	2.1026035E-004
0.942	2.0949962E-004
0.943	2.0854984E-004
0.944	2.0760973E-004
0.945	2.0667272E-004
0.946	2.0574371E-004
0.947	2.0482263E-004
0.948	2.0408882E-004
0.949	2.0317605E-004
0.95	2.0226954E-004
0.951	2.0137063E-004
0.952	2.0047941E-004
0.953	1.9959260E-004
0.954	1.9871027E-004
0.955	1.9800874E-004
0.956	1.9713579E-004
0.957	1.9627018E-004
0.958	1.9541205E-004
0.959	1.9455820E-004
0.96	1.9370840E-004
0.961	1.9286592E-004
0.962	1.9202754E-004
0.963	1.9119633E-004
0.964	1.9036916E-004
0.965	1.8954897E-004
0.966	1.8889568E-004
0.967	1.8808422E-004
0.968	1.8727512E-004
0.969	1.8647591E-004
0.97	1.8567906E-004
0.971	1.8488754E-004
0.972	1.8410126E-004
0.973	1.8332020E-004
0.974	1.8254441E-004
0.975	1.8177365E-004
0.976	1.8100817E-004
0.977	1.8024625E-004
0.978	1.7948789E-004
0.979	1.7873602E-004
0.98	1.7799063E-004
0.981	1.7724723E-004
0.982	1.7650884E-004
0.983	1.7577526E-004
0.984	1.7504657E-004
0.985	1.7432412E-004
0.986	1.7360359E-004
0.987	1.7288783E-004
0.988	1.7217681E-004
0.989	1.7147046E-004
0.99	1.7076876E-004
0.991	1.7007031E-004
0.992	1.6923780E-004
0.993	1.6854912E-004
0.994	1.6786500E-004
0.995	1.6718396E-004
0.996	1.6650881E-004
0.997	1.6583675E-004
0.998	1.6516907E-004
0.999	1.6450575E-004
1	1.6384551E-004
1.001	1.6318954E-004
1.002	1.6253786E-004
1.003	1.6175999E-004
1.004	1.6111745E-004
1.005	1.6047774E-004
1.006	1.5984090E-004
1.007	1.5920961E-004
1.008	1.5858100E-004
1.009	1.5795526E-004
1.01	1.5721119E-004
1.011	1.5659540E-004
1.012	1.5598242E-004
1.013	1.5537333E-004
1.014	1.5476701E-004
1.015	1.5416459E-004
1.016	1.5344698E-004
1.017	1.5285167E-004
1.018	1.5226149E-004
1.019	1.5167259E-004
1.02	1.5109005E-004
1.021	1.5039362E-004
1.022	1.4981533E-004
1.023	1.4924210E-004
1.024	1.4867134E-004
1.025	1.4799247E-004
1.026	1.4742826E-004
1.027	1.4686906E-004
1.028	1.4631350E-004
1.029	1.4564792E-004
1.03	1.4509878E-004
1.031	1.4455068E-004
1.032	1.4400861E-004
1.033	1.4335974E-004
1.034	1.4282273E-004
1.035	1.4228914E-004
1.036	1.4165138E-004
1.037	1.4112276E-004
1.038	1.4059998E-004
1.039	1.4007815E-004
1.04	1.3945632E-004
1.041	1.3894169E-004
1.042	1.3842917E-004
1.043	1.3781793E-004
1.044	1.3731129E-004
1.045	1.3680788E-004
1.046	1.3620936E-004
1.047	1.3571177E-004
1.048	1.3521731E-004
1.049	1.3462783E-004
1.05	1.3413899E-004
1.051	1.3355595E-004
1.052	1.3307262E-004
1.053	1.3259244E-004
1.054	1.3202040E-004
1.055	1.3154450E-004
1.056	1.3107280E-004
1.057	1.3051044E-004
1.058	1.3004288E-004
1.059	1.2948776E-004
1.06	1.2902662E-004
1.061	1.2856731E-004
1.062	1.2802039E-004
1.063	1.2756621E-004
1.064	1.2702635E-004
1.065	1.2662529E-004
1.066	1.2608879E-004
1.067	1.2564458E-004
1.068	1.2511708E-004
1.069	1.2468110E-004
1.07	1.2415710E-004
1.071	1.2372380E-004
1.072	1.2329328E-004
1.073	1.2278023E-004
1.074	1.2235453E-004
1.075	1.2184690E-004
1.076	1.2142585E-004
1.077	1.2092368E-004
1.078	1.2050840E-004
1.079	1.2001045E-004
1.08	1.1959975E-004
1.081	1.1910926E-004
1.082	1.1862102E-004
1.083	1.1821781E-004
1.084	1.1773471E-004
1.085	1.1733489E-004
1.086	1.1685900E-004
1.087	1.1646253E-004
1.088	1.1599062E-004
1.089	1.1560058E-004
1.09	1.1513364E-004
1.091	1.1474686E-004
1.092	1.1428585E-004
1.093	1.1382589E-004
1.094	1.1344816E-004
1.095	1.1299406E-004
1.096	1.1261839E-004
1.097	1.1216904E-004
1.098	1.1172273E-004
1.099	1.1135385E-004
1.1	1.1091420E-004
1.101	1.1054831E-004
1.102	1.1011126E-004
1.103	1.0967711E-004
1.104	1.0931880E-004
1.105	1.0888919E-004
1.106	1.0846249E-004
1.107	1.0810964E-004
1.108	1.0768835E-004
1.109	1.0726788E-004
1.11	1.0692040E-004
1.111	1.0650626E-004
1.112	1.0609392E-004
1.113	1.0575166E-004
1.114	1.0534165E-004
1.115	1.0493828E-004
1.116	1.0460120E-004
1.117	1.0419909E-004
1.118	1.0379967E-004
1.119	1.0340293E-004
1.12	1.0307428E-004
1.121	1.0268157E-004
1.122	1.0229056E-004
1.123	1.0196778E-004
1.124	1.0158077E-004
1.125	1.0119546E-004
1.126	1.0081460E-004
1.127	1.0049703E-004
1.128	1.0011911E-004
1.129	9.9743746E-005
1.13	9.9369958E-005
1.131	9.8997742E-005
1.132	9.8689365E-005
1.133	9.8321863E-005
1.134	9.7955875E-005
1.135	9.7591452E-005
1.136	9.7230404E-005
1.137	9.6930038E-005
1.138	9.6571712E-005
1.139	9.6215794E-005
1.14	9.5861338E-005
1.141	9.5509262E-005
1.142	9.5217554E-005
1.143	9.4868119E-005
1.144	9.4521063E-005
1.145	9.4176306E-005
1.146	9.3832969E-005
1.147	9.3491944E-005
1.148	9.3152266E-005
1.149	9.2872207E-005
1.15	9.2535098E-005
1.151	9.2201997E-005
1.152	9.1868482E-005
1.153	9.1538081E-005
1.154	9.1209004E-005
1.155	9.0882124E-005
1.156	9.0557442E-005
1.157	9.0233210E-005
1.158	8.9965601E-005
1.159	8.9644600E-005
1.16	8.9325760E-005
1.161	8.9009882E-005
1.162	8.8694425E-005
1.163	8.8380191E-005
1.164	8.8068962E-005
1.165	8.7758941E-005
1.166	8.7450149E-005
1.167	8.7143417E-005
1.168	8.6837084E-005
1.169	8.6533611E-005
1.17	8.6230495E-005
1.171	8.5931089E-005
1.172	8.5632033E-005
1.173	8.5334970E-005
1.174	8.5038198E-005
1.175	8.4744279E-005
1.176	8.4451502E-005
1.177	8.4159838E-005
1.178	8.3870145E-005
1.179	8.3581581E-005
1.18	8.3294122E-005
1.181	8.3009429E-005
1.182	8.2724975E-005
1.183	8.2443279E-005
1.184	8.2161008E-005
1.185	8.1881437E-005
1.186	8.1603735E-005
1.187	8.1327125E-005
1.188	8.1052342E-005
1.189	8.0777842E-005
1.19	8.0504346E-005
1.191	8.0189508E-005
1.192	7.9919868E-005
1.193	7.9650425E-005
1.194	7.9384386E-005
1.195	7.9118538E-005
1.196	7.8854515E-005
1.197	7.8591431E-005
1.198	7.8329394E-005
1.199	7.8069075E-005
1.2	7.7768025E-005
1.201	7.7510580E-005
1.202	7.7254117E-005
1.203	7.6998571E-005
1.204	7.6745549E-005
1.205	7.6492644E-005
1.206	7.6241478E-005
1.207	7.5949873E-005
1.208	7.5702214E-005
1.209	7.5454700E-005
1.21	7.5208125E-005
1.211	7.4963194E-005
1.212	7.4719152E-005
1.213	7.4436321E-005
1.214	7.4195719E-005
1.215	7.3955984E-005
1.216	7.3717150E-005
1.217	7.3439311E-005
1.218	7.3203795E-005
1.219	7.2969160E-005
1.22	7.2733892E-005
1.221	7.2501658E-005
1.222	7.2231909E-005
1.223	7.2000024E-005
1.224	7.1771166E-005
1.225	7.1543138E-005
1.226	7.1277384E-005
1.227	7.1051851E-005
1.228	7.0827809E-005
1.229	7.0565795E-005
1.23	7.0343485E-005
1.231	7.0121976E-005
1.232	6.9901245E-005
1.233	6.9645183E-005
1.234	6.9426838E-005
1.235	6.9209993E-005
1.236	6.8957503E-005
1.237	6.8742287E-005
1.238	6.8527850E-005
1.239	6.8280257E-005
1.24	6.8068148E-005
1.241	6.7857480E-005
1.242	6.7612586E-005
1.243	6.7404180E-005
1.244	6.7195113E-005
1.245	6.6955014E-005
1.246	6.6748908E-005
1.247	6.6544162E-005
1.248	6.6305991E-005
1.249	6.6104192E-005
1.25	6.5867760E-005
1.251	6.5668137E-005
1.252	6.5467815E-005
1.253	6.5235326E-005
1.254	6.5037864E-005
1.255	6.4808424E-005
1.256	6.4611719E-005
1.257	6.4417029E-005
1.258	6.4190746E-005
1.259	6.3996828E-005
1.26	6.3774183E-005
1.261	6.3581683E-005
1.262	6.3359999E-005
1.263	6.3170883E-005
1.264	6.2981744E-005
1.265	6.2763072E-005
1.266	6.2576633E-005
1.267	6.2358900E-005
1.268	6.2174440E-005
1.269	6.1960236E-005
1.27	6.1776474E-005
1.271	6.1563806E-005
1.272	6.1382656E-005
1.273	6.1172170E-005
1.274	6.0992312E-005
1.275	6.0783317E-005
1.276	6.0605413E-005
1.277	6.0399823E-005
1.278	6.0222508E-005
1.279	6.0017766E-005
1.28	5.9843624E-005
1.281	5.9640966E-005
1.282	5.9438436E-005
1.283	5.9266822E-005
1.284	5.9066366E-005
1.285	5.8895948E-005
1.286	5.8698155E-005
1.287	5.8530190E-005
1.288	5.8333775E-005
1.289	5.8137473E-005
1.29	5.7972571E-005
1.291	5.7778852E-005
1.292	5.7613859E-005
1.293	5.7422123E-005
1.294	5.7231107E-005
1.295	5.7068482E-005
1.296	5.6879999E-005
1.297	5.6718483E-005
1.298	5.6531946E-005
1.299	5.6344885E-005
1.3	5.6186276E-005
1.301	5.6002300E-005
1.302	5.5818382E-005
1.303	5.5661465E-005
1.304	5.5480021E-005
1.305	5.5299228E-005
1.306	5.5144548E-005
1.307	5.4965007E-005
1.308	5.4786691E-005
1.309	5.4633623E-005
1.31	5.4457119E-005
1.311	5.4281274E-005
1.312	5.4130971E-005
1.313	5.3956894E-005
1.314	5.3782842E-005
1.315	5.3610023E-005
1.316	5.3462390E-005
1.317	5.3291897E-005
1.318	5.3121435E-005
1.319	5.2975312E-005
1.32	5.2807121E-005
1.321	5.2638989E-005
1.322	5.2472034E-005
1.323	5.2328480E-005
1.324	5.2162628E-005
1.325	5.1997940E-005
1.326	5.1833264E-005
1.327	5.1670304E-005
1.328	5.1530358E-005
1.329	5.1368483E-005
1.33	5.1207167E-005
1.331	5.1046427E-005
1.332	5.0886254E-005
1.333	5.0749808E-005
1.334	5.0592356E-005
1.335	5.0434359E-005
1.336	5.0277456E-005
1.337	5.0121664E-005
1.338	4.9988077E-005
1.339	4.9832754E-005
1.34	4.9679064E-005
1.341	4.9525355E-005
1.342	4.9372735E-005
1.343	4.9220642E-005
1.344	4.9069611E-005
1.345	4.8940819E-005
1.346	4.8790233E-005
1.347	4.8641803E-005
1.348	4.8492762E-005
1.349	4.8344264E-005
1.35	4.8197351E-005
1.351	4.8050388E-005
1.352	4.7905029E-005
1.353	4.7759611E-005
1.354	4.7615231E-005
1.355	4.7491267E-005
1.356	4.7348327E-005
1.357	4.7205354E-005
1.358	4.7062855E-005
1.359	4.6921894E-005
1.36	4.6781432E-005
1.361	4.6640889E-005
1.362	4.6500838E-005
1.363	4.6362835E-005
1.364	4.6223715E-005
1.365	4.6086618E-005
1.366	4.5948967E-005
1.367	4.5813325E-005
1.368	4.5677094E-005
1.369	4.5541841E-005
1.37	4.5407549E-005
1.371	4.5272664E-005
1.372	4.5139783E-005
1.373	4.5006847E-005
1.374	4.4873821E-005
1.375	4.4742257E-005
1.376	4.4611643E-005
1.377	4.4480945E-005
1.378	4.4350676E-005
1.379	4.4221346E-005
1.38	4.4092441E-005
1.381	4.3964970E-005
1.382	4.3836902E-005
1.383	4.3709759E-005
1.384	4.3582531E-005
1.385	4.3456712E-005
1.386	4.3313361E-005
1.387	4.3188429E-005
1.388	4.3063399E-005
1.389	4.2940257E-005
1.39	4.2816522E-005
1.391	4.2694181E-005
1.392	4.2571741E-005
1.393	4.2450680E-005
1.394	4.2329521E-005
1.395	4.2208256E-005
1.396	4.2071479E-005
1.397	4.1951029E-005
1.398	4.1832940E-005
1.399	4.1713258E-005
1.4	4.1595915E-005
1.401	4.1478463E-005
1.402	4.1353353E-005
1.403	4.1236173E-005
1.404	4.1119867E-005
1.405	4.1004863E-005
1.406	4.0890242E-005
1.407	4.0774561E-005
1.408	4.0644878E-005
1.409	4.0531388E-005
1.41	4.0418246E-005
1.411	4.0305484E-005
1.412	4.0193048E-005
1.413	4.0065934E-005
1.414	3.9954255E-005
1.415	3.9844326E-005
1.416	3.9733819E-005
1.417	3.9608807E-005
1.418	3.9499027E-005
1.419	3.9390045E-005
1.42	3.9282804E-005
1.421	3.9158927E-005
1.422	3.9051461E-005
1.423	3.8944334E-005
1.424	3.8838007E-005
1.425	3.8717073E-005
1.426	3.8610975E-005
1.427	3.8506128E-005
1.428	3.8401122E-005
1.429	3.8282193E-005
1.43	3.8178336E-005
1.431	3.8075257E-005
1.432	3.7957445E-005
1.433	3.7855043E-005
1.434	3.7752950E-005
1.435	3.7636713E-005
1.436	3.7535272E-005
1.437	3.7435038E-005
1.438	3.7320347E-005
1.439	3.7219866E-005
1.44	3.7120586E-005
1.441	3.7007423E-005
1.442	3.6908768E-005
1.443	3.6796777E-005
1.444	3.6698770E-005
1.445	3.6601035E-005
1.446	3.6490092E-005
1.447	3.6393874E-005
1.448	3.6297934E-005
1.449	3.6187579E-005
1.45	3.6092701E-005
1.451	3.5984358E-005
1.452	3.5889192E-005
1.453	3.5781541E-005
1.454	3.5688274E-005
1.455	3.5594443E-005
1.456	3.5488200E-005
1.457	3.5395806E-005
1.458	3.5289799E-005
1.459	3.5198420E-005
1.46	3.5094363E-005
1.461	3.5002271E-005
1.462	3.4898876E-005
1.463	3.4808625E-005
1.464	3.4705448E-005
1.465	3.4616613E-005
1.466	3.4514072E-005
1.467	3.4425360E-005
1.468	3.4323875E-005
1.469	3.4236142E-005
1.47	3.4148241E-005
1.471	3.4048502E-005
1.472	3.3948680E-005
1.473	3.3862019E-005
1.474	3.3763645E-005
1.475	3.3677516E-005
1.476	3.3579334E-005
1.477	3.3494140E-005
1.478	3.3396962E-005
1.479	3.3312699E-005
1.48	3.3216522E-005
1.481	3.3132379E-005
1.482	3.3037195E-005
1.483	3.2941913E-005
1.484	3.2858945E-005
1.485	3.2764245E-005
1.486	3.2682194E-005
1.487	3.2588861E-005
1.488	3.2495846E-005
1.489	3.2414540E-005
1.49	3.2322074E-005
1.491	3.2241660E-005
1.492	3.2150154E-005
1.493	3.2058528E-005
1.494	3.1979249E-005
1.495	3.1888590E-005
1.496	3.1798594E-005
1.497	3.1719646E-005
1.498	3.1630199E-005
1.499	3.1552507E-005
1.5	3.1463187E-005
1.501	3.1375333E-005
1.502	3.1298354E-005
1.503	3.1210624E-005
1.504	3.1123178E-005
1.505	3.1035997E-005
1.506	3.0960342E-005
1.507	3.0873682E-005
1.508	3.0788451E-005
1.509	3.0713458E-005
1.51	3.0627965E-005
1.511	3.0543499E-005
1.512	3.0458919E-005
1.513	3.0384837E-005
1.514	3.0300744E-005
1.515	3.0217294E-005
1.516	3.0144633E-005
1.517	3.0062434E-005
1.518	2.9979339E-005
1.519	2.9897272E-005
1.52	2.9825846E-005
1.521	2.9744253E-005
1.522	2.9662902E-005
1.523	2.9581801E-005
1.524	2.9501321E-005
1.525	2.9431338E-005
1.526	2.9351326E-005
1.527	2.9271183E-005
1.528	2.9192395E-005
1.529	2.9113105E-005
1.53	2.9044162E-005
1.531	2.8966062E-005
1.532	2.8887836E-005
1.533	2.8809853E-005
1.534	2.8732464E-005
1.535	2.8655681E-005
1.536	2.8588318E-005
1.537	2.8511606E-005
1.538	2.8435486E-005
1.539	2.8359589E-005
1.54	2.8283926E-005
1.541	2.8208855E-005
1.542	2.8133285E-005
1.543	2.8068009E-005
1.544	2.7993943E-005
1.545	2.7919741E-005
1.546	2.7845748E-005
1.547	2.7771981E-005
1.548	2.7698432E-005
1.549	2.7625820E-005
1.55	2.7553066E-005
1.551	2.7480522E-005
1.552	2.7408551E-005
1.553	2.7336426E-005
1.554	2.7264876E-005
1.555	2.7202939E-005
1.556	2.7131426E-005
1.557	2.7060489E-005
1.558	2.6990097E-005
1.559	2.6919572E-005
1.56	2.6850295E-005
1.561	2.6780186E-005
1.562	2.6710959E-005
1.563	2.6641603E-005
1.564	2.6572781E-005
1.565	2.6504176E-005
1.566	2.6435757E-005
1.567	2.6367539E-005
1.568	2.6299862E-005
1.569	2.6232387E-005
1.57	2.6165102E-005
1.571	2.6098351E-005
1.572	2.6031457E-005
1.573	2.5964750E-005
1.574	2.5898578E-005
1.575	2.5832591E-005
1.576	2.5767135E-005
1.577	2.5693387E-005
1.578	2.5627996E-005
1.579	2.5562440E-005
1.58	2.5498433E-005
1.581	2.5433592E-005
1.582	2.5369272E-005
1.583	2.5305804E-005
1.584	2.5241512E-005
1.585	2.5178409E-005
1.586	2.5114816E-005
1.587	2.5052068E-005
1.588	2.4988825E-005
1.589	2.4918558E-005
1.59	2.4856032E-005
1.591	2.4794335E-005
1.592	2.4732160E-005
1.593	2.4674699E-005
1.594	2.4613188E-005
1.595	2.4551844E-005
1.596	2.4483610E-005
1.597	2.4422636E-005
1.598	2.4362478E-005
1.599	2.4302160E-005
1.6	2.4242005E-005
1.601	2.4182675E-005
1.602	2.4115596E-005
1.603	2.4055958E-005
1.604	2.3997145E-005
1.605	2.3938161E-005
1.606	2.3879669E-005
1.607	2.3813844E-005
1.608	2.3755689E-005
1.609	2.3697370E-005
1.61	2.3639539E-005
1.611	2.3582177E-005
1.612	2.3517594E-005
1.613	2.3460570E-005
1.614	2.3403385E-005
1.615	2.3346667E-005
1.616	2.3283126E-005
1.617	2.3226738E-005
1.618	2.3170816E-005
1.619	2.3115355E-005
1.62	2.3052211E-005
1.621	2.2997068E-005
1.622	2.2941776E-005
1.623	2.2879467E-005
1.624	2.2825410E-005
1.625	2.2770580E-005
1.626	2.2715580E-005
1.627	2.2654885E-005
1.628	2.2600507E-005
1.629	2.2547198E-005
1.63	2.2486709E-005
1.631	2.2433398E-005
1.632	2.2380229E-005
1.633	2.2320544E-005
1.634	2.2267663E-005
1.635	2.2208620E-005
1.636	2.2156053E-005
1.637	2.2103617E-005
1.638	2.2045360E-005
1.639	2.1993523E-005
1.64	2.1941825E-005
1.641	2.1884049E-005
1.642	2.1832340E-005
1.643	2.1781363E-005
1.644	2.1724363E-005
1.645	2.1673377E-005
1.646	2.1616692E-005
1.647	2.1565984E-005
1.648	2.1509617E-005
1.649	2.1459780E-005
1.65	2.1409780E-005
1.651	2.1353879E-005
1.652	2.1304741E-005
1.653	2.1249436E-005
1.654	2.1200578E-005
1.655	2.1145281E-005
1.656	2.1096686E-005
1.657	2.1041697E-005
1.658	2.0993661E-005
1.659	2.0939257E-005
1.66	2.0891199E-005
1.661	2.0843258E-005
1.662	2.0789874E-005
1.663	2.0742194E-005
1.664	2.0689105E-005
1.665	2.0641974E-005
1.666	2.0589168E-005
1.667	2.0542295E-005
1.668	2.0490061E-005
1.669	2.0437690E-005
1.67	2.0391490E-005
1.671	2.0339687E-005
1.672	2.0293741E-005
1.673	2.0241929E-005
1.674	2.0196225E-005
1.675	2.0145269E-005
1.676	2.0100086E-005
1.677	2.0048834E-005
1.678	2.0004180E-005
1.679	1.9953764E-005
1.68	1.9903768E-005
1.681	1.9858922E-005
1.682	1.9809471E-005
1.683	1.9765139E-005
1.684	1.9715681E-005
1.685	1.9666079E-005
1.686	1.9622656E-005
1.687	1.9573319E-005
1.688	1.9529853E-005
1.689	1.9481602E-005
1.69	1.9433211E-005
1.691	1.9390096E-005
1.692	1.9341964E-005
1.693	1.9293962E-005
1.694	1.9251735E-005
1.695	1.9203988E-005
1.696	1.9156367E-005
1.697	1.9114485E-005
1.698	1.9067382E-005
1.699	1.9020423E-005
1.7	1.8978868E-005
1.701	1.8932140E-005
1.702	1.8886351E-005
1.703	1.8844599E-005
1.704	1.8798513E-005
1.705	1.8752820E-005
1.706	1.8706993E-005
1.707	1.8666207E-005
1.708	1.8621144E-005
1.709	1.8575673E-005
1.71	1.8535477E-005
1.711	1.8490775E-005
1.712	1.8445928E-005
1.713	1.8401202E-005
1.714	1.8361692E-005
1.715	1.8317451E-005
1.716	1.8273082E-005
1.717	1.8229346E-005
1.718	1.8185472E-005
1.719	1.8146482E-005
1.72	1.8102826E-005
1.721	1.8059296E-005
1.722	1.8016137E-005
1.723	1.7973098E-005
1.724	1.7934877E-005
1.725	1.7892062E-005
1.726	1.7849603E-005
1.727	1.7806753E-005
1.728	1.7764531E-005
1.729	1.7727065E-005
1.73	1.7685054E-005
1.731	1.7643410E-005
1.732	1.7603807E-005
1.733	1.7562121E-005
1.734	1.7520551E-005
1.735	1.7479089E-005
1.736	1.7442806E-005
1.737	1.7401549E-005
1.738	1.7360402E-005
1.739	1.7319870E-005
1.74	1.7279192E-005
1.741	1.7238624E-005
1.742	1.7198667E-005
1.743	1.7158305E-005
1.744	1.7122773E-005
1.745	1.7082621E-005
1.746	1.7042565E-005
1.747	1.7003365E-005
1.748	1.6964017E-005
1.749	1.6924525E-005
1.75	1.6885137E-005
1.751	1.6845852E-005
1.752	1.6806911E-005
1.753	1.6768319E-005
1.754	1.6729344E-005
1.755	1.6690708E-005
1.756	1.6652666E-005
1.757	1.6614225E-005
1.758	1.6575890E-005
1.759	1.6537657E-005
1.76	1.6500004E-005
1.761	1.6462443E-005
1.762	1.6424745E-005
1.763	1.6386897E-005
1.764	1.6350114E-005
1.765	1.6312461E-005
1.766	1.6275386E-005
1.767	1.6238406E-005
1.768	1.6201522E-005
1.769	1.6164731E-005
1.77	1.6128268E-005
1.771	1.6091661E-005
1.772	1.6054915E-005
1.773	1.6018730E-005
1.774	1.5982645E-005
1.775	1.5946651E-005
1.776	1.5911208E-005
1.777	1.5875392E-005
1.778	1.5839669E-005
1.779	1.5800186E-005
1.78	1.5764643E-005
1.781	1.5729198E-005
1.782	1.5694312E-005
1.783	1.5659043E-005
1.784	1.5623860E-005
1.785	1.5589238E-005
1.786	1.5554702E-005
1.787	1.5519783E-005
1.788	1.5482117E-005
1.789	1.5447382E-005
1.79	1.5413198E-005
1.791	1.5379090E-005
1.792	1.5345080E-005
1.793	1.5311603E-005
1.794	1.5277756E-005
1.795	1.5240301E-005
1.796	1.5206626E-005
1.797	1.5173042E-005
1.798	1.5139988E-005
1.799	1.5107022E-005
1.8	1.5070485E-005
1.801	1.5037233E-005
1.802	1.5004071E-005
1.803	1.4971436E-005
1.804	1.4938881E-005
1.805	1.4902348E-005
1.806	1.4869961E-005
1.807	1.4837653E-005
1.808	1.4805870E-005
1.809	1.4769710E-005
1.81	1.4738093E-005
1.811	1.4705663E-005
1.812	1.4674199E-005
1.813	1.4638837E-005
1.814	1.4607537E-005
1.815	1.4575875E-005
1.816	1.4545166E-005
1.817	1.4509715E-005
1.818	1.4478728E-005
1.819	1.4447809E-005
1.82	1.4413498E-005
1.821	1.4382304E-005
1.822	1.4351620E-005
1.823	1.4321012E-005
1.824	1.4287040E-005
1.825	1.4256585E-005
1.826	1.4226636E-005
1.827	1.4192484E-005
1.828	1.4163120E-005
1.829	1.4132529E-005
1.83	1.4099060E-005
1.831	1.4069055E-005
1.832	1.4039549E-005
1.833	1.4007183E-005
1.834	1.3976975E-005
1.835	1.3944342E-005
1.836	1.3915135E-005
1.837	1.3885995E-005
1.838	1.3853604E-005
1.839	1.3824188E-005
1.84	1.3792378E-005
1.841	1.3763107E-005
1.842	1.3734748E-005
1.843	1.3703177E-005
1.844	1.3674112E-005
1.845	1.3643910E-005
1.846	1.3615829E-005
1.847	1.3587391E-005
1.848	1.3555779E-005
1.849	1.3527903E-005
1.85	1.3496864E-005
1.851	1.3468714E-005
1.852	1.3437829E-005
1.853	1.3410227E-005
1.854	1.3379073E-005
1.855	1.3351610E-005
1.856	1.3321028E-005
1.857	1.3294109E-005
1.858	1.3262848E-005
1.859	1.3236062E-005
1.86	1.3205773E-005
1.861	1.3178711E-005
1.862	1.3149393E-005
1.863	1.3122045E-005
1.864	1.3092457E-005
1.865	1.3066061E-005
1.866	1.3035807E-005
1.867	1.3009537E-005
1.868	1.2980237E-005
1.869	1.2953285E-005
1.87	1.2924127E-005
1.871	1.2898513E-005
1.872	1.2869094E-005
1.873	1.2840547E-005
1.874	1.2814325E-005
1.875	1.2785918E-005
1.876	1.2759813E-005
1.877	1.2731550E-005
1.878	1.2702952E-005
1.879	1.2677438E-005
1.88	1.2649772E-005
1.881	1.2623979E-005
1.882	1.2595655E-005
1.883	1.2568192E-005
1.884	1.2542589E-005
1.885	1.2514864E-005
1.886	1.2490163E-005
1.887	1.2462177E-005
1.888	1.2434652E-005
1.889	1.2410132E-005
1.89	1.2382733E-005
1.891	1.2355405E-005
1.892	1.2330675E-005
1.893	1.2303474E-005
1.894	1.2276727E-005
1.895	1.2252561E-005
1.896	1.2225941E-005
1.897	1.2198617E-005
1.898	1.2174620E-005
1.899	1.2148191E-005
1.9	1.2121443E-005
1.901	1.2094764E-005
1.902	1.2071382E-005
1.903	1.2045206E-005
1.904	1.2018712E-005
1.905	1.1995497E-005
1.906	1.1969504E-005
1.907	1.1943956E-005
1.908	1.1917713E-005
1.909	1.1894720E-005
1.91	1.1868973E-005
1.911	1.1842915E-005
1.912	1.1818051E-005
1.913	1.1794892E-005
1.914	1.1769393E-005
1.915	1.1743951E-005
1.916	1.1718947E-005
1.917	1.1693628E-005
1.918	1.1671495E-005
1.919	1.1646292E-005
1.92	1.1621893E-005
1.921	1.1596813E-005
1.922	1.1572160E-005
1.923	1.1547200E-005
1.924	1.1525004E-005
1.925	1.1500898E-005
1.926	1.1476107E-005
1.927	1.1452116E-005
1.928	1.1427074E-005
1.929	1.1403561E-005
1.93	1.1381682E-005
1.931	1.1357544E-005
1.932	1.1333468E-005
1.933	1.1310175E-005
1.934	1.1285842E-005
1.935	1.1262301E-005
1.936	1.1238450E-005
1.937	1.1215016E-005
1.938	1.1194258E-005
1.939	1.1171520E-005
1.94	1.1147883E-005
1.941	1.1125024E-005
1.942	1.1101493E-005
1.943	1.1078022E-005
1.944	1.1055325E-005
1.945	1.1032322E-005
1.946	1.1009376E-005
1.947	1.0986479E-005
1.948	1.0963280E-005
1.949	1.0940847E-005
1.95	1.0918114E-005
1.951	1.0895429E-005
1.952	1.0873508E-005
1.953	1.0850573E-005
1.954	1.0828405E-005
1.955	1.0805932E-005
1.956	1.0783513E-005
1.957	1.0761493E-005
1.958	1.0739529E-005
1.959	1.0717614E-005
1.96	1.0695399E-005
1.961	1.0673234E-005
1.962	1.0651822E-005
1.963	1.0629758E-005
1.964	1.0608092E-005
1.965	1.0586134E-005
1.966	1.0564917E-005
1.967	1.0543404E-005
1.968	1.0521934E-005
1.969	1.0500865E-005
1.97	1.0479152E-005
1.971	1.0458176E-005
1.972	1.0436906E-005
1.973	1.0415683E-005
1.974	1.0394854E-005
1.975	1.0373727E-005
1.976	1.0352651E-005
1.977	1.0329899E-005
1.978	1.0309257E-005
1.979	1.0287989E-005
1.98	1.0267445E-005
1.981	1.0246948E-005
1.982	1.0226835E-005
1.983	1.0206093E-005
1.984	1.0185398E-005
1.985	1.0163055E-005
1.986	1.0142796E-005
1.987	1.0122576E-005
1.988	1.0102410E-005
1.989	1.0082284E-005
1.99	1.0062196E-005
1.991	1.0042501E-005
1.992	1.0020512E-005
1.993	1.0000565E-005
1.994	9.9806703E-006
1.995	9.9608160E-006
1.996	9.9413392E-006
1.997	9.9195959E-006
1.998	9.9002136E-006
1.999	9.8805385E-006
2	9.8612363E-006
2.001	9.8416494E-006
2.002	9.8204819E-006
2.003	9.8013134E-006
2.004	9.7818602E-006
2.005	9.7627790E-006
2.006	9.7418033E-006
2.007	9.7224802E-006
2.008	9.7038528E-006
2.009	9.6846170E-006
2.01	9.6641525E-006
2.011	9.6453286E-006
2.012	9.6265430E-006
2.013	9.6058984E-006
2.014	9.5872001E-006
2.015	9.5682199E-006
2.016	9.5502510E-006
2.017	9.5294654E-006
2.018	9.5112564E-006
2.019	9.4934039E-006
2.02	9.4724401E-006
2.021	9.4543529E-006
2.022	9.4373981E-006
2.023	9.4175248E-006
2.024	9.3989183E-006
2.025	9.3813060E-006
2.026	9.3615654E-006
2.027	9.3434001E-006
2.028	9.3255921E-006
2.029	9.3059834E-006
2.03	9.2882565E-006
2.031	9.2687351E-006
2.032	9.2510863E-006
2.033	9.2331629E-006
2.034	9.2140845E-006
2.035	9.1962393E-006
2.036	9.1790580E-006
2.037	9.1594848E-006
2.038	9.1426909E-006
2.039	9.1238235E-006
2.04	9.1061765E-006
2.041	9.0873955E-006
2.042	9.0701324E-006
2.043	9.0529093E-006
2.044	9.0342528E-006
2.045	9.0174135E-006
2.046	8.9985297E-006
2.047	8.9817649E-006
2.048	8.9629675E-006
2.049	8.9462783E-006
2.05	8.9278665E-006
2.051	8.9112518E-006
2.052	8.8929228E-006
2.053	8.8760735E-006
2.054	8.8581301E-006
2.055	8.8416600E-006
2.056	8.8234910E-006
2.057	8.8067918E-006
2.058	8.7890085E-006
2.059	8.7729813E-006
2.06	8.7546723E-006
2.061	8.7384196E-006
2.062	8.7207882E-006
2.063	8.7046074E-006
2.064	8.6867549E-006
2.065	8.6709415E-006
2.066	8.6534646E-006
2.067	8.6368245E-006
2.068	8.6197260E-006
2.069	8.6026657E-006
2.07	8.5867277E-006
2.071	8.5694428E-006
2.072	8.5532756E-006
2.073	8.5360689E-006
2.074	8.5205666E-006
2.075	8.5034299E-006
2.076	8.4866288E-006
2.077	8.4709327E-006
2.078	8.4539097E-006
2.079	8.4388666E-006
2.08	8.4216244E-006
2.081	8.4050052E-006
2.082	8.3894756E-006
2.083	8.3729310E-006
2.084	8.3564200E-006
2.085	8.3407040E-006
2.086	8.3245523E-006
2.087	8.3081477E-006
2.088	8.2928236E-006
2.089	8.2764918E-006
2.09	8.2601955E-006
2.091	8.2452534E-006
2.092	8.2284550E-006
2.093	8.2128363E-006
2.094	8.1977041E-006
2.095	8.1815842E-006
2.096	8.1661501E-006
2.097	8.1500966E-006
2.098	8.1353801E-006
2.099	8.1193994E-006
2.1	8.1040189E-006
2.101	8.0891105E-006
2.102	8.0732298E-006
2.103	8.0576683E-006
2.104	8.0415721E-006
2.105	8.0273558E-006
2.106	8.0118944E-006
2.107	7.9959000E-006
2.108	7.9805059E-006
2.109	7.9654255E-006
2.11	7.9508027E-006
2.111	7.9355041E-006
2.112	7.9199617E-006
2.113	7.9050105E-006
2.114	7.8907888E-006
2.115	7.8758985E-006
2.116	7.8602088E-006
2.117	7.8451103E-006
2.118	7.8300418E-006
2.119	7.8147286E-006
2.12	7.8015173E-006
2.121	7.7859904E-006
2.122	7.7713275E-006
2.123	7.7564191E-006
2.124	7.7415434E-006
2.125	7.7266986E-006
2.126	7.7131090E-006
2.127	7.6983279E-006
2.128	7.6835759E-006
2.129	7.6688575E-006
2.13	7.6544411E-006
2.131	7.6400574E-006
2.132	7.6251595E-006
2.133	7.6108395E-006
2.134	7.5974763E-006
2.135	7.5832122E-006
2.136	7.5684411E-006
2.137	7.5542384E-006
2.138	7.5397975E-006
2.139	7.5259245E-006
2.14	7.5115458E-006
2.141	7.4977324E-006
2.142	7.4834143E-006
2.143	7.4691247E-006
2.144	7.4548661E-006
2.145	7.4414374E-006
2.146	7.4272389E-006
2.147	7.4133345E-006
2.148	7.3991973E-006
2.149	7.3853507E-006
2.15	7.3715373E-006
2.151	7.3577507E-006
2.152	7.3439946E-006
2.153	7.3305287E-006
2.154	7.3165666E-006
2.155	7.3028955E-006
2.156	7.2892549E-006
2.157	7.2759035E-006
2.158	7.2623211E-006
2.159	7.2487637E-006
2.16	7.2352341E-006
2.161	7.2217358E-006
2.162	7.2093490E-006
2.163	7.1961631E-006
2.164	7.1827476E-006
2.165	7.1693571E-006
2.166	7.1562531E-006
2.167	7.1426621E-006
2.168	7.1298709E-006
2.169	7.1163336E-006
2.17	7.1033410E-006
2.171	7.0903743E-006
2.172	7.0771766E-006
2.173	7.0634160E-006
2.174	7.0502770E-006
2.175	7.0376750E-006
2.176	7.0243314E-006
2.177	7.0117835E-006
2.178	6.9990056E-006
2.179	6.9865087E-006
2.18	6.9735261E-006
2.181	6.9594880E-006
2.182	6.9470707E-006
2.183	6.9344242E-006
2.184	6.9218049E-006
2.185	6.9094626E-006
2.186	6.8966415E-006
2.187	6.8832810E-006
2.188	6.8707659E-006
2.189	6.8582731E-006
2.19	6.8458075E-006
2.191	6.8336212E-006
2.192	6.8203958E-006
2.193	6.8077597E-006
2.194	6.7956457E-006
2.195	6.7835590E-006
2.196	6.7712463E-006
2.197	6.7581614E-006
2.198	6.7456531E-006
2.199	6.7336646E-006
2.2	6.7217015E-006
2.201	6.7097612E-006
2.202	6.6968087E-006
2.203	6.6846715E-006
2.204	6.6725597E-006
2.205	6.6599337E-006
2.206	6.6481180E-006
2.207	6.6363268E-006
2.208	6.6245561E-006
2.209	6.6117905E-006
2.21	6.6000675E-006
2.211	6.5883710E-006
2.212	6.5756831E-006
2.213	6.5637919E-006
2.214	6.5524100E-006
2.215	6.5408080E-006
2.216	6.5282238E-006
2.217	6.5166687E-006
2.218	6.5051386E-006
2.219	6.4928704E-006
2.22	6.4813862E-006
2.221	6.4701671E-006
2.222	6.4574920E-006
2.223	6.4468163E-006
2.224	6.4344326E-006
2.225	6.4235423E-006
2.226	6.4119563E-006
2.227	6.3996499E-006
2.228	6.3885882E-006
2.229	6.3775497E-006
2.23	6.3655525E-006
2.231	6.3540833E-006
2.232	6.3423731E-006
2.233	6.3311886E-006
2.234	6.3202597E-006
2.235	6.3086195E-006
2.236	6.2975018E-006
2.237	6.2856761E-006
2.238	6.2748359E-006
2.239	6.2628228E-006
2.24	6.2520285E-006
2.241	6.2412541E-006
2.242	6.2297790E-006
2.243	6.2188160E-006
2.244	6.2073891E-006
2.245	6.1964683E-006
2.246	6.1850874E-006
2.247	6.1742103E-006
2.248	6.1628766E-006
2.249	6.1522742E-006
2.25	6.1407541E-006
2.251	6.1304268E-006
2.252	6.1189503E-006
2.253	6.1084352E-006
2.254	6.0970078E-006
2.255	6.0867619E-006
2.256	6.0753805E-006
2.257	6.0651755E-006
2.258	6.0540665E-006
2.259	6.0436746E-006
2.26	6.0326092E-006
2.261	6.0222601E-006
2.262	6.0110119E-006
2.263	6.0002412E-006
2.264	5.9901818E-006
2.265	5.9790000E-006
2.266	5.9689801E-006
2.267	5.9580684E-006
2.268	5.9478607E-006
2.269	5.9369936E-006
2.27	5.9261497E-006
2.271	5.9162276E-006
2.272	5.9054264E-006
2.273	5.8957689E-006
2.274	5.8847845E-006
2.275	5.8740470E-006
2.276	5.8644473E-006
2.277	5.8535279E-006
2.278	5.8428550E-006
2.279	5.8330897E-006
2.28	5.8231230E-006
2.281	5.8131732E-006
2.282	5.8028045E-006
2.283	5.7922352E-006
2.284	5.7825655E-006
2.285	5.7720372E-006
2.286	5.7619718E-006
2.287	5.7521402E-006
2.288	5.7418929E-006
2.289	5.7316670E-006
2.29	5.7212419E-006
2.291	5.7119246E-006
2.292	5.7015409E-006
2.293	5.6911776E-006
2.294	5.6821323E-006
2.295	5.6718081E-006
2.296	5.6615081E-006
2.297	5.6516610E-006
2.298	5.6420354E-006
2.299	5.6320114E-006
2.3	5.6222225E-006
2.301	5.6120211E-006
2.302	5.6029048E-006
2.303	5.5929563E-006
2.304	5.5830283E-006
2.305	5.5731216E-006
2.306	5.5640753E-006
2.307	5.5542073E-006
2.308	5.5443575E-006
2.309	5.5345258E-006
2.31	5.5247174E-006
2.311	5.5157561E-006
2.312	5.5057708E-006
2.313	5.4964439E-006
2.314	5.4867078E-006
2.315	5.4769948E-006
2.316	5.4681227E-006
2.317	5.4584430E-006
2.318	5.4489956E-006
2.319	5.4393563E-006
2.32	5.4299458E-006
2.321	5.4203433E-006
2.322	5.4109701E-006
2.323	5.4022180E-006
2.324	5.3926697E-006
2.325	5.3831423E-006
2.326	5.3740509E-006
2.327	5.3645595E-006
2.328	5.3552935E-006
2.329	5.3460471E-006
2.33	5.3366111E-006
2.331	5.3274011E-006
2.332	5.3184017E-006
2.333	5.3100248E-006
2.334	5.3010745E-006
2.335	5.2917248E-006
2.336	5.2823971E-006
2.337	5.2732917E-006
2.338	5.2644109E-006
2.339	5.2553401E-006
2.34	5.2460841E-006
2.341	5.2372552E-006
2.342	5.2280311E-006
2.343	5.2192372E-006
2.344	5.2102555E-006
2.345	5.2012911E-006
2.346	5.1923416E-006
2.347	5.1834118E-006
2.348	5.1744987E-006
2.349	5.1653992E-006
2.35	5.1567240E-006
2.351	5.1480656E-006
2.352	5.1394218E-006
2.353	5.1303928E-006
2.354	5.1217817E-006
2.355	5.1129878E-006
2.356	5.1044121E-006
2.357	5.0956505E-006
2.358	5.0871067E-006
2.359	5.0785802E-006
2.36	5.0696681E-006
2.361	5.0611761E-006
2.362	5.0528965E-006
2.363	5.0442341E-006
2.364	5.0353915E-006
2.365	5.0269609E-006
2.366	5.0179960E-006
2.367	5.0094018E-006
2.368	5.0008225E-006
2.369	4.9924593E-006
2.37	4.9843088E-006
2.371	4.9757768E-006
2.372	4.9674604E-006
2.373	4.9591595E-006
2.374	4.9506771E-006
2.375	4.9420610E-006
2.376	4.9336127E-006
2.377	4.9253745E-006
2.378	4.9173482E-006
2.379	4.9091409E-006
2.38	4.9007540E-006
2.381	4.8931383E-006
2.382	4.8842480E-006
2.383	4.8762968E-006
2.384	4.8677784E-006
2.385	4.8598572E-006
2.386	4.8519532E-006
2.387	4.8431457E-006
2.388	4.8348847E-006
2.389	4.8272191E-006
2.39	4.8193729E-006
2.391	4.8113498E-006
2.392	4.8026250E-006
2.393	4.7948242E-006
2.394	4.7866556E-006
2.395	4.7790763E-006
2.396	4.7711264E-006
2.397	4.7628673E-006
2.398	4.7549497E-006
2.399	4.7472349E-006
2.4	4.7386429E-006
2.401	4.7309586E-006
2.402	4.7232888E-006
2.403	4.7152562E-006
2.404	4.7071044E-006
2.405	4.6992905E-006
2.406	4.6918667E-006
2.407	4.6842697E-006
2.408	4.6758037E-006
2.409	4.6682358E-006
2.41	4.6606815E-006
2.411	4.6524501E-006
2.412	4.6447371E-006
2.413	4.6372238E-006
2.414	4.6292271E-006
2.415	4.6217424E-006
2.416	4.6142736E-006
2.417	4.6063210E-006
2.418	4.5988781E-006
2.419	4.5912634E-006
2.42	4.5831707E-006
2.421	4.5759552E-006
2.422	4.5678930E-006
2.423	4.5605198E-006
2.424	4.5531601E-006
2.425	4.5455122E-006
2.426	4.5379952E-006
2.427	4.5308620E-006
2.428	4.5234051E-006
2.429	4.5161132E-006
2.43	4.5083511E-006
2.431	4.5010866E-006
2.432	4.4933545E-006
2.433	4.4861176E-006
2.434	4.4790750E-006
2.435	4.4712028E-006
2.436	4.4641856E-006
2.437	4.4563430E-006
2.438	4.4493540E-006
2.439	4.4419025E-006
2.44	4.4345770E-006
2.441	4.4271524E-006
2.442	4.4200365E-006
2.443	4.4134713E-006
2.444	4.4053668E-006
2.445	4.3986493E-006
2.446	4.3911118E-006
2.447	4.3842392E-006
2.448	4.3767309E-006
2.449	4.3692389E-006
2.45	4.3622244E-006
2.451	4.3555806E-006
2.452	4.3481277E-006
2.453	4.3410455E-006
2.454	4.3340820E-006
2.455	4.3268478E-006
2.456	4.3199107E-006
2.457	4.3127038E-006
2.458	4.3057908E-006
2.459	4.2986103E-006
2.46	4.2917231E-006
2.461	4.2845695E-006
2.462	4.2774295E-006
2.463	4.2707547E-006
2.464	4.2634661E-006
2.465	4.2568163E-006
2.466	4.2497277E-006
2.467	4.2426541E-006
2.468	4.2358665E-006
2.469	4.2289917E-006
2.47	4.2224024E-006
2.471	4.2156903E-006
2.472	4.2083311E-006
2.473	4.2021256E-006
2.474	4.1949675E-006
2.475	4.1886115E-006
2.476	4.1816520E-006
2.477	4.1747039E-006
2.478	4.1683825E-006
2.479	4.1612875E-006
2.48	4.1545509E-006
2.481	4.1480921E-006
2.482	4.1410349E-006
2.483	4.1343369E-006
2.484	4.1273056E-006
2.485	4.1210656E-006
2.486	4.1144031E-006
2.487	4.1075814E-006
2.488	4.1012045E-006
2.489	4.0942368E-006
2.49	4.0876230E-006
2.491	4.0816190E-006
2.492	4.0748600E-006
2.493	4.0681125E-006
2.494	4.0613768E-006
2.495	4.0554169E-006
2.496	4.0487066E-006
2.497	4.0420077E-006
2.498	4.0353198E-006
2.499	4.0294040E-006
2.5	4.0225718E-006
2.501	4.0162577E-006
2.502	4.0096193E-006
2.503	4.0029918E-006
2.504	3.9969632E-006
2.505	3.9905258E-006
2.506	3.9839347E-006
2.507	3.9775218E-006
2.508	3.9709535E-006
2.509	3.9651454E-006
2.51	3.9587671E-006
2.511	3.9523998E-006
2.512	3.9458796E-006
2.513	3.9398237E-006
2.514	3.9331603E-006
2.515	3.9275801E-006
2.516	3.9212705E-006
2.517	3.9148063E-006
2.518	3.9085203E-006
2.519	3.9020792E-006
2.52	3.8959788E-006
2.521	3.8897242E-006
2.522	3.8838880E-006
2.523	3.8776570E-006
2.524	3.8712728E-006
2.525	3.8650646E-006
2.526	3.8590301E-006
2.527	3.8528437E-006
2.528	3.8466678E-006
2.529	3.8406674E-006
2.53	3.8343496E-006
2.531	3.8285325E-006
2.532	3.8222383E-006
2.533	3.8159569E-006
2.534	3.8105659E-006
2.535	3.8043061E-006
2.536	3.7985396E-006
2.537	3.7923003E-006
2.538	3.7863961E-006
2.539	3.7805005E-006
2.54	3.7744551E-006
2.541	3.7685804E-006
2.542	3.7625568E-006
2.543	3.7565428E-006
2.544	3.7507007E-006
2.545	3.7445491E-006
2.546	3.7388872E-006
2.547	3.7329164E-006
2.548	3.7271147E-006
2.549	3.7210057E-006
2.55	3.7152249E-006
2.551	3.7094553E-006
2.552	3.7039654E-006
2.553	3.6980568E-006
2.554	3.6923166E-006
2.555	3.6865870E-006
2.556	3.6808669E-006
2.557	3.6746221E-006
2.558	3.6686076E-006
2.559	3.6632323E-006
2.56	3.6572408E-006
2.561	3.6515721E-006
2.562	3.6460699E-006
2.563	3.6404190E-006
2.564	3.6346250E-006
2.565	3.6289953E-006
2.566	3.6233764E-006
2.567	3.6177664E-006
2.568	3.6116417E-006
2.569	3.6062079E-006
2.57	3.6004733E-006
2.571	3.5949024E-006
2.572	3.5894966E-006
2.573	3.5839460E-006
2.574	3.5784053E-006
2.575	3.5723544E-006
2.576	3.5668338E-006
2.577	3.5614760E-006
2.578	3.5559726E-006
2.579	3.5504800E-006
2.58	3.5451508E-006
2.581	3.5393150E-006
2.582	3.5336982E-006
2.583	3.5283977E-006
2.584	3.5229532E-006
2.585	3.5175169E-006
2.586	3.5118851E-006
2.587	3.5063163E-006
2.588	3.5010619E-006
2.589	3.4958161E-006
2.59	3.4908333E-006
2.591	3.4849463E-006
2.592	3.4795773E-006
2.593	3.4743680E-006
2.594	3.4690167E-006
2.595	3.4633219E-006
2.596	3.4581403E-006
2.597	3.4528161E-006
2.598	3.4475020E-006
2.599	3.4419966E-006
2.6	3.4368513E-006
2.601	3.4317136E-006
2.602	3.4260875E-006
2.603	3.4208190E-006
2.604	3.4157085E-006
2.605	3.4106058E-006
2.606	3.4050192E-006
2.607	3.4000850E-006
2.608	3.3950087E-006
2.609	3.3894498E-006
2.61	3.3843919E-006
2.611	3.3791957E-006
2.612	3.3738136E-006
2.613	3.3687822E-006
2.614	3.3637593E-006
2.615	3.3582576E-006
2.616	3.3532531E-006
2.617	3.3479175E-006
2.618	3.3429287E-006
2.619	3.3379495E-006
2.62	3.3326419E-006
2.621	3.3276801E-006
2.622	3.3228728E-006
2.623	3.3172989E-006
2.624	3.3123633E-006
2.625	3.3072465E-006
2.626	3.3025656E-006
2.627	3.2975090E-006
2.628	3.2922730E-006
2.629	3.2873786E-006
2.63	3.2823057E-006
2.631	3.2774271E-006
2.632	3.2720841E-006
2.633	3.2673665E-006
2.634	3.2621842E-006
2.635	3.2573394E-006
2.636	3.2521755E-006
2.637	3.2474909E-006
2.638	3.2425276E-006
2.639	3.2375326E-006
2.64	3.2328721E-006
2.641	3.2276091E-006
2.642	3.2231064E-006
2.643	3.2178623E-006
2.644	3.2130911E-006
2.645	3.2081477E-006
2.646	3.2033929E-006
2.647	3.1984671E-006
2.648	3.1938696E-006
2.649	3.1886773E-006
2.65	3.1837762E-006
2.651	3.1792038E-006
2.652	3.1740371E-006
2.653	3.1694792E-006
2.654	3.1646121E-006
2.655	3.1599293E-006
2.656	3.1550783E-006
2.657	3.1505519E-006
2.658	3.1457171E-006
2.659	3.1406125E-006
2.66	3.1362479E-006
2.661	3.1313862E-006
2.662	3.1270363E-006
2.663	3.1221030E-006
2.664	3.1173197E-006
2.665	3.1128536E-006
2.666	3.1079460E-006
2.667	3.1036343E-006
2.668	3.0986037E-006
2.669	3.0939971E-006
2.67	3.0894323E-006
2.671	3.0847023E-006
2.672	3.0801195E-006
2.673	3.0755757E-006
2.674	3.0707333E-006
2.675	3.0661743E-006
2.676	3.0617903E-006
2.677	3.0571093E-006
2.678	3.0525737E-006
2.679	3.0479384E-006
2.68	3.0434180E-006
2.681	3.0389051E-006
2.682	3.0344295E-006
2.683	3.0297952E-006
2.684	3.0250342E-006
2.685	3.0205513E-006
2.686	3.0162412E-006
2.687	3.0117747E-006
2.688	3.0071794E-006
2.689	3.0027547E-006
2.69	2.9984449E-006
2.691	2.9937378E-006
2.692	2.9891746E-006
2.693	2.9850492E-006
2.694	2.9803659E-006
2.695	2.9761734E-006
2.696	2.9716387E-006
2.697	2.9672726E-006
2.698	2.9627538E-006
2.699	2.9585094E-006
2.7	2.9540067E-006
2.701	2.9495097E-006
2.702	2.9454461E-006
2.703	2.9410978E-006
2.704	2.9364910E-006
2.705	2.9321577E-006
2.706	2.9276978E-006
2.707	2.9233790E-006
2.708	2.9192233E-006
2.709	2.9147868E-006
2.71	2.9104890E-006
2.711	2.9061987E-006
2.712	2.9019156E-006
2.713	2.8975089E-006
2.714	2.8933937E-006
2.715	2.8890011E-006
2.716	2.8847462E-006
2.717	2.8806301E-006
2.718	2.8761276E-006
2.719	2.8720262E-006
2.72	2.8676691E-006
2.721	2.8634504E-006
2.722	2.8591076E-006
2.723	2.8551842E-006
2.724	2.8508562E-006
2.725	2.8469253E-006
2.726	2.8424811E-006
2.727	2.8385084E-006
2.728	2.8343377E-006
2.729	2.8301743E-006
2.73	2.8260172E-006
2.731	2.8218674E-006
2.732	2.8177244E-006
2.733	2.8134593E-006
2.734	2.8092015E-006
2.735	2.8050790E-006
2.736	2.8010925E-006
2.737	2.7969834E-006
2.738	2.7928822E-006
2.739	2.7887863E-006
2.74	2.7848262E-006
2.741	2.7807432E-006
2.742	2.7766691E-006
2.743	2.7724723E-006
2.744	2.7685383E-006
2.745	2.7644828E-006
2.746	2.7604349E-006
2.747	2.7563931E-006
2.748	2.7523574E-006
2.749	2.7483291E-006
2.75	2.7443075E-006
2.751	2.7402921E-006
2.752	2.7362835E-006
2.753	2.7324070E-006
2.754	2.7284118E-006
2.755	2.7244221E-006
2.756	2.7204394E-006
2.757	2.7164633E-006
2.758	2.7128144E-006
2.759	2.7085855E-006
2.76	2.7046287E-006
2.761	2.7009280E-006
2.762	2.6968587E-006
2.763	2.6930461E-006
2.764	2.6892396E-006
2.765	2.6851903E-006
2.766	2.6813955E-006
2.767	2.6772220E-006
2.768	2.6734406E-006
2.769	2.6695407E-006
2.77	2.6657719E-006
2.771	2.6620091E-006
2.772	2.6581281E-006
2.773	2.6542536E-006
2.774	2.6503740E-006
2.775	2.6463892E-006
2.776	2.6426562E-006
2.777	2.6390533E-006
2.778	2.6350881E-006
2.779	2.6311163E-006
2.78	2.6274081E-006
2.781	2.6237055E-006
2.782	2.6200096E-006
2.783	2.6161972E-006
2.784	2.6121365E-006
2.785	2.6085802E-006
2.786	2.6049081E-006
2.787	2.6011203E-006
2.788	2.5976478E-006
2.789	2.5937402E-006
2.79	2.5900913E-006
2.791	2.5863280E-006
2.792	2.5826910E-006
2.793	2.5789291E-006
2.794	2.5751833E-006
2.795	2.5714442E-006
2.796	2.5677016E-006
2.797	2.5640945E-006
2.798	2.5606118E-006
2.799	2.5570159E-006
2.8	2.5530580E-006
2.801	2.5495922E-006
2.802	2.5460138E-006
2.803	2.5420752E-006
2.804	2.5385086E-006
2.805	2.5349468E-006
2.806	2.5312650E-006
2.807	2.5275961E-006
2.808	2.5242887E-006
2.809	2.5205068E-006
2.81	2.5168547E-006
2.811	2.5133274E-006
2.812	2.5096804E-006
2.813	2.5060469E-006
2.814	2.5024128E-006
2.815	2.4987899E-006
2.816	2.4955259E-006
2.817	2.4917913E-006
2.818	2.4884819E-006
2.819	2.4849999E-006
2.82	2.4812823E-006
2.821	2.4779276E-006
2.822	2.4741055E-006
2.823	2.4708791E-006
2.824	2.4671856E-006
2.825	2.4636204E-006
2.826	2.4602928E-006
2.827	2.4566170E-006
2.828	2.4532999E-006
2.829	2.4496360E-006
2.83	2.4463297E-006
2.831	2.4427932E-006
2.832	2.4393819E-006
2.833	2.4358569E-006
2.834	2.4324565E-006
2.835	2.4291767E-006
2.836	2.4257836E-006
2.837	2.4223991E-006
2.838	2.4187862E-006
2.839	2.4154126E-006
2.84	2.4118119E-006
2.841	2.4083315E-006
2.842	2.4052033E-006
2.843	2.4016194E-006
2.844	2.3983866E-006
2.845	2.3949278E-006
2.846	2.3916491E-006
2.847	2.3882023E-006
2.848	2.3849896E-006
2.849	2.3815530E-006
2.85	2.3782368E-006
2.851	2.3748114E-006
2.852	2.3716193E-006
2.853	2.3683178E-006
2.854	2.3647954E-006
2.855	2.3616178E-006
2.856	2.3582193E-006
2.857	2.3550522E-006
2.858	2.3515524E-006
2.859	2.3481698E-006
2.86	2.3450170E-006
2.861	2.3417576E-006
2.862	2.3385030E-006
2.863	2.3352541E-006
2.864	2.3317868E-006
2.865	2.3287705E-006
2.866	2.3253137E-006
2.867	2.3220850E-006
2.868	2.3189723E-006
2.869	2.3156429E-006
2.87	2.3123187E-006
2.871	2.3092209E-006
2.872	2.3059063E-006
2.873	2.3027640E-006
2.874	2.2996799E-006
2.875	2.2963814E-006
2.876	2.2930885E-006
2.877	2.2901299E-006
2.878	2.2868464E-006
2.879	2.2835686E-006
2.88	2.2805136E-006
2.881	2.2773556E-006
2.882	2.2742031E-006
2.883	2.2708364E-006
2.884	2.2678000E-006
2.885	2.2646630E-006
2.886	2.2614204E-006
2.887	2.2582924E-006
2.888	2.2553845E-006
2.889	2.2520485E-006
2.89	2.2490440E-006
2.891	2.2457177E-006
2.892	2.2428280E-006
2.893	2.2396212E-006
2.894	2.2364188E-006
2.895	2.2333300E-006
2.896	2.2303504E-006
2.897	2.2273794E-006
2.898	2.2241970E-006
2.899	2.2211273E-006
2.9	2.2181143E-006
2.901	2.2151578E-006
2.902	2.2119937E-006
2.903	2.2089432E-006
2.904	2.2057898E-006
2.905	2.2027491E-006
2.906	2.1997123E-006
2.907	2.1965741E-006
2.908	2.1937567E-006
2.909	2.1907344E-006
2.91	2.1876097E-006
2.911	2.1845970E-006
2.912	2.1816952E-006
2.913	2.1785852E-006
2.914	2.1755870E-006
2.915	2.1726930E-006
2.916	2.1698104E-006
2.917	2.1667192E-006
2.918	2.1637391E-006
2.919	2.1606579E-006
2.92	2.1576864E-006
2.921	2.1548246E-006
2.922	2.1518636E-006
2.923	2.1488006E-006
2.924	2.1458486E-006
2.925	2.1429009E-006
2.926	2.1401108E-006
2.927	2.1370670E-006
2.928	2.1344397E-006
2.929	2.1315095E-006
2.93	2.1285834E-006
2.931	2.1255580E-006
2.932	2.1227454E-006
2.933	2.1198337E-006
2.934	2.1169253E-006
2.935	2.1140222E-006
2.936	2.1110202E-006
2.937	2.1081255E-006
2.938	2.1052360E-006
2.939	2.1024541E-006
2.94	2.0995726E-006
2.941	2.0966957E-006
2.942	2.0939265E-006
2.943	2.0910584E-006
2.944	2.0881948E-006
2.945	2.0854391E-006
2.946	2.0823879E-006
2.947	2.0795369E-006
2.948	2.0766911E-006
2.949	2.0738498E-006
2.95	2.0711147E-006
2.951	2.0684308E-006
2.952	2.0656018E-006
2.953	2.0626760E-006
2.954	2.0599575E-006
2.955	2.0572438E-006
2.956	2.0544317E-006
2.957	2.0517261E-006
2.958	2.0487296E-006
2.959	2.0459304E-006
2.96	2.0433386E-006
2.961	2.0404466E-006
2.962	2.0377624E-006
2.963	2.0350817E-006
2.964	2.0322029E-006
2.965	2.0295299E-006
2.966	2.0266705E-006
2.967	2.0239054E-006
2.968	2.0212453E-006
2.969	2.0186890E-006
2.97	2.0158368E-006
2.971	2.0130879E-006
2.972	2.0103439E-006
2.973	2.0076141E-006
2.974	2.0048781E-006
2.975	2.0023458E-006
2.976	1.9997622E-006
2.977	1.9970385E-006
2.978	1.9942299E-006
2.979	1.9915149E-006
2.98	1.9889017E-006
2.981	1.9861950E-006
2.982	1.9835024E-006
2.983	1.9808035E-006
2.984	1.9782071E-006
2.985	1.9756146E-006
2.986	1.9728402E-006
2.987	1.9701572E-006
2.988	1.9675763E-006
2.989	1.9649997E-006
2.99	1.9622423E-006
2.991	1.9595750E-006
2.992	1.9571082E-006
2.993	1.9545464E-006
2.994	1.9518054E-006
2.995	1.9493498E-006
2.996	1.9466040E-006
2.997	1.9438755E-006
2.998	1.9414315E-006
2.999	1.9388933E-006
3	1.9362194E-006
