theta_deg	R
0.001	1.0000052E+000
0.002	1.0000052E+000
0.003	1.0000052E+000
0.004	1.0000052E+000
0.005	1.0000052E+000
0.006	1.0000052E+000
0.007	1.0000052E+000
0.008	1.0000052E+000
0.009	1.0000052E+000
0.01	1.0000052E+000
0.011	1.0000052E+000
0.012	1.0000052E+000
0.013	1.0000052E+000
0.014	9.9404734E-001
0.015	9.9404734E-001
0.016	9.9404734E-001
0.017	9.9404734E-001
0.018	9.9404734E-001
0.019	9.9404734E-001
0.02	9.9404734E-001
0.021	9.9404734E-001
0.022	9.9404734E-001
0.023	9.9404734E-001
0.024	9.9404734E-001
0.025	9.9158484E-001
0.026	9.9158484E-001
0.027	9.9158484E-001
0.028	9.9158484E-001
0.029	9.9158484E-001
0.03	9.9158484E-001
0.031	9.9158484E-001
0.032	9.8969430E-001
0.033	9.8969430E-001
0.034	9.8969430E-001
0.035	9.8969430E-001
0.036	9.8969430E-001
0.037	9.8969430E-001
0.038	9.8810160E-001
0.039	9.8810160E-001
0.04	9.8810160E-001
0.041	9.8810160E-001
0.042	9.8669809E-001
0.043	9.8669809E-001
0.044	9.8669809E-001
0.045	9.8669809E-001
0.046	9.8669809E-001
0.047	9.8542857E-001
0.048	9.8542857E-001
0.049	9.8542857E-001
0.05	9.8542857E-001
0.051	9.8425829E-001
0.052	9.8425829E-001
0.053	9.8425829E-001
0.054	9.8425829E-001
0.055	9.8317027E-001
0.056	9.8317027E-001
0.057	9.8317027E-001
0.058	9.8214495E-001
0.059	9.8214495E-001
0.06	9.8214495E-001
0.061	9.8117685E-001
0.062	9.8117685E-001
0.063	9.8117685E-001
0.064	9.8117685E-001
0.065	9.8025811E-001
0.066	9.8025811E-001
0.067	9.8025811E-001
0.068	9.7937709E-001
0.069	9.7937709E-001
0.07	9.7852820E-001
0.071	9.7852820E-001
0.072	9.7852820E-001
0.073	9.7771335E-001
0.074	9.7771335E-001
0.075	9.7771335E-001
0.076	9.7692323E-001
0.077	9.7692323E-001
0.078	9.7616124E-001
0.079	9.7616124E-001
0.08	9.7616124E-001
0.081	9.7542214E-001
0.082	9.7542214E-001
0.083	9.7470349E-001
0.084	9.7470349E-001
0.085	9.7470349E-001
0.086	9.7400033E-001
0.087	9.7400033E-001
0.088	9.7331810E-001
0.089	9.7331810E-001
0.09	9.7264820E-001
0.091	9.7264820E-001
0.092	9.7199726E-001
0.093	9.7199726E-001
0.094	9.7135603E-001
0.095	9.7135603E-001
0.096	9.7073179E-001
0.097	9.7073179E-001
0.098	9.7011560E-001
0.099	9.7011560E-001
0.1	9.6951485E-001
0.101	9.6951485E-001
0.102	9.6892059E-001
0.103	9.6892059E-001
0.104	9.6834099E-001
0.105	9.6834099E-001
0.106	9.6776623E-001
0.107	9.6776623E-001
0.108	9.6720529E-001
0.109	9.6720529E-001
0.11	9.6664810E-001
0.111	9.6664810E-001
0.112	9.6610397E-001
0.113	9.6556258E-001
0.114	9.6556258E-001
0.115	9.6503353E-001
0.116	9.6503353E-001
0.117	9.6450657E-001
0.118	9.6399140E-001
0.119	9.6399140E-001
0.12	9.6347225E-001
0.121	9.6347225E-001
0.122	9.6296978E-001
0.123	9.6246785E-001
0.124	9.6246785E-001
0.125	9.6197706E-001
0.126	9.6148634E-001
0.127	9.6148634E-001
0.128	9.6100622E-001
0.129	9.6052569E-001
0.13	9.6052569E-001
0.131	9.6004987E-001
0.132	9.5958447E-001
0.133	9.5958447E-001
0.134	9.5911813E-001
0.135	9.5866156E-001
0.136	9.5866156E-001
0.137	9.5820367E-001
0.138	9.5774966E-001
0.139	9.5774966E-001
0.14	9.5729971E-001
0.141	9.5685947E-001
0.142	9.5641679E-001
0.143	9.5641679E-001
0.144	9.5597780E-001
0.145	9.5554227E-001
0.146	9.5554227E-001
0.147	9.5511645E-001
0.148	9.5468754E-001
0.149	9.5426166E-001
0.15	9.5426166E-001
0.151	9.5383900E-001
0.152	9.5342571E-001
0.153	9.5300895E-001
0.154	9.5259506E-001
0.155	9.5259506E-001
0.156	9.5218372E-001
0.157	9.5177525E-001
0.158	9.5136935E-001
0.159	9.5097268E-001
0.16	9.5097268E-001
0.161	9.5057184E-001
0.162	9.5017338E-001
0.163	9.4977701E-001
0.164	9.4938314E-001
0.165	9.4899148E-001
0.166	9.4899148E-001
0.167	9.4860214E-001
0.168	9.4821483E-001
0.169	9.4782966E-001
0.17	9.4744641E-001
0.171	9.4707268E-001
0.172	9.4669348E-001
0.173	9.4669348E-001
0.174	9.4631618E-001
0.175	9.4594073E-001
0.176	9.4556731E-001
0.177	9.4519544E-001
0.178	9.4482535E-001
0.179	9.4445711E-001
0.18	9.4409043E-001
0.181	9.4372553E-001
0.182	9.4336212E-001
0.183	9.4300032E-001
0.184	9.4264013E-001
0.185	9.4264013E-001
0.186	9.4227350E-001
0.187	9.4191635E-001
0.188	9.4156051E-001
0.189	9.4120610E-001
0.19	9.4085324E-001
0.191	9.4050169E-001
0.192	9.4015151E-001
0.193	9.3980265E-001
0.194	9.3944687E-001
0.195	9.3910050E-001
0.196	9.3875557E-001
0.197	9.3841183E-001
0.198	9.3806082E-001
0.199	9.3771964E-001
0.2	9.3737924E-001
0.201	9.3704027E-001
0.202	9.3669397E-001
0.203	9.3635708E-001
0.204	9.3602145E-001
0.205	9.3568683E-001
0.206	9.3534464E-001
0.207	9.3501216E-001
0.208	9.3434125E-001
0.209	9.3401188E-001
0.21	9.3368328E-001
0.211	9.3334693E-001
0.212	9.3302035E-001
0.213	9.3268567E-001
0.214	9.3236095E-001
0.215	9.3202811E-001
0.216	9.3170512E-001
0.217	9.3137389E-001
0.218	9.3105280E-001
0.219	9.3040371E-001
0.22	9.3007571E-001
0.221	9.2975783E-001
0.222	9.2943138E-001
0.223	9.2911518E-001
0.224	9.2879027E-001
0.225	9.2847544E-001
0.226	9.2783874E-001
0.227	9.2752635E-001
0.228	9.2720497E-001
0.229	9.2688435E-001
0.23	9.2656434E-001
0.231	9.2625475E-001
0.232	9.2562771E-001
0.233	9.2531031E-001
0.234	9.2499363E-001
0.235	9.2467743E-001
0.236	9.2437196E-001
0.237	9.2374271E-001
0.238	9.2342889E-001
0.239	9.2312568E-001
0.24	9.2281294E-001
0.241	9.2250103E-001
0.242	9.2187858E-001
0.243	9.2156810E-001
0.244	9.2126828E-001
0.245	9.2095923E-001
0.246	9.2034191E-001
0.247	9.2003411E-001
0.248	9.1972673E-001
0.249	9.1941994E-001
0.25	9.1880769E-001
0.251	9.1850239E-001
0.252	9.1819727E-001
0.253	9.1758871E-001
0.254	9.1728532E-001
0.255	9.1698217E-001
0.256	9.1667950E-001
0.257	9.1606468E-001
0.258	9.1576326E-001
0.259	9.1546226E-001
0.26	9.1485071E-001
0.261	9.1455084E-001
0.262	9.1425151E-001
0.263	9.1365385E-001
0.264	9.1335559E-001
0.265	9.1305768E-001
0.266	9.1245204E-001
0.267	9.1214448E-001
0.268	9.1155189E-001
0.269	9.1125619E-001
0.27	9.1094971E-001
0.271	9.1034877E-001
0.272	9.1005445E-001
0.273	9.0974921E-001
0.274	9.0915090E-001
0.275	9.0885770E-001
0.276	9.0826136E-001
0.277	9.0795773E-001
0.278	9.0766591E-001
0.279	9.0707177E-001
0.28	9.0675783E-001
0.281	9.0616536E-001
0.282	9.0587527E-001
0.283	9.0527272E-001
0.284	9.0498346E-001
0.285	9.0438235E-001
0.286	9.0408224E-001
0.287	9.0379393E-001
0.288	9.0319467E-001
0.289	9.0289545E-001
0.29	9.0229774E-001
0.291	9.0201098E-001
0.292	9.0141451E-001
0.293	9.0111661E-001
0.294	9.0052134E-001
0.295	9.0022397E-001
0.296	8.9962995E-001
0.297	8.9933312E-001
0.298	8.9874035E-001
0.299	8.9844418E-001
0.3	8.9784008E-001
0.301	8.9724904E-001
0.302	8.9695376E-001
0.303	8.9635158E-001
0.304	8.9604443E-001
0.305	8.9545536E-001
0.306	8.9516115E-001
0.307	8.9456069E-001
0.308	8.9425445E-001
0.309	8.9365500E-001
0.31	8.9305592E-001
0.311	8.9276284E-001
0.312	8.9216459E-001
0.313	8.9185941E-001
0.314	8.9126194E-001
0.315	8.9066488E-001
0.316	8.9037299E-001
0.317	8.8977683E-001
0.318	8.8945973E-001
0.319	8.8885134E-001
0.32	8.8825631E-001
0.321	8.8796544E-001
0.322	8.8735819E-001
0.323	8.8675112E-001
0.324	8.8643485E-001
0.325	8.8582850E-001
0.326	8.8522232E-001
0.327	8.8491940E-001
0.328	8.8431382E-001
0.329	8.8368231E-001
0.33	8.8337970E-001
0.331	8.8277489E-001
0.332	8.8217032E-001
0.333	8.8189477E-001
0.334	8.8126391E-001
0.335	8.8066024E-001
0.336	8.8033164E-001
0.337	8.7972832E-001
0.338	8.7909824E-001
0.339	8.7849540E-001
0.34	8.7816691E-001
0.341	8.7756425E-001
0.342	8.7693471E-001
0.343	8.7630528E-001
0.344	8.7600428E-001
0.345	8.7537515E-001
0.346	8.7474591E-001
0.347	8.7411702E-001
0.348	8.7378871E-001
0.349	8.7315989E-001
0.35	8.7253094E-001
0.351	8.7190229E-001
0.352	8.7124586E-001
0.353	8.7094539E-001
0.354	8.7028903E-001
0.355	8.6966050E-001
0.356	8.6903191E-001
0.357	8.6840349E-001
0.358	8.6774707E-001
0.359	8.6741877E-001
0.36	8.6679035E-001
0.361	8.6610556E-001
0.362	8.6547720E-001
0.363	8.6482054E-001
0.364	8.6416364E-001
0.365	8.6383533E-001
0.366	8.6317837E-001
0.367	8.6252141E-001
0.368	8.6186433E-001
0.369	8.6120719E-001
0.37	8.6052108E-001
0.371	8.5986394E-001
0.372	8.5917741E-001
0.373	8.5851985E-001
0.374	8.5816205E-001
0.375	8.5750431E-001
0.376	8.5681725E-001
0.377	8.5613018E-001
0.378	8.5547203E-001
0.379	8.5478461E-001
0.38	8.5409677E-001
0.381	8.5337955E-001
0.382	8.5269135E-001
0.383	8.5200310E-001
0.384	8.5128492E-001
0.385	8.5062587E-001
0.386	8.4987754E-001
0.387	8.4918839E-001
0.388	8.4846902E-001
0.389	8.4774971E-001
0.39	8.4705973E-001
0.391	8.4633970E-001
0.392	8.4561950E-001
0.393	8.4489888E-001
0.394	8.4417802E-001
0.395	8.4345698E-001
0.396	8.4270549E-001
0.397	8.4198374E-001
0.398	8.4123141E-001
0.399	8.4047872E-001
0.4	8.3972567E-001
0.401	8.3897245E-001
0.402	8.3821863E-001
0.403	8.3746457E-001
0.404	8.3671016E-001
0.405	8.3592469E-001
0.406	8.3520037E-001
0.407	8.3441436E-001
0.408	8.3362764E-001
0.409	8.3284074E-001
0.41	8.3169037E-001
0.411	8.3090228E-001
0.412	8.3008301E-001
0.413	8.2929415E-001
0.414	8.2847399E-001
0.415	8.2768440E-001
0.416	8.2686329E-001
0.417	8.2607299E-001
0.418	8.2525098E-001
0.419	8.2400155E-001
0.42	8.2317817E-001
0.421	8.2232338E-001
0.422	8.2146811E-001
0.423	8.2064366E-001
0.424	8.1978726E-001
0.425	8.1853360E-001
0.426	8.1764442E-001
0.427	8.1678659E-001
0.428	8.1589657E-001
0.429	8.1500602E-001
0.43	8.1411499E-001
0.431	8.1279337E-001
0.432	8.1190121E-001
0.433	8.1097662E-001
0.434	8.1008351E-001
0.435	8.0869484E-001
0.436	8.0776858E-001
0.437	8.0684179E-001
0.438	8.0591452E-001
0.439	8.0498672E-001
0.44	8.0356210E-001
0.441	8.0260110E-001
0.442	8.0160755E-001
0.443	8.0064553E-001
0.444	7.9915327E-001
0.445	7.9819006E-001
0.446	7.9716188E-001
0.447	7.9566693E-001
0.448	7.9463762E-001
0.449	7.9360777E-001
0.45	7.9257739E-001
0.451	7.9098237E-001
0.452	7.8998291E-001
0.453	7.8888619E-001
0.454	7.8728867E-001
0.455	7.8619069E-001
0.456	7.8509212E-001
0.457	7.8345966E-001
0.458	7.8232771E-001
0.459	7.8122747E-001
0.46	7.7952802E-001
0.461	7.7836186E-001
0.462	7.7716279E-001
0.463	7.7542859E-001
0.464	7.7422845E-001
0.465	7.7246022E-001
0.466	7.7122670E-001
0.467	7.7002543E-001
0.468	7.6815760E-001
0.469	7.6689041E-001
0.47	7.6565546E-001
0.471	7.6368839E-001
0.472	7.6242012E-001
0.473	7.6045227E-001
0.474	7.5915098E-001
0.475	7.5711721E-001
0.476	7.5571781E-001
0.477	7.5435090E-001
0.478	7.5228393E-001
0.479	7.5085169E-001
0.48	7.4868709E-001
0.481	7.4725479E-001
0.482	7.4505782E-001
0.483	7.4356073E-001
0.484	7.4129939E-001
0.485	7.3973799E-001
0.486	7.3741275E-001
0.487	7.3581958E-001
0.488	7.3343098E-001
0.489	7.3177415E-001
0.49	7.2932279E-001
0.491	7.2763509E-001
0.492	7.2508925E-001
0.493	7.2333902E-001
0.494	7.2073179E-001
0.495	7.1891993E-001
0.496	7.1618795E-001
0.497	7.1434677E-001
0.498	7.1149129E-001
0.499	7.0958978E-001
0.5	7.0667654E-001
0.501	7.0471513E-001
0.502	7.0164931E-001
0.503	6.9855708E-001
0.504	6.9647717E-001
0.505	6.9326729E-001
0.506	6.9109923E-001
0.507	6.8777376E-001
0.508	6.8548739E-001
0.509	6.8204945E-001
0.51	6.7843187E-001
0.511	6.7613012E-001
0.512	6.7240471E-001
0.513	6.6992736E-001
0.514	6.6603535E-001
0.515	6.6209525E-001
0.516	6.5939409E-001
0.517	6.5529436E-001
0.518	6.5102774E-001
0.519	6.4817345E-001
0.52	6.4375645E-001
0.521	6.3923997E-001
0.522	6.3612151E-001
0.523	6.3134515E-001
0.524	6.2653643E-001
0.525	6.2322778E-001
0.526	6.1811453E-001
0.527	6.1280078E-001
0.528	6.0925984E-001
0.529	6.0372049E-001
0.53	5.9805197E-001
0.531	5.9418458E-001
0.532	5.8825505E-001
0.533	5.8215445E-001
0.534	5.7588893E-001
0.535	5.7159936E-001
0.536	5.6494790E-001
0.537	5.5820757E-001
0.538	5.5133122E-001
0.539	5.4658037E-001
0.54	5.3937209E-001
0.541	5.3194755E-001
0.542	5.2442181E-001
0.543	5.1929593E-001
0.544	5.1145309E-001
0.545	5.0343674E-001
0.546	4.9535757E-001
0.547	4.8712775E-001
0.548	4.8157951E-001
0.549	4.7326756E-001
0.55	4.6478754E-001
0.551	4.5629108E-001
0.552	4.4776681E-001
0.553	4.4207639E-001
0.554	4.3354422E-001
0.555	4.2503592E-001
0.556	4.1658232E-001
0.557	4.0819183E-001
0.558	3.9988974E-001
0.559	3.9440784E-001
0.56	3.8628581E-001
0.561	3.7828645E-001
0.562	3.7043178E-001
0.563	3.6272258E-001
0.564	3.5517389E-001
0.565	3.4778950E-001
0.566	3.4057182E-001
0.567	3.3352774E-001
0.568	3.2892910E-001
0.569	3.2218128E-001
0.57	3.1560564E-001
0.571	3.0920446E-001
0.572	3.0297694E-001
0.573	2.9692128E-001
0.574	2.9103240E-001
0.575	2.8530988E-001
0.576	2.7974576E-001
0.577	2.7434140E-001
0.578	2.6909289E-001
0.579	2.6399174E-001
0.58	2.5903389E-001
0.581	2.5421554E-001
0.582	2.4953695E-001
0.583	2.4498954E-001
0.584	2.4056727E-001
0.585	2.3627029E-001
0.586	2.3347139E-001
0.587	2.2937061E-001
0.588	2.2538093E-001
0.589	2.2150250E-001
0.59	2.1649498E-001
0.591	2.1285287E-001
0.592	2.0931043E-001
0.593	2.0586079E-001
0.594	2.0250082E-001
0.595	1.9922931E-001
0.596	1.9604158E-001
0.597	1.9293484E-001
0.598	1.8990554E-001
0.599	1.8695386E-001
0.6	1.8407455E-001
0.601	1.8126695E-001
0.602	1.7852716E-001
0.603	1.7585376E-001
0.604	1.7324543E-001
0.605	1.7069781E-001
0.606	1.6820966E-001
0.607	1.6498359E-001
0.608	1.6262916E-001
0.609	1.6032819E-001
0.61	1.5807909E-001
0.611	1.5588099E-001
0.612	1.5373166E-001
0.613	1.5162957E-001
0.614	1.4957336E-001
0.615	1.4756235E-001
0.616	1.4494735E-001
0.617	1.4303423E-001
0.618	1.4116281E-001
0.619	1.3932985E-001
0.62	1.3753428E-001
0.621	1.3577572E-001
0.622	1.3348702E-001
0.623	1.3181108E-001
0.624	1.3016893E-001
0.625	1.2855886E-001
0.626	1.2698121E-001
0.627	1.2492484E-001
0.628	1.2341686E-001
0.629	1.2193859E-001
0.63	1.2048751E-001
0.631	1.1906463E-001
0.632	1.1720889E-001
0.633	1.1584747E-001
0.634	1.1451083E-001
0.635	1.1319836E-001
0.636	1.1148564E-001
0.637	1.1022820E-001
0.638	1.0899302E-001
0.639	1.0777991E-001
0.64	1.0619543E-001
0.641	1.0503079E-001
0.642	1.0388719E-001
0.643	1.0276294E-001
0.644	1.0129329E-001
0.645	1.0021320E-001
0.646	9.9151544E-002
0.647	9.7763255E-002
0.648	9.6741892E-002
0.649	9.5737658E-002
0.65	9.4423734E-002
0.651	9.3457311E-002
0.652	9.2505798E-002
0.653	9.1261268E-002
0.654	9.0344816E-002
0.655	8.9443624E-002
0.656	8.8263541E-002
0.657	8.7394059E-002
0.658	8.6538300E-002
0.659	8.5417762E-002
0.66	8.4592350E-002
0.661	8.3779365E-002
0.662	8.2714267E-002
0.663	8.1929177E-002
0.664	8.0901250E-002
0.665	8.0143116E-002
0.666	7.9395950E-002
0.667	7.8417346E-002
0.668	7.7695429E-002
0.669	7.6749116E-002
0.67	7.6050922E-002
0.671	7.5135849E-002
0.672	7.4460663E-002
0.673	7.3794827E-002
0.674	7.2921820E-002
0.675	7.2277546E-002
0.676	7.1432576E-002
0.677	7.0808582E-002
0.678	6.9989629E-002
0.679	6.9385730E-002
0.68	6.8592444E-002
0.681	6.8006746E-002
0.682	6.7238010E-002
0.683	6.6670425E-002
0.684	6.5924913E-002
0.685	6.5374382E-002
0.686	6.4651422E-002
0.687	6.4117536E-002
0.688	6.3415930E-002
0.689	6.2897697E-002
0.69	6.2216889E-002
0.691	6.1713688E-002
0.692	6.1052516E-002
0.693	6.0564101E-002
0.694	5.9922099E-002
0.695	5.9447557E-002
0.696	5.8823984E-002
0.697	5.8362786E-002
0.698	5.7756316E-002
0.699	5.7159830E-002
0.7	5.6718860E-002
0.701	5.6138773E-002
0.702	5.5709790E-002
0.703	5.5145800E-002
0.704	5.4728460E-002
0.705	5.4179661E-002
0.706	5.3639524E-002
0.707	5.3239863E-002
0.708	5.2713808E-002
0.709	5.2324682E-002
0.71	5.1812559E-002
0.711	5.1308256E-002
0.712	5.0935213E-002
0.713	5.0443932E-002
0.714	4.9960148E-002
0.715	4.9601927E-002
0.716	4.9130492E-002
0.717	4.8665877E-002
0.718	4.8321877E-002
0.719	4.7869075E-002
0.72	4.7422707E-002
0.721	4.7092110E-002
0.722	4.6656974E-002
0.723	4.6227925E-002
0.724	4.5910135E-002
0.725	4.5491669E-002
0.726	4.5079045E-002
0.727	4.4672146E-002
0.728	4.4370677E-002
0.729	4.3973494E-002
0.73	4.3581851E-002
0.731	4.3291654E-002
0.732	4.2909291E-002
0.733	4.2532146E-002
0.734	4.2159934E-002
0.735	4.1884243E-002
0.736	4.1520782E-002
0.737	4.1162103E-002
0.738	4.0808268E-002
0.739	4.0545966E-002
0.74	4.0200178E-002
0.741	3.9858900E-002
0.742	3.9522137E-002
0.743	3.9189689E-002
0.744	3.8943186E-002
0.745	3.8618151E-002
0.746	3.8297217E-002
0.747	3.7980486E-002
0.748	3.7667736E-002
0.749	3.7358876E-002
0.75	3.7129793E-002
0.751	3.6827635E-002
0.752	3.6529336E-002
0.753	3.6234569E-002
0.754	3.5943553E-002
0.755	3.5656087E-002
0.756	3.5442751E-002
0.757	3.5161428E-002
0.758	3.4883432E-002
0.759	3.4608863E-002
0.76	3.4337550E-002
0.761	3.4069479E-002
0.762	3.3804730E-002
0.763	3.3542935E-002
0.764	3.3284351E-002
0.765	3.3092305E-002
0.766	3.2838996E-002
0.767	3.2588605E-002
0.768	3.2341115E-002
0.769	3.2096591E-002
0.77	3.1854741E-002
0.771	3.1615663E-002
0.772	3.1379417E-002
0.773	3.1145835E-002
0.774	3.0914882E-002
0.775	3.0686552E-002
0.776	3.0460823E-002
0.777	3.0237572E-002
0.778	3.0016946E-002
0.779	2.9798683E-002
0.78	2.9582804E-002
0.781	2.9369328E-002
0.782	2.9158168E-002
0.783	2.8949300E-002
0.784	2.8742697E-002
0.785	2.8538439E-002
0.786	2.8336279E-002
0.787	2.8136343E-002
0.788	2.7938578E-002
0.789	2.7742900E-002
0.79	2.7549304E-002
0.791	2.7357753E-002
0.792	2.7168307E-002
0.793	2.6980758E-002
0.794	2.6795166E-002
0.795	2.6611585E-002
0.796	2.6429910E-002
0.797	2.6250180E-002
0.798	2.6072223E-002
0.799	2.5896102E-002
0.8	2.5721790E-002
0.801	2.5549231E-002
0.802	2.5336040E-002
0.803	2.5167484E-002
0.804	2.5000531E-002
0.805	2.4835326E-002
0.806	2.4671772E-002
0.807	2.4509843E-002
0.808	2.4349518E-002
0.809	2.4190800E-002
0.81	2.3994546E-002
0.811	2.3839377E-002
0.812	2.3685647E-002
0.813	2.3533490E-002
0.814	2.3382733E-002
0.815	2.3233505E-002
0.816	2.3085745E-002
0.817	2.2903020E-002
0.818	2.2758394E-002
0.819	2.2615183E-002
0.82	2.2473302E-002
0.821	2.2332782E-002
0.822	2.2158977E-002
0.823	2.2021426E-002
0.824	2.1885220E-002
0.825	2.1750271E-002
0.826	2.1616593E-002
0.827	2.1451166E-002
0.828	2.1320192E-002
0.829	2.1190476E-002
0.83	2.1061959E-002
0.831	2.0903038E-002
0.832	2.0777149E-002
0.833	2.0652412E-002
0.834	2.0528780E-002
0.835	2.0375894E-002
0.836	2.0254785E-002
0.837	2.0134799E-002
0.838	2.0015847E-002
0.839	1.9868692E-002
0.84	1.9752087E-002
0.841	1.9636577E-002
0.842	1.9493692E-002
0.843	1.9380391E-002
0.844	1.9268153E-002
0.845	1.9129276E-002
0.846	1.9019235E-002
0.847	1.8910142E-002
0.848	1.8775141E-002
0.849	1.8668216E-002
0.85	1.8562157E-002
0.851	1.8430820E-002
0.852	1.8326852E-002
0.853	1.8223697E-002
0.854	1.8096026E-002
0.855	1.7994873E-002
0.856	1.7894583E-002
0.857	1.7770370E-002
0.858	1.7671978E-002
0.859	1.7550083E-002
0.86	1.7453520E-002
0.861	1.7357741E-002
0.862	1.7239159E-002
0.863	1.7145224E-002
0.864	1.7028762E-002
0.865	1.6936496E-002
0.866	1.6844973E-002
0.867	1.6731691E-002
0.868	1.6641892E-002
0.869	1.6530545E-002
0.87	1.6442318E-002
0.871	1.6333088E-002
0.872	1.6246498E-002
0.873	1.6160535E-002
0.874	1.6054126E-002
0.875	1.5969744E-002
0.876	1.5865231E-002
0.877	1.5782339E-002
0.878	1.5679611E-002
0.879	1.5598185E-002
0.88	1.5497306E-002
0.881	1.5417297E-002
0.882	1.5318168E-002
0.883	1.5239540E-002
0.884	1.5142200E-002
0.885	1.5064947E-002
0.886	1.4969182E-002
0.887	1.4893284E-002
0.888	1.4799180E-002
0.889	1.4724605E-002
0.89	1.4632127E-002
0.891	1.4540600E-002
0.892	1.4467914E-002
0.893	1.4377841E-002
0.894	1.4306442E-002
0.895	1.4217866E-002
0.896	1.4147657E-002
0.897	1.4060621E-002
0.898	1.3974436E-002
0.899	1.3906016E-002
0.9	1.3821214E-002
0.901	1.3753910E-002
0.902	1.3670508E-002
0.903	1.3587851E-002
0.904	1.3522264E-002
0.905	1.3440945E-002
0.906	1.3376462E-002
0.907	1.3296474E-002
0.908	1.3217209E-002
0.909	1.3154343E-002
0.91	1.3076327E-002
0.911	1.2999028E-002
0.912	1.2937710E-002
0.913	1.2861678E-002
0.914	1.2786321E-002
0.915	1.2726465E-002
0.916	1.2652284E-002
0.917	1.2578724E-002
0.918	1.2520368E-002
0.919	1.2448050E-002
0.92	1.2376285E-002
0.921	1.2319304E-002
0.922	1.2248673E-002
0.923	1.2178652E-002
0.924	1.2109268E-002
0.925	1.2054167E-002
0.926	1.1985850E-002
0.927	1.1918074E-002
0.928	1.1850878E-002
0.929	1.1797544E-002
0.93	1.1731348E-002
0.931	1.1665764E-002
0.932	1.1600732E-002
0.933	1.1549082E-002
0.934	1.1484987E-002
0.935	1.1421461E-002
0.936	1.1358469E-002
0.937	1.1308427E-002
0.938	1.1246354E-002
0.939	1.1184813E-002
0.94	1.1123726E-002
0.941	1.1063234E-002
0.942	1.1015137E-002
0.943	1.0955466E-002
0.944	1.0896307E-002
0.945	1.0837620E-002
0.946	1.0779402E-002
0.947	1.0721665E-002
0.948	1.0675816E-002
0.949	1.0618903E-002
0.95	1.0562433E-002
0.951	1.0506461E-002
0.952	1.0450906E-002
0.953	1.0395797E-002
0.954	1.0341149E-002
0.955	1.0297720E-002
0.956	1.0243808E-002
0.957	1.0190358E-002
0.958	1.0137292E-002
0.959	1.0084678E-002
0.96	1.0032425E-002
0.961	9.9806264E-003
0.962	9.9291904E-003
0.963	9.8781856E-003
0.964	9.8275784E-003
0.965	9.7773662E-003
0.966	9.7374525E-003
0.967	9.6879257E-003
0.968	9.6387686E-003
0.969	9.5899543E-003
0.97	9.5415469E-003
0.971	9.4935037E-003
0.972	9.4458628E-003
0.973	9.3985237E-003
0.974	9.3515599E-003
0.975	9.3049500E-003
0.976	9.2587238E-003
0.977	9.2127761E-003
0.978	9.1672279E-003
0.979	9.1219926E-003
0.98	9.0771262E-003
0.981	9.0325214E-003
0.982	8.9883152E-003
0.983	8.9443950E-003
0.984	8.9008333E-003
0.985	8.8575725E-003
0.986	8.8146003E-003
0.987	8.7719942E-003
0.988	8.7296786E-003
0.989	8.6876480E-003
0.99	8.6459173E-003
0.991	8.6045275E-003
0.992	8.5552111E-003
0.993	8.5144676E-003
0.994	8.4740119E-003
0.995	8.4338170E-003
0.996	8.3939387E-003
0.997	8.3543435E-003
0.998	8.3150305E-003
0.999	8.2759522E-003
1	8.2371887E-003
1.001	8.1986981E-003
1.002	8.1604756E-003
1.003	8.1149386E-003
1.004	8.0773318E-003
1.005	8.0399262E-003
1.006	8.0028055E-003
1.007	7.9659475E-003
1.008	7.9293409E-003
1.009	7.8929886E-003
1.01	7.8496952E-003
1.011	7.8139016E-003
1.012	7.7783372E-003
1.013	7.7430201E-003
1.014	7.7079730E-003
1.015	7.6731304E-003
1.016	7.6316460E-003
1.017	7.5973170E-003
1.018	7.5632581E-003
1.019	7.5293561E-003
1.02	7.4957623E-003
1.021	7.4557024E-003
1.022	7.4225576E-003
1.023	7.3896707E-003
1.024	7.3569668E-003
1.025	7.3180152E-003
1.026	7.2858143E-003
1.027	7.2538299E-003
1.028	7.2220280E-003
1.029	7.1841441E-003
1.03	7.1528186E-003
1.031	7.1217055E-003
1.032	7.0907730E-003
1.033	7.0539401E-003
1.034	7.0234425E-003
1.035	6.9931708E-003
1.036	6.9570942E-003
1.037	6.9272234E-003
1.038	6.8975776E-003
1.039	6.8681086E-003
1.04	6.8329773E-003
1.041	6.8039279E-003
1.042	6.7750630E-003
1.043	6.7406632E-003
1.044	6.7122071E-003
1.045	6.6838949E-003
1.046	6.6501996E-003
1.047	6.6223023E-003
1.048	6.5945890E-003
1.049	6.5615596E-003
1.05	6.5342202E-003
1.051	6.5016439E-003
1.052	6.4746672E-003
1.053	6.4478829E-003
1.054	6.4159464E-003
1.055	6.3895164E-003
1.056	6.3632592E-003
1.057	6.3319667E-003
1.058	6.3060429E-003
1.059	6.2751547E-003
1.06	6.2496038E-003
1.061	6.2241885E-003
1.062	6.1939228E-003
1.063	6.1688586E-003
1.064	6.1389818E-003
1.065	6.1167236E-003
1.066	6.0872268E-003
1.067	6.0627940E-003
1.068	6.0336944E-003
1.069	6.0096118E-003
1.07	5.9808819E-003
1.071	5.9570973E-003
1.072	5.9334650E-003
1.073	5.9052799E-003
1.074	5.8819596E-003
1.075	5.8541372E-003
1.076	5.8311154E-003
1.077	5.8036679E-003
1.078	5.7809493E-003
1.079	5.7538380E-003
1.08	5.7314159E-003
1.081	5.7046604E-003
1.082	5.6781131E-003
1.083	5.6561092E-003
1.084	5.6298971E-003
1.085	5.6081838E-003
1.086	5.5822907E-003
1.087	5.5608535E-003
1.088	5.5352938E-003
1.089	5.5141333E-003
1.09	5.4888926E-003
1.091	5.4679839E-003
1.092	5.4430622E-003
1.093	5.4183137E-003
1.094	5.3978167E-003
1.095	5.3733848E-003
1.096	5.3531369E-003
1.097	5.3289998E-003
1.098	5.3050285E-003
1.099	5.2851825E-003
1.1	5.2614994E-003
1.101	5.2418886E-003
1.102	5.2184882E-003
1.103	5.1952517E-003
1.104	5.1760208E-003
1.105	5.1530614E-003
1.106	5.1302733E-003
1.107	5.1113977E-003
1.108	5.0888858E-003
1.109	5.0665047E-003
1.11	5.0479756E-003
1.111	5.0258827E-003
1.112	5.0039189E-003
1.113	4.9857493E-003
1.114	4.9640406E-003
1.115	4.9425061E-003
1.116	4.9246592E-003
1.117	4.9033589E-003
1.118	4.8822067E-003
1.119	4.8611774E-003
1.12	4.8437701E-003
1.121	4.8230039E-003
1.122	4.8023704E-003
1.123	4.7852783E-003
1.124	4.7648768E-003
1.125	4.7446107E-003
1.126	4.7244751E-003
1.127	4.7077993E-003
1.128	4.6878913E-003
1.129	4.6681296E-003
1.13	4.6484801E-003
1.131	4.6289572E-003
1.132	4.6127778E-003
1.133	4.5934771E-003
1.134	4.5742998E-003
1.135	4.5552566E-003
1.136	4.5363051E-003
1.137	4.5206249E-003
1.138	4.5018941E-003
1.139	4.4832835E-003
1.14	4.4648033E-003
1.141	4.4464236E-003
1.142	4.4312030E-003
1.143	4.4130152E-003
1.144	4.3949694E-003
1.145	4.3770252E-003
1.146	4.3591904E-003
1.147	4.3414552E-003
1.148	4.3238350E-003
1.149	4.3092370E-003
1.15	4.2918143E-003
1.151	4.2745066E-003
1.152	4.2572832E-003
1.153	4.2401766E-003
1.154	4.2231795E-003
1.155	4.2062844E-003
1.156	4.1894726E-003
1.157	4.1727680E-003
1.158	4.1589271E-003
1.159	4.1424134E-003
1.16	4.1259974E-003
1.161	4.1096793E-003
1.162	4.0934514E-003
1.163	4.0773218E-003
1.164	4.0612924E-003
1.165	4.0453449E-003
1.166	4.0295026E-003
1.167	4.0137577E-003
1.168	3.9980938E-003
1.169	3.9825286E-003
1.17	3.9670505E-003
1.171	3.9516632E-003
1.172	3.9363750E-003
1.173	3.9211605E-003
1.174	3.9060416E-003
1.175	3.8910087E-003
1.176	3.8760661E-003
1.177	3.8612161E-003
1.178	3.8464351E-003
1.179	3.8317407E-003
1.18	3.8171422E-003
1.181	3.8026145E-003
1.182	3.7881811E-003
1.183	3.7738243E-003
1.184	3.7595532E-003
1.185	3.7453522E-003
1.186	3.7312480E-003
1.187	3.7172153E-003
1.188	3.7032703E-003
1.189	3.6893934E-003
1.19	3.6755796E-003
1.191	3.6595950E-003
1.192	3.6459572E-003
1.193	3.6324051E-003
1.194	3.6189323E-003
1.195	3.6055283E-003
1.196	3.5921952E-003
1.197	3.5789439E-003
1.198	3.5657550E-003
1.199	3.5526499E-003
1.2	3.5374509E-003
1.201	3.5245072E-003
1.202	3.5116214E-003
1.203	3.4987959E-003
1.204	3.4860659E-003
1.205	3.4733950E-003
1.206	3.4607998E-003
1.207	3.4461743E-003
1.208	3.4337228E-003
1.209	3.4213462E-003
1.21	3.4090218E-003
1.211	3.3967558E-003
1.212	3.3845692E-003
1.213	3.3704469E-003
1.214	3.3584030E-003
1.215	3.3464169E-003
1.216	3.3345059E-003
1.217	3.3206793E-003
1.218	3.3089097E-003
1.219	3.2971904E-003
1.22	3.2855291E-003
1.221	3.2739327E-003
1.222	3.2604937E-003
1.223	3.2490350E-003
1.224	3.2376379E-003
1.225	3.2262993E-003
1.226	3.2131386E-003
1.227	3.2019343E-003
1.228	3.1907891E-003
1.229	3.1778465E-003
1.23	3.1668141E-003
1.231	3.1558517E-003
1.232	3.1449415E-003
1.233	3.1322779E-003
1.234	3.1214899E-003
1.235	3.1107641E-003
1.236	3.0983053E-003
1.237	3.0876927E-003
1.238	3.0771294E-003
1.239	3.0648783E-003
1.24	3.0544344E-003
1.241	3.0440476E-003
1.242	3.0319926E-003
1.243	3.0217187E-003
1.244	3.0114863E-003
1.245	2.9996296E-003
1.246	2.9895224E-003
1.247	2.9794623E-003
1.248	2.9677791E-003
1.249	2.9578360E-003
1.25	2.9462893E-003
1.251	2.9364494E-003
1.252	2.9266572E-003
1.253	2.9152941E-003
1.254	2.9056042E-003
1.255	2.8943713E-003
1.256	2.8847887E-003
1.257	2.8752552E-003
1.258	2.8641860E-003
1.259	2.8547472E-003
1.26	2.8438044E-003
1.261	2.8344658E-003
1.262	2.8236425E-003
1.263	2.8144103E-003
1.264	2.8052230E-003
1.265	2.7945621E-003
1.266	2.7854685E-003
1.267	2.7749145E-003
1.268	2.7659207E-003
1.269	2.7554866E-003
1.27	2.7465832E-003
1.271	2.7362555E-003
1.272	2.7274475E-003
1.273	2.7172242E-003
1.274	2.7085086E-003
1.275	2.6983896E-003
1.276	2.6897646E-003
1.277	2.6797659E-003
1.278	2.6712217E-003
1.279	2.6613146E-003
1.28	2.6528647E-003
1.281	2.6430599E-003
1.282	2.6333136E-003
1.283	2.6249995E-003
1.284	2.6153433E-003
1.285	2.6071123E-003
1.286	2.5975606E-003
1.287	2.5894225E-003
1.288	2.5799568E-003
1.289	2.5705532E-003
1.29	2.5625397E-003
1.291	2.5532381E-003
1.292	2.5452990E-003
1.293	2.5360722E-003
1.294	2.5269128E-003
1.295	2.5190946E-003
1.296	2.5100254E-003
1.297	2.5022875E-003
1.298	2.4933119E-003
1.299	2.4843698E-003
1.3	2.4767548E-003
1.301	2.4679103E-003
1.302	2.4591142E-003
1.303	2.4516110E-003
1.304	2.4429057E-003
1.305	2.4342365E-003
1.306	2.4268480E-003
1.307	2.4182696E-003
1.308	2.4097420E-003
1.309	2.4024514E-003
1.31	2.3940019E-003
1.311	2.3856054E-003
1.312	2.3784351E-003
1.313	2.3701144E-003
1.314	2.3618338E-003
1.315	2.3535925E-003
1.316	2.3465662E-003
1.317	2.3384208E-003
1.318	2.3303048E-003
1.319	2.3233809E-003
1.32	2.3153529E-003
1.321	2.3073494E-003
1.322	2.2993986E-003
1.323	2.2926175E-003
1.324	2.2847455E-003
1.325	2.2769091E-003
1.326	2.2691134E-003
1.327	2.2613511E-003
1.328	2.2547408E-003
1.329	2.2470648E-003
1.33	2.2394154E-003
1.331	2.2318140E-003
1.332	2.2242437E-003
1.333	2.2177922E-003
1.334	2.2102981E-003
1.335	2.2028426E-003
1.336	2.1954337E-003
1.337	2.1880483E-003
1.338	2.1817526E-003
1.339	2.1744429E-003
1.34	2.1671632E-003
1.341	2.1599222E-003
1.342	2.1527247E-003
1.343	2.1455619E-003
1.344	2.1384277E-003
1.345	2.1323406E-003
1.346	2.1252772E-003
1.347	2.1182583E-003
1.348	2.1112561E-003
1.349	2.1042963E-003
1.35	2.0973736E-003
1.351	2.0904785E-003
1.352	2.0836219E-003
1.353	2.0767997E-003
1.354	2.0700081E-003
1.355	2.0642127E-003
1.356	2.0574890E-003
1.357	2.0507947E-003
1.358	2.0441255E-003
1.359	2.0375003E-003
1.36	2.0309042E-003
1.361	2.0243388E-003
1.362	2.0178005E-003
1.363	2.0113038E-003
1.364	2.0048257E-003
1.365	1.9983866E-003
1.366	1.9919788E-003
1.367	1.9856042E-003
1.368	1.9792507E-003
1.369	1.9729377E-003
1.37	1.9666525E-003
1.371	1.9603975E-003
1.372	1.9541625E-003
1.373	1.9479659E-003
1.374	1.9417950E-003
1.375	1.9356613E-003
1.376	1.9295533E-003
1.377	1.9234683E-003
1.378	1.9174196E-003
1.379	1.9114036E-003
1.38	1.9053986E-003
1.381	1.8994338E-003
1.382	1.8934932E-003
1.383	1.8875838E-003
1.384	1.8816991E-003
1.385	1.8758497E-003
1.386	1.8691849E-003
1.387	1.8633880E-003
1.388	1.8576102E-003
1.389	1.8518788E-003
1.39	1.8461557E-003
1.391	1.8404654E-003
1.392	1.8347988E-003
1.393	1.8291699E-003
1.394	1.8235606E-003
1.395	1.8179724E-003
1.396	1.8116140E-003
1.397	1.8060807E-003
1.398	1.8005803E-003
1.399	1.7951011E-003
1.4	1.7896395E-003
1.401	1.7842139E-003
1.402	1.7784184E-003
1.403	1.7730386E-003
1.404	1.7676837E-003
1.405	1.7623557E-003
1.406	1.7570483E-003
1.407	1.7517599E-003
1.408	1.7457594E-003
1.409	1.7405220E-003
1.41	1.7353111E-003
1.411	1.7301264E-003
1.412	1.7249612E-003
1.413	1.7190917E-003
1.414	1.7139753E-003
1.415	1.7088905E-003
1.416	1.7038255E-003
1.417	1.6980554E-003
1.418	1.6930394E-003
1.419	1.6880385E-003
1.42	1.6830716E-003
1.421	1.6774068E-003
1.422	1.6724813E-003
1.423	1.6675736E-003
1.424	1.6626880E-003
1.425	1.6571343E-003
1.426	1.6522938E-003
1.427	1.6474713E-003
1.428	1.6426783E-003
1.429	1.6372214E-003
1.43	1.6324696E-003
1.431	1.6277379E-003
1.432	1.6223550E-003
1.433	1.6176680E-003
1.434	1.6129985E-003
1.435	1.6076886E-003
1.436	1.6030644E-003
1.437	1.5984721E-003
1.438	1.5932338E-003
1.439	1.5886680E-003
1.44	1.5841261E-003
1.441	1.5789556E-003
1.442	1.5744603E-003
1.443	1.5693364E-003
1.444	1.5648745E-003
1.445	1.5604362E-003
1.446	1.5553866E-003
1.447	1.5509800E-003
1.448	1.5466069E-003
1.449	1.5416179E-003
1.45	1.5372807E-003
1.451	1.5323407E-003
1.452	1.5280305E-003
1.453	1.5231422E-003
1.454	1.5188801E-003
1.455	1.5146276E-003
1.456	1.5097975E-003
1.457	1.5055889E-003
1.458	1.5008015E-003
1.459	1.4966354E-003
1.46	1.4918869E-003
1.461	1.4877507E-003
1.462	1.4830526E-003
1.463	1.4789533E-003
1.464	1.4742911E-003
1.465	1.4702342E-003
1.466	1.4656144E-003
1.467	1.4615946E-003
1.468	1.4570118E-003
1.469	1.4530214E-003
1.47	1.4490519E-003
1.471	1.4445287E-003
1.472	1.4400311E-003
1.473	1.4361124E-003
1.474	1.4316461E-003
1.475	1.4277638E-003
1.476	1.4233415E-003
1.477	1.4194937E-003
1.478	1.4151070E-003
1.479	1.4112868E-003
1.48	1.4069462E-003
1.481	1.4031614E-003
1.482	1.3988544E-003
1.483	1.3945617E-003
1.484	1.3908283E-003
1.485	1.3865774E-003
1.486	1.3828732E-003
1.487	1.3786595E-003
1.488	1.3744613E-003
1.489	1.3708107E-003
1.49	1.3666529E-003
1.491	1.3630232E-003
1.492	1.3589058E-003
1.493	1.3547929E-003
1.494	1.3512194E-003
1.495	1.3471523E-003
1.496	1.3430991E-003
1.497	1.3395660E-003
1.498	1.3355488E-003
1.499	1.3320483E-003
1.5	1.3280644E-003
1.501	1.3240980E-003
1.502	1.3206406E-003
1.503	1.3167115E-003
1.504	1.3127965E-003
1.505	1.3088991E-003
1.506	1.3055018E-003
1.507	1.3016345E-003
1.508	1.2977860E-003
1.509	1.2944315E-003
1.51	1.2906149E-003
1.511	1.2868182E-003
1.512	1.2830324E-003
1.513	1.2797421E-003
1.514	1.2759857E-003
1.515	1.2722504E-003
1.516	1.2689953E-003
1.517	1.2652909E-003
1.518	1.2616010E-003
1.519	1.2579256E-003
1.52	1.2547330E-003
1.521	1.2510900E-003
1.522	1.2474620E-003
1.523	1.2438502E-003
1.524	1.2402578E-003
1.525	1.2371257E-003
1.526	1.2335626E-003
1.527	1.2300063E-003
1.528	1.2264759E-003
1.529	1.2229552E-003
1.53	1.2198853E-003
1.531	1.2163930E-003
1.532	1.2129166E-003
1.533	1.2094515E-003
1.534	1.2060046E-003
1.535	1.2025740E-003
1.536	1.1995848E-003
1.537	1.1961745E-003
1.538	1.1927873E-003
1.539	1.1894135E-003
1.54	1.1860534E-003
1.541	1.1827056E-003
1.542	1.1793710E-003
1.543	1.1764647E-003
1.544	1.1731569E-003
1.545	1.1698669E-003
1.546	1.1665906E-003
1.547	1.1633212E-003
1.548	1.1600689E-003
1.549	1.1568320E-003
1.55	1.1536110E-003
1.551	1.1503964E-003
1.552	1.1472013E-003
1.553	1.1440164E-003
1.554	1.1408468E-003
1.555	1.1380856E-003
1.556	1.1349360E-003
1.557	1.1317986E-003
1.558	1.1286803E-003
1.559	1.1255752E-003
1.56	1.1224824E-003
1.561	1.1193977E-003
1.562	1.1163295E-003
1.563	1.1132712E-003
1.564	1.1102286E-003
1.565	1.1071963E-003
1.566	1.1041769E-003
1.567	1.1011689E-003
1.568	1.0981751E-003
1.569	1.0951933E-003
1.57	1.0922244E-003
1.571	1.0892673E-003
1.572	1.0863208E-003
1.573	1.0833865E-003
1.574	1.0804626E-003
1.575	1.0775519E-003
1.576	1.0746521E-003
1.577	1.0714045E-003
1.578	1.0685334E-003
1.579	1.0656677E-003
1.58	1.0628205E-003
1.581	1.0599787E-003
1.582	1.0571508E-003
1.583	1.0543352E-003
1.584	1.0515305E-003
1.585	1.0487390E-003
1.586	1.0459527E-003
1.587	1.0431821E-003
1.588	1.0404168E-003
1.589	1.0373244E-003
1.59	1.0345884E-003
1.591	1.0318615E-003
1.592	1.0291458E-003
1.593	1.0266062E-003
1.594	1.0239127E-003
1.595	1.0212258E-003
1.596	1.0182171E-003
1.597	1.0155545E-003
1.598	1.0129013E-003
1.599	1.0102610E-003
1.6	1.0076306E-003
1.601	1.0050144E-003
1.602	1.0020782E-003
1.603	9.9947292E-004
1.604	9.9688245E-004
1.605	9.9430501E-004
1.606	9.9173607E-004
1.607	9.8885596E-004
1.608	9.8630879E-004
1.609	9.8377373E-004
1.61	9.8124088E-004
1.611	9.7872224E-004
1.612	9.7589934E-004
1.613	9.7340235E-004
1.614	9.7091473E-004
1.615	9.6843630E-004
1.616	9.6565718E-004
1.617	9.6319697E-004
1.618	9.6075167E-004
1.619	9.5830974E-004
1.62	9.5556921E-004
1.621	9.5315342E-004
1.622	9.5073995E-004
1.623	9.4803621E-004
1.624	9.4564969E-004
1.625	9.4326603E-004
1.626	9.4089104E-004
1.627	9.3822868E-004
1.628	9.3587115E-004
1.629	9.3353220E-004
1.63	9.3089917E-004
1.631	9.2857133E-004
1.632	9.2625589E-004
1.633	9.2365610E-004
1.634	9.2135649E-004
1.635	9.1877603E-004
1.636	9.1649586E-004
1.637	9.1422041E-004
1.638	9.1167516E-004
1.639	9.0941612E-004
1.64	9.0717198E-004
1.641	9.0465276E-004
1.642	9.0241933E-004
1.643	9.0019946E-004
1.644	8.9771085E-004
1.645	8.9550728E-004
1.646	8.9303544E-004
1.647	8.9084642E-004
1.648	8.8839955E-004
1.649	8.8622724E-004
1.65	8.8406686E-004
1.651	8.8164659E-004
1.652	8.7950059E-004
1.653	8.7709352E-004
1.654	8.7496761E-004
1.655	8.7258127E-004
1.656	8.7046955E-004
1.657	8.6809805E-004
1.658	8.6600624E-004
1.659	8.6365483E-004
1.66	8.6157705E-004
1.661	8.5950486E-004
1.662	8.5718452E-004
1.663	8.5512601E-004
1.664	8.5281837E-004
1.665	8.5077732E-004
1.666	8.4849104E-004
1.667	8.4646547E-004
1.668	8.4419781E-004
1.669	8.4193435E-004
1.67	8.3993387E-004
1.671	8.3769136E-004
1.672	8.3570409E-004
1.673	8.3347346E-004
1.674	8.3150098E-004
1.675	8.2929403E-004
1.676	8.2733820E-004
1.677	8.2514278E-004
1.678	8.2320167E-004
1.679	8.2102331E-004
1.68	8.1885606E-004
1.681	8.1693497E-004
1.682	8.1478345E-004
1.683	8.1288134E-004
1.684	8.1074261E-004
1.685	8.0861297E-004
1.686	8.0673001E-004
1.687	8.0461579E-004
1.688	8.0274418E-004
1.689	8.0064888E-004
1.69	7.9856411E-004
1.691	7.9671264E-004
1.692	7.9463964E-004
1.693	7.9257594E-004
1.694	7.9074717E-004
1.695	7.8869698E-004
1.696	7.8665337E-004
1.697	7.8484719E-004
1.698	7.8282022E-004
1.699	7.8080094E-004
1.7	7.7901396E-004
1.701	7.7700848E-004
1.702	7.7501469E-004
1.703	7.7324460E-004
1.704	7.7126094E-004
1.705	7.6928723E-004
1.706	7.6732278E-004
1.707	7.6558103E-004
1.708	7.6362886E-004
1.709	7.6168234E-004
1.71	7.5996120E-004
1.711	7.5802847E-004
1.712	7.5610494E-004
1.713	7.5419032E-004
1.714	7.5248961E-004
1.715	7.5058866E-004
1.716	7.4869144E-004
1.717	7.4680644E-004
1.718	7.4492494E-004
1.719	7.4325484E-004
1.72	7.4138847E-004
1.721	7.3952746E-004
1.722	7.3767523E-004
1.723	7.3583034E-004
1.724	7.3419313E-004
1.725	7.3235843E-004
1.726	7.3053536E-004
1.727	7.2871172E-004
1.728	7.2689983E-004
1.729	7.2529149E-004
1.73	7.2349486E-004
1.731	7.2170258E-004
1.732	7.2001113E-004
1.733	7.1823021E-004
1.734	7.1645743E-004
1.735	7.1468798E-004
1.736	7.1312330E-004
1.737	7.1136630E-004
1.738	7.0961588E-004
1.739	7.0787437E-004
1.74	7.0614018E-004
1.741	7.0441078E-004
1.742	7.0268603E-004
1.743	7.0097111E-004
1.744	6.9945038E-004
1.745	6.9774437E-004
1.746	6.9604447E-004
1.747	6.9435249E-004
1.748	6.9266901E-004
1.749	6.9098786E-004
1.75	6.8931293E-004
1.751	6.8764272E-004
1.752	6.8598165E-004
1.753	6.8432739E-004
1.754	6.8267540E-004
1.755	6.8103272E-004
1.756	6.7939266E-004
1.757	6.7776052E-004
1.758	6.7613641E-004
1.759	6.7451288E-004
1.76	6.7289697E-004
1.761	6.7129155E-004
1.762	6.6968583E-004
1.763	6.6808611E-004
1.764	6.6649669E-004
1.765	6.6491077E-004
1.766	6.6333078E-004
1.767	6.6175580E-004
1.768	6.6018658E-004
1.769	6.5862294E-004
1.77	6.5706734E-004
1.771	6.5551547E-004
1.772	6.5396592E-004
1.773	6.5242354E-004
1.774	6.5088691E-004
1.775	6.4935430E-004
1.776	6.4783398E-004
1.777	6.4631482E-004
1.778	6.4479728E-004
1.779	6.4312393E-004
1.78	6.4161787E-004
1.781	6.4011733E-004
1.782	6.3862529E-004
1.783	6.3713925E-004
1.784	6.3565723E-004
1.785	6.3417852E-004
1.786	6.3270499E-004
1.787	6.3123839E-004
1.788	6.2961504E-004
1.789	6.2816008E-004
1.79	6.2671048E-004
1.791	6.2526244E-004
1.792	6.2381820E-004
1.793	6.2238512E-004
1.794	6.2095490E-004
1.795	6.1936874E-004
1.796	6.1794708E-004
1.797	6.1653135E-004
1.798	6.1512215E-004
1.799	6.1371742E-004
1.8	6.1216083E-004
1.801	6.1076356E-004
1.802	6.0936727E-004
1.803	6.0798234E-004
1.804	6.0660369E-004
1.805	6.0507027E-004
1.806	6.0370064E-004
1.807	6.0233386E-004
1.808	6.0097058E-004
1.809	5.9945759E-004
1.81	5.9811090E-004
1.811	5.9675821E-004
1.812	5.9541711E-004
1.813	5.9392821E-004
1.814	5.9259543E-004
1.815	5.9126271E-004
1.816	5.8993901E-004
1.817	5.8847334E-004
1.818	5.8715732E-004
1.819	5.8584526E-004
1.82	5.8439194E-004
1.821	5.8308878E-004
1.822	5.8179011E-004
1.823	5.8049918E-004
1.824	5.7906751E-004
1.825	5.7778013E-004
1.826	5.7650363E-004
1.827	5.7508523E-004
1.828	5.7381479E-004
1.829	5.7254592E-004
1.83	5.7114550E-004
1.831	5.6988327E-004
1.832	5.6863035E-004
1.833	5.6724483E-004
1.834	5.6599331E-004
1.835	5.6461751E-004
1.836	5.6338188E-004
1.837	5.6214596E-004
1.838	5.6078355E-004
1.839	5.5956020E-004
1.84	5.5820547E-004
1.841	5.5698934E-004
1.842	5.5577781E-004
1.843	5.5443490E-004
1.844	5.5323244E-004
1.845	5.5196241E-004
1.846	5.5077136E-004
1.847	5.4957863E-004
1.848	5.4825813E-004
1.849	5.4707605E-004
1.85	5.4576673E-004
1.851	5.4458895E-004
1.852	5.4328638E-004
1.853	5.4212176E-004
1.854	5.4082921E-004
1.855	5.3967064E-004
1.856	5.3838477E-004
1.857	5.3723442E-004
1.858	5.3595984E-004
1.859	5.3481170E-004
1.86	5.3354865E-004
1.861	5.3240999E-004
1.862	5.3115410E-004
1.863	5.3002394E-004
1.864	5.2877440E-004
1.865	5.2765530E-004
1.866	5.2641652E-004
1.867	5.2530097E-004
1.868	5.2406831E-004
1.869	5.2296044E-004
1.87	5.2173471E-004
1.871	5.2064005E-004
1.872	5.1942054E-004
1.873	5.1821122E-004
1.874	5.1712140E-004
1.875	5.1591714E-004
1.876	5.1483617E-004
1.877	5.1364058E-004
1.878	5.1244721E-004
1.879	5.1138055E-004
1.88	5.1019888E-004
1.881	5.0913484E-004
1.882	5.0795398E-004
1.883	5.0678744E-004
1.884	5.0573307E-004
1.885	5.0456630E-004
1.886	5.0352456E-004
1.887	5.0236599E-004
1.888	5.0121220E-004
1.889	5.0017913E-004
1.89	4.9903424E-004
1.891	4.9789139E-004
1.892	4.9686461E-004
1.893	4.9572921E-004
1.894	4.9460051E-004
1.895	4.9358705E-004
1.896	4.9247011E-004
1.897	4.9134495E-004
1.898	4.9034075E-004
1.899	4.8923196E-004
1.9	4.8812255E-004
1.901	4.8701518E-004
1.902	4.8602407E-004
1.903	4.8493117E-004
1.904	4.8383288E-004
1.905	4.8285068E-004
1.906	4.8176831E-004
1.907	4.8068509E-004
1.908	4.7960508E-004
1.909	4.7863668E-004
1.91	4.7756644E-004
1.911	4.7649656E-004
1.912	4.7543272E-004
1.913	4.7447672E-004
1.914	4.7341702E-004
1.915	4.7235988E-004
1.916	4.7131113E-004
1.917	4.7026170E-004
1.918	4.6932336E-004
1.919	4.6827970E-004
1.92	4.6724756E-004
1.921	4.6620838E-004
1.922	4.6517968E-004
1.923	4.6415292E-004
1.924	4.6323056E-004
1.925	4.6220934E-004
1.926	4.6118972E-004
1.927	4.6017760E-004
1.928	4.5916383E-004
1.929	4.5815978E-004
1.93	4.5725473E-004
1.931	4.5625065E-004
1.932	4.5525291E-004
1.933	4.5425838E-004
1.934	4.5326876E-004
1.935	4.5227850E-004
1.936	4.5129610E-004
1.937	4.5031431E-004
1.938	4.4943448E-004
1.939	4.4850740E-004
1.94	4.4753097E-004
1.941	4.4656493E-004
1.942	4.4559778E-004
1.943	4.4463165E-004
1.944	4.4367247E-004
1.945	4.4271714E-004
1.946	4.4176017E-004
1.947	4.4081028E-004
1.948	4.3986182E-004
1.949	4.3891888E-004
1.95	4.3797502E-004
1.951	4.3703421E-004
1.952	4.3610248E-004
1.953	4.3517223E-004
1.954	4.3424056E-004
1.955	4.3331331E-004
1.956	4.3238761E-004
1.957	4.3146938E-004
1.958	4.3055243E-004
1.959	4.2963395E-004
1.96	4.2872227E-004
1.961	4.2781199E-004
1.962	4.2690695E-004
1.963	4.2600406E-004
1.964	4.2510463E-004
1.965	4.2420381E-004
1.966	4.2331091E-004
1.967	4.2241879E-004
1.968	4.2153316E-004
1.969	4.2064523E-004
1.97	4.1975937E-004
1.971	4.1888014E-004
1.972	4.1800202E-004
1.973	4.1712908E-004
1.974	4.1625288E-004
1.975	4.1538494E-004
1.976	4.1451579E-004
1.977	4.1356470E-004
1.978	4.1270428E-004
1.979	4.1184379E-004
1.98	4.1098736E-004
1.981	4.1013738E-004
1.982	4.0928720E-004
1.983	4.0843905E-004
1.984	4.0759280E-004
1.985	4.0666675E-004
1.986	4.0582684E-004
1.987	4.0499031E-004
1.988	4.0415191E-004
1.989	4.0332010E-004
1.99	4.0249215E-004
1.991	4.0166406E-004
1.992	4.0075748E-004
1.993	3.9993547E-004
1.994	3.9911529E-004
1.995	3.9830146E-004
1.996	3.9748725E-004
1.997	3.9659414E-004
1.998	3.9578383E-004
1.999	3.9497970E-004
2	3.9417529E-004
2.001	3.9337471E-004
2.002	3.9249551E-004
2.003	3.9169885E-004
2.004	3.9090391E-004
2.005	3.9011301E-004
2.006	3.8924691E-004
2.007	3.8845558E-004
2.008	3.8767434E-004
2.009	3.8689005E-004
2.01	3.8603475E-004
2.011	3.8525686E-004
2.012	3.8448430E-004
2.013	3.8363412E-004
2.014	3.8286607E-004
2.015	3.8209531E-004
2.016	3.8133471E-004
2.017	3.8049187E-004
2.018	3.7973482E-004
2.019	3.7897806E-004
2.02	3.7814371E-004
2.021	3.7738989E-004
2.022	3.7667897E-004
2.023	3.7585365E-004
2.024	3.7510705E-004
2.025	3.7436269E-004
2.026	3.7354787E-004
2.027	3.7281043E-004
2.028	3.7207259E-004
2.029	3.7126255E-004
2.03	3.7052901E-004
2.031	3.6972752E-004
2.032	3.6899847E-004
2.033	3.6827117E-004
2.034	3.6747722E-004
2.035	3.6675658E-004
2.036	3.6603611E-004
2.037	3.6524638E-004
2.038	3.6453316E-004
2.039	3.6374963E-004
2.04	3.6303664E-004
2.041	3.6225928E-004
2.042	3.6155275E-004
2.043	3.6084777E-004
2.044	3.6007384E-004
2.045	3.5937599E-004
2.046	3.5860951E-004
2.047	3.5791297E-004
2.048	3.5714798E-004
2.049	3.5645848E-004
2.05	3.5570093E-004
2.051	3.5501336E-004
2.052	3.5426050E-004
2.053	3.5357731E-004
2.054	3.5282932E-004
2.055	3.5214913E-004
2.056	3.5140512E-004
2.057	3.5072883E-004
2.058	3.4999073E-004
2.059	3.4931931E-004
2.06	3.4858464E-004
2.061	3.4791752E-004
2.062	3.4718803E-004
2.063	3.4652464E-004
2.064	3.4579777E-004
2.065	3.4513860E-004
2.066	3.4441816E-004
2.067	3.4376013E-004
2.068	3.4304612E-004
2.069	3.4232865E-004
2.07	3.4167882E-004
2.071	3.4096709E-004
2.072	3.4032282E-004
2.073	3.3961496E-004
2.074	3.3897537E-004
2.075	3.3827260E-004
2.076	3.3757137E-004
2.077	3.3693475E-004
2.078	3.3623670E-004
2.079	3.3560797E-004
2.08	3.3491483E-004
2.081	3.3422338E-004
2.082	3.3359893E-004
2.083	3.3291223E-004
2.084	3.3222910E-004
2.085	3.3160698E-004
2.086	3.3092804E-004
2.087	3.3024946E-004
2.088	3.2963522E-004
2.089	3.2896141E-004
2.09	3.2828926E-004
2.091	3.2767901E-004
2.092	3.2700805E-004
2.093	3.2634573E-004
2.094	3.2574154E-004
2.095	3.2507852E-004
2.096	3.2444726E-004
2.097	3.2379091E-004
2.098	3.2319131E-004
2.099	3.2253840E-004
2.1	3.2188828E-004
2.101	3.2129438E-004
2.102	3.2064586E-004
2.103	3.1999807E-004
2.104	3.1935365E-004
2.105	3.1877102E-004
2.106	3.1812943E-004
2.107	3.1748923E-004
2.108	3.1685043E-004
2.109	3.1621725E-004
2.11	3.1564056E-004
2.111	3.1500778E-004
2.112	3.1437885E-004
2.113	3.1375061E-004
2.114	3.1318067E-004
2.115	3.1255936E-004
2.116	3.1193349E-004
2.117	3.1131253E-004
2.118	3.1069480E-004
2.119	3.1007788E-004
2.12	3.0952069E-004
2.121	3.0890523E-004
2.122	3.0829338E-004
2.123	3.0768357E-004
2.124	3.0707795E-004
2.125	3.0647137E-004
2.126	3.0591982E-004
2.127	3.0531647E-004
2.128	3.0471603E-004
2.129	3.0411818E-004
2.13	3.0352225E-004
2.131	3.0292530E-004
2.132	3.0233132E-004
2.133	3.0173929E-004
2.134	3.0119970E-004
2.135	3.0061125E-004
2.136	3.0002478E-004
2.137	2.9943834E-004
2.138	2.9885443E-004
2.139	2.9827465E-004
2.14	2.9769330E-004
2.141	2.9711431E-004
2.142	2.9653896E-004
2.143	2.9596186E-004
2.144	2.9538904E-004
2.145	2.9481846E-004
2.146	2.9424802E-004
2.147	2.9368058E-004
2.148	2.9311032E-004
2.149	2.9254533E-004
2.15	2.9198156E-004
2.151	2.9142015E-004
2.152	2.9086045E-004
2.153	2.9030140E-004
2.154	2.8974362E-004
2.155	2.8918704E-004
2.156	2.8863217E-004
2.157	2.8807955E-004
2.158	2.8753054E-004
2.159	2.8698202E-004
2.16	2.8643355E-004
2.161	2.8588570E-004
2.162	2.8536693E-004
2.163	2.8482522E-004
2.164	2.8428258E-004
2.165	2.8374323E-004
2.166	2.8320501E-004
2.167	2.8266749E-004
2.168	2.8213323E-004
2.169	2.8159629E-004
2.17	2.8106594E-004
2.171	2.8053456E-004
2.172	2.8000478E-004
2.173	2.7943103E-004
2.174	2.7890311E-004
2.175	2.7838009E-004
2.176	2.7785279E-004
2.177	2.7733360E-004
2.178	2.7681171E-004
2.179	2.7629480E-004
2.18	2.7577835E-004
2.181	2.7521441E-004
2.182	2.7470081E-004
2.183	2.7418605E-004
2.184	2.7367624E-004
2.185	2.7316526E-004
2.186	2.7265828E-004
2.187	2.7210554E-004
2.188	2.7159791E-004
2.189	2.7109351E-004
2.19	2.7059179E-004
2.191	2.7008887E-004
2.192	2.6954530E-004
2.193	2.6904509E-004
2.194	2.6854762E-004
2.195	2.6805271E-004
2.196	2.6755725E-004
2.197	2.6702101E-004
2.198	2.6652720E-004
2.199	2.6603643E-004
2.2	2.6554835E-004
2.201	2.6506116E-004
2.202	2.6453106E-004
2.203	2.6404709E-004
2.204	2.6356307E-004
2.205	2.6303894E-004
2.206	2.6255695E-004
2.207	2.6207758E-004
2.208	2.6159870E-004
2.209	2.6107888E-004
2.21	2.6060618E-004
2.211	2.6013024E-004
2.212	2.5961432E-004
2.213	2.5914406E-004
2.214	2.5867415E-004
2.215	2.5820633E-004
2.216	2.5769416E-004
2.217	2.5722873E-004
2.218	2.5676537E-004
2.219	2.5625792E-004
2.22	2.5579595E-004
2.221	2.5533506E-004
2.222	2.5483279E-004
2.223	2.5439478E-004
2.224	2.5389713E-004
2.225	2.5344457E-004
2.226	2.5298781E-004
2.227	2.5249235E-004
2.228	2.5203900E-004
2.229	2.5159068E-004
2.23	2.5110072E-004
2.231	2.5065077E-004
2.232	2.5016486E-004
2.233	2.4971674E-004
2.234	2.4927355E-004
2.235	2.4879054E-004
2.236	2.4834831E-004
2.237	2.4786746E-004
2.238	2.4742633E-004
2.239	2.4694760E-004
2.24	2.4651035E-004
2.241	2.4607556E-004
2.242	2.4560059E-004
2.243	2.4516814E-004
2.244	2.4469360E-004
2.245	2.4426391E-004
2.246	2.4379340E-004
2.247	2.4336543E-004
2.248	2.4289929E-004
2.249	2.4247306E-004
2.25	2.4200791E-004
2.251	2.4158343E-004
2.252	2.4112410E-004
2.253	2.4070134E-004
2.254	2.4024196E-004
2.255	2.3982393E-004
2.256	2.3936536E-004
2.257	2.3894908E-004
2.258	2.3849725E-004
2.259	2.3807975E-004
2.26	2.3762975E-004
2.261	2.3721636E-004
2.262	2.3676535E-004
2.263	2.3632110E-004
2.264	2.3591123E-004
2.265	2.3546537E-004
2.266	2.3505808E-004
2.267	2.3461603E-004
2.268	2.3420989E-004
2.269	2.3376959E-004
2.27	2.3332880E-004
2.271	2.3292851E-004
2.272	2.3249086E-004
2.273	2.3209225E-004
2.274	2.3165924E-004
2.275	2.3122436E-004
2.276	2.3082808E-004
2.277	2.3039778E-004
2.278	2.2996841E-004
2.279	2.2957544E-004
2.28	2.2916507E-004
2.281	2.2877424E-004
2.282	2.2834819E-004
2.283	2.2792452E-004
2.284	2.2753741E-004
2.285	2.2711538E-004
2.286	2.2669551E-004
2.287	2.2630944E-004
2.288	2.2589137E-004
2.289	2.2547554E-004
2.29	2.2505871E-004
2.291	2.2467707E-004
2.292	2.2426376E-004
2.293	2.2384984E-004
2.294	2.2347333E-004
2.295	2.2306386E-004
2.296	2.2265255E-004
2.297	2.2224615E-004
2.298	2.2187131E-004
2.299	2.2146515E-004
2.3	2.2106120E-004
2.301	2.2065669E-004
2.302	2.2028756E-004
2.303	2.1988602E-004
2.304	2.1948667E-004
2.305	2.1908685E-004
2.306	2.1872063E-004
2.307	2.1832225E-004
2.308	2.1792614E-004
2.309	2.1753075E-004
2.31	2.1713629E-004
2.311	2.1677640E-004
2.312	2.1638343E-004
2.313	2.1599259E-004
2.314	2.1560251E-004
2.315	2.1521325E-004
2.316	2.1485703E-004
2.317	2.1447061E-004
2.318	2.1408501E-004
2.319	2.1369878E-004
2.32	2.1331469E-004
2.321	2.1293142E-004
2.322	2.1255156E-004
2.323	2.1220157E-004
2.324	2.1182184E-004
2.325	2.1144298E-004
2.326	2.1106604E-004
2.327	2.1068727E-004
2.328	2.1031329E-004
2.329	2.0993732E-004
2.33	2.0956348E-004
2.331	2.0919039E-004
2.332	2.0883411E-004
2.333	2.0849355E-004
2.334	2.0812520E-004
2.335	2.0775497E-004
2.336	2.0738679E-004
2.337	2.0701933E-004
2.338	2.0665396E-004
2.339	2.0628926E-004
2.34	2.0592398E-004
2.341	2.0556252E-004
2.342	2.0519999E-004
2.343	2.0483945E-004
2.344	2.0447710E-004
2.345	2.0411800E-004
2.346	2.0375961E-004
2.347	2.0340327E-004
2.348	2.0304500E-004
2.349	2.0268878E-004
2.35	2.0233577E-004
2.351	2.0198223E-004
2.352	2.0162929E-004
2.353	2.0127585E-004
2.354	2.0092689E-004
2.355	2.0057400E-004
2.356	2.0022767E-004
2.357	1.9987952E-004
2.358	1.9953202E-004
2.359	1.9918643E-004
2.36	1.9883909E-004
2.361	1.9849492E-004
2.362	1.9815129E-004
2.363	1.9780893E-004
2.364	1.9746550E-004
2.365	1.9712526E-004
2.366	1.9675767E-004
2.367	1.9641627E-004
2.368	1.9607971E-004
2.369	1.9574088E-004
2.37	1.9540396E-004
2.371	1.9506895E-004
2.372	1.9473331E-004
2.373	1.9440003E-004
2.374	1.9406569E-004
2.375	1.9370824E-004
2.376	1.9337484E-004
2.377	1.9304665E-004
2.378	1.9271612E-004
2.379	1.9238752E-004
2.38	1.9205874E-004
2.381	1.9174514E-004
2.382	1.9139175E-004
2.383	1.9106813E-004
2.384	1.9074147E-004
2.385	1.9041948E-004
2.386	1.9009531E-004
2.387	1.8974610E-004
2.388	1.8942436E-004
2.389	1.8910572E-004
2.39	1.8878645E-004
2.391	1.8846658E-004
2.392	1.8812355E-004
2.393	1.8780494E-004
2.394	1.8748690E-004
2.395	1.8717357E-004
2.396	1.8685796E-004
2.397	1.8651904E-004
2.398	1.8620589E-004
2.399	1.8589375E-004
2.4	1.8555556E-004
2.401	1.8524543E-004
2.402	1.8493587E-004
2.403	1.8462448E-004
2.404	1.8429135E-004
2.405	1.8398280E-004
2.406	1.8367801E-004
2.407	1.8337258E-004
2.408	1.8304118E-004
2.409	1.8273575E-004
2.41	1.8243327E-004
2.411	1.8210454E-004
2.412	1.8180252E-004
2.413	1.8150055E-004
2.414	1.8117610E-004
2.415	1.8087694E-004
2.416	1.8057671E-004
2.417	1.8025408E-004
2.418	1.7995664E-004
2.419	1.7966054E-004
2.42	1.7933978E-004
2.421	1.7904519E-004
2.422	1.7872562E-004
2.423	1.7843056E-004
2.424	1.7813843E-004
2.425	1.7782113E-004
2.426	1.7753009E-004
2.427	1.7724078E-004
2.428	1.7693822E-004
2.429	1.7664883E-004
2.43	1.7633523E-004
2.431	1.7604735E-004
2.432	1.7573728E-004
2.433	1.7545008E-004
2.434	1.7516571E-004
2.435	1.7485507E-004
2.436	1.7457220E-004
2.437	1.7426393E-004
2.438	1.7398169E-004
2.439	1.7367800E-004
2.44	1.7339499E-004
2.441	1.7309051E-004
2.442	1.7281204E-004
2.443	1.7253362E-004
2.444	1.7223050E-004
2.445	1.7195196E-004
2.446	1.7165222E-004
2.447	1.7137633E-004
2.448	1.7107773E-004
2.449	1.7077975E-004
2.45	1.7050539E-004
2.451	1.7023114E-004
2.452	1.6993481E-004
2.453	1.6964127E-004
2.454	1.6936933E-004
2.455	1.6907693E-004
2.456	1.6880638E-004
2.457	1.6851393E-004
2.458	1.6824479E-004
2.459	1.6795455E-004
2.46	1.6768598E-004
2.461	1.6739727E-004
2.462	1.6710979E-004
2.463	1.6684315E-004
2.464	1.6655565E-004
2.465	1.6629223E-004
2.466	1.6600649E-004
2.467	1.6572207E-004
2.468	1.6545865E-004
2.469	1.6517639E-004
2.47	1.6491652E-004
2.471	1.6464475E-004
2.472	1.6436147E-004
2.473	1.6410486E-004
2.474	1.6382300E-004
2.475	1.6356555E-004
2.476	1.6328871E-004
2.477	1.6301022E-004
2.478	1.6275531E-004
2.479	1.6247784E-004
2.48	1.6220236E-004
2.481	1.6194883E-004
2.482	1.6167472E-004
2.483	1.6139970E-004
2.484	1.6112701E-004
2.485	1.6087538E-004
2.486	1.6060515E-004
2.487	1.6033360E-004
2.488	1.6008332E-004
2.489	1.5981242E-004
2.49	1.5954381E-004
2.491	1.5929705E-004
2.492	1.5902800E-004
2.493	1.5876126E-004
2.494	1.5849498E-004
2.495	1.5825077E-004
2.496	1.5798549E-004
2.497	1.5772032E-004
2.498	1.5745604E-004
2.499	1.5721469E-004
2.5	1.5695098E-004
2.501	1.5669025E-004
2.502	1.5642967E-004
2.503	1.5616888E-004
2.504	1.5592694E-004
2.505	1.5566879E-004
2.506	1.5541047E-004
2.507	1.5515296E-004
2.508	1.5489454E-004
2.509	1.5465902E-004
2.51	1.5440324E-004
2.511	1.5414832E-004
2.512	1.5389247E-004
2.513	1.5364859E-004
2.514	1.5339367E-004
2.515	1.5316036E-004
2.516	1.5290879E-004
2.517	1.5265663E-004
2.518	1.5240454E-004
2.519	1.5215439E-004
2.52	1.5190431E-004
2.521	1.5165607E-004
2.522	1.5142611E-004
2.523	1.5117838E-004
2.524	1.5093047E-004
2.525	1.5068264E-004
2.526	1.5043665E-004
2.527	1.5019112E-004
2.528	1.4994670E-004
2.529	1.4970207E-004
2.53	1.4945754E-004
2.531	1.4921583E-004
2.532	1.4897184E-004
2.533	1.4873003E-004
2.534	1.4850601E-004
2.535	1.4826472E-004
2.536	1.4802518E-004
2.537	1.4778574E-004
2.538	1.4754709E-004
2.539	1.4730750E-004
2.54	1.4706975E-004
2.541	1.4683306E-004
2.542	1.4659511E-004
2.543	1.4635928E-004
2.544	1.4612323E-004
2.545	1.4588762E-004
2.546	1.4565302E-004
2.547	1.4541925E-004
2.548	1.4518555E-004
2.549	1.4495260E-004
2.55	1.4472110E-004
2.551	1.4448962E-004
2.552	1.4426735E-004
2.553	1.4403573E-004
2.554	1.4380585E-004
2.555	1.4357539E-004
2.556	1.4334702E-004
2.557	1.4310070E-004
2.558	1.4287118E-004
2.559	1.4264634E-004
2.56	1.4241762E-004
2.561	1.4219162E-004
2.562	1.4196668E-004
2.563	1.4174149E-004
2.564	1.4151671E-004
2.565	1.4129099E-004
2.566	1.4106833E-004
2.567	1.4084541E-004
2.568	1.4060589E-004
2.569	1.4038276E-004
2.57	1.4016137E-004
2.571	1.3994107E-004
2.572	1.3972042E-004
2.573	1.3950083E-004
2.574	1.3928102E-004
2.575	1.3904640E-004
2.576	1.3882706E-004
2.577	1.3861037E-004
2.578	1.3839309E-004
2.579	1.3817618E-004
2.58	1.3795933E-004
2.581	1.3772717E-004
2.582	1.3751212E-004
2.583	1.3729674E-004
2.584	1.3708339E-004
2.585	1.3686878E-004
2.586	1.3663933E-004
2.587	1.3642649E-004
2.588	1.3621396E-004
2.589	1.3600283E-004
2.59	1.3580083E-004
2.591	1.3557340E-004
2.592	1.3536341E-004
2.593	1.3515240E-004
2.594	1.3494310E-004
2.595	1.3471954E-004
2.596	1.3451099E-004
2.597	1.3430243E-004
2.598	1.3409552E-004
2.599	1.3387254E-004
2.6	1.3366611E-004
2.601	1.3346125E-004
2.602	1.3324044E-004
2.603	1.3303504E-004
2.604	1.3283131E-004
2.605	1.3262786E-004
2.606	1.3240735E-004
2.607	1.3220434E-004
2.608	1.3200291E-004
2.609	1.3178543E-004
2.61	1.3158379E-004
2.611	1.3138255E-004
2.612	1.3116706E-004
2.613	1.3096750E-004
2.614	1.3076726E-004
2.615	1.3055331E-004
2.616	1.3035379E-004
2.617	1.3014059E-004
2.618	1.2994456E-004
2.619	1.2974616E-004
2.62	1.2953495E-004
2.621	1.2933777E-004
2.622	1.2914221E-004
2.623	1.2893214E-004
2.624	1.2873694E-004
2.625	1.2852671E-004
2.626	1.2834076E-004
2.627	1.2814747E-004
2.628	1.2793926E-004
2.629	1.2774601E-004
2.63	1.2753908E-004
2.631	1.2734749E-004
2.632	1.2714128E-004
2.633	1.2695030E-004
2.634	1.2674516E-004
2.635	1.2655489E-004
2.636	1.2635101E-004
2.637	1.2616231E-004
2.638	1.2597207E-004
2.639	1.2577052E-004
2.64	1.2558186E-004
2.641	1.2538009E-004
2.642	1.2519388E-004
2.643	1.2499250E-004
2.644	1.2480697E-004
2.645	1.2460745E-004
2.646	1.2442136E-004
2.647	1.2422254E-004
2.648	1.2403831E-004
2.649	1.2383898E-004
2.65	1.2364212E-004
2.651	1.2345851E-004
2.652	1.2326233E-004
2.653	1.2307969E-004
2.654	1.2288417E-004
2.655	1.2270303E-004
2.656	1.2250818E-004
2.657	1.2232766E-004
2.658	1.2213437E-004
2.659	1.2193937E-004
2.66	1.2176067E-004
2.661	1.2157444E-004
2.662	1.2139689E-004
2.663	1.2120527E-004
2.664	1.2101397E-004
2.665	1.2083592E-004
2.666	1.2064616E-004
2.667	1.2046929E-004
2.668	1.2027929E-004
2.669	1.2009051E-004
2.67	1.1991486E-004
2.671	1.1972759E-004
2.672	1.1953945E-004
2.673	1.1936558E-004
2.674	1.1917842E-004
2.675	1.1899242E-004
2.676	1.1881939E-004
2.677	1.1863322E-004
2.678	1.1844818E-004
2.679	1.1827577E-004
2.68	1.1809167E-004
2.681	1.1790812E-004
2.682	1.1773779E-004
2.683	1.1755486E-004
2.684	1.1737090E-004
2.685	1.1718977E-004
2.686	1.1702028E-004
2.687	1.1683893E-004
2.688	1.1665703E-004
2.689	1.1648869E-004
2.69	1.1630997E-004
2.691	1.1612900E-004
2.692	1.1595088E-004
2.693	1.1578425E-004
2.694	1.1560535E-004
2.695	1.1543356E-004
2.696	1.1525580E-004
2.697	1.1509057E-004
2.698	1.1491257E-004
2.699	1.1473738E-004
2.7	1.1456056E-004
2.701	1.1438434E-004
2.702	1.1422134E-004
2.703	1.1404652E-004
2.704	1.1387199E-004
2.705	1.1369779E-004
2.706	1.1352358E-004
2.707	1.1335079E-004
2.708	1.1318975E-004
2.709	1.1301641E-004
2.71	1.1284451E-004
2.711	1.1267314E-004
2.712	1.1250265E-004
2.713	1.1233050E-004
2.714	1.1217161E-004
2.715	1.1200114E-004
2.716	1.1183177E-004
2.717	1.1166272E-004
2.718	1.1149231E-004
2.719	1.1132349E-004
2.72	1.1115448E-004
2.721	1.1098741E-004
2.722	1.1081892E-004
2.723	1.1066406E-004
2.724	1.1049587E-004
2.725	1.1033094E-004
2.726	1.1016419E-004
2.727	1.1000413E-004
2.728	1.0983896E-004
2.729	1.0967410E-004
2.73	1.0950868E-004
2.731	1.0934463E-004
2.732	1.0918114E-004
2.733	1.0901655E-004
2.734	1.0885306E-004
2.735	1.0869067E-004
2.736	1.0852825E-004
2.737	1.0836554E-004
2.738	1.0820480E-004
2.739	1.0804374E-004
2.74	1.0788269E-004
2.741	1.0772190E-004
2.742	1.0756191E-004
2.743	1.0740088E-004
2.744	1.0724087E-004
2.745	1.0708279E-004
2.746	1.0692333E-004
2.747	1.0676497E-004
2.748	1.0660656E-004
2.749	1.0644951E-004
2.75	1.0629112E-004
2.751	1.0613457E-004
2.752	1.0597751E-004
2.753	1.0582071E-004
2.754	1.0566493E-004
2.755	1.0550943E-004
2.756	1.0535340E-004
2.757	1.0519871E-004
2.758	1.0504881E-004
2.759	1.0488436E-004
2.76	1.0473069E-004
2.761	1.0457699E-004
2.762	1.0442274E-004
2.763	1.0426957E-004
2.764	1.0411766E-004
2.765	1.0396500E-004
2.766	1.0381308E-004
2.767	1.0364953E-004
2.768	1.0349995E-004
2.769	1.0334775E-004
2.77	1.0319713E-004
2.771	1.0304695E-004
2.772	1.0289836E-004
2.773	1.0274714E-004
2.774	1.0258833E-004
2.775	1.0243792E-004
2.776	1.0229005E-004
2.777	1.0214239E-004
2.778	1.0199347E-004
2.779	1.0183492E-004
2.78	1.0168776E-004
2.781	1.0154061E-004
2.782	1.0139468E-004
2.783	1.0124803E-004
2.784	1.0109154E-004
2.785	1.0094584E-004
2.786	1.0080040E-004
2.787	1.0065442E-004
2.788	1.0051505E-004
2.789	1.0036060E-004
2.79	1.0021687E-004
2.791	1.0007259E-004
2.792	9.9928577E-005
2.793	9.9775119E-005
2.794	9.9632292E-005
2.795	9.9489749E-005
2.796	9.9337063E-005
2.797	9.9194956E-005
2.798	9.9053817E-005
2.799	9.8912955E-005
2.8	9.8760996E-005
2.801	9.8620825E-005
2.802	9.8479883E-005
2.803	9.8329692E-005
2.804	9.8189972E-005
2.805	9.8049706E-005
2.806	9.7900986E-005
2.807	9.7761687E-005
2.808	9.7623830E-005
2.809	9.7474862E-005
2.81	9.7337499E-005
2.811	9.7200063E-005
2.812	9.7052558E-005
2.813	9.6915130E-005
2.814	9.6768810E-005
2.815	9.6631840E-005
2.816	9.6496013E-005
2.817	9.6350675E-005
2.818	9.6219723E-005
2.819	9.6084084E-005
2.82	9.5939686E-005
2.821	9.5804950E-005
2.822	9.5659336E-005
2.823	9.5526302E-005
2.824	9.5383090E-005
2.825	9.5248775E-005
2.826	9.5115422E-005
2.827	9.4973147E-005
2.828	9.4840427E-005
2.829	9.4698386E-005
2.83	9.4566582E-005
2.831	9.4425261E-005
2.832	9.4292438E-005
2.833	9.4152536E-005
2.834	9.4021620E-005
2.835	9.3890885E-005
2.836	9.3751398E-005
2.837	9.3621085E-005
2.838	9.3482056E-005
2.839	9.3352166E-005
2.84	9.3212875E-005
2.841	9.3074508E-005
2.842	9.2946932E-005
2.843	9.2808783E-005
2.844	9.2681621E-005
2.845	9.2544149E-005
2.846	9.2420865E-005
2.847	9.2284303E-005
2.848	9.2157235E-005
2.849	9.2020622E-005
2.85	9.1893737E-005
2.851	9.1759248E-005
2.852	9.1633199E-005
2.853	9.1498900E-005
2.854	9.1364345E-005
2.855	9.1238471E-005
2.856	9.1104819E-005
2.857	9.0980022E-005
2.858	9.0846079E-005
2.859	9.0713074E-005
2.86	9.0588903E-005
2.861	9.0456997E-005
2.862	9.0333939E-005
2.863	9.0201749E-005
2.864	9.0070047E-005
2.865	8.9948262E-005
2.866	8.9816007E-005
2.867	8.9685411E-005
2.868	8.9564201E-005
2.869	8.9433983E-005
2.87	8.9303969E-005
2.871	8.9182897E-005
2.872	8.9053297E-005
2.873	8.8928595E-005
2.874	8.8808534E-005
2.875	8.8679575E-005
2.876	8.8551496E-005
2.877	8.8432251E-005
2.878	8.8304572E-005
2.879	8.8176399E-005
2.88	8.8058194E-005
2.881	8.7931126E-005
2.882	8.7804932E-005
2.883	8.7676897E-005
2.884	8.7561042E-005
2.885	8.7434113E-005
2.886	8.7308035E-005
2.887	8.7183784E-005
2.888	8.7067063E-005
2.889	8.6941604E-005
2.89	8.6817701E-005
2.891	8.6692628E-005
2.892	8.6577325E-005
2.893	8.6453569E-005
2.894	8.6329084E-005
2.895	8.6206848E-005
2.896	8.6091582E-005
2.897	8.5969717E-005
2.898	8.5846710E-005
2.899	8.5725231E-005
2.9	8.5606895E-005
2.901	8.5493200E-005
2.902	8.5370957E-005
2.903	8.5250234E-005
2.904	8.5129694E-005
2.905	8.5008047E-005
2.906	8.4888787E-005
2.907	8.4767533E-005
2.908	8.4655738E-005
2.909	8.4536834E-005
2.91	8.4416773E-005
2.911	8.4297564E-005
2.912	8.4178559E-005
2.913	8.4059975E-005
2.914	8.3942010E-005
2.915	8.3831459E-005
2.916	8.3713181E-005
2.917	8.3595776E-005
2.918	8.3478546E-005
2.919	8.3360144E-005
2.92	8.3243518E-005
2.921	8.3127503E-005
2.922	8.3010986E-005
2.923	8.2894017E-005
2.924	8.2778570E-005
2.925	8.2663268E-005
2.926	8.2551349E-005
2.927	8.2435748E-005
2.928	8.2328967E-005
2.929	8.2214603E-005
2.93	8.2099541E-005
2.931	8.1984668E-005
2.932	8.1871272E-005
2.933	8.1756742E-005
2.934	8.1643688E-005
2.935	8.1530408E-005
2.936	8.1416423E-005
2.937	8.1303886E-005
2.938	8.1190919E-005
2.939	8.1078739E-005
2.94	8.0966747E-005
2.941	8.0854275E-005
2.942	8.0743514E-005
2.943	8.0632264E-005
2.944	8.0520331E-005
2.945	8.0409838E-005
2.946	8.0291371E-005
2.947	8.0181235E-005
2.948	8.0070648E-005
2.949	7.9960846E-005
2.95	7.9850826E-005
2.951	7.9745332E-005
2.952	7.9635414E-005
2.953	7.9525671E-005
2.954	7.9417339E-005
2.955	7.9309189E-005
2.956	7.9199948E-005
2.957	7.9091515E-005
2.958	7.8976693E-005
2.959	7.8868594E-005
2.96	7.8760881E-005
2.961	7.8653720E-005
2.962	7.8546123E-005
2.963	7.8439087E-005
2.964	7.8332654E-005
2.965	7.8226170E-005
2.966	7.8113182E-005
2.967	7.8006626E-005
2.968	7.7901270E-005
2.969	7.7795645E-005
2.97	7.7689379E-005
2.971	7.7584496E-005
2.972	7.7479162E-005
2.973	7.7367360E-005
2.974	7.7262972E-005
2.975	7.7158962E-005
2.976	7.7058496E-005
2.977	7.6953962E-005
2.978	7.6843018E-005
2.979	7.6739649E-005
2.98	7.6637443E-005
2.981	7.6533775E-005
2.982	7.6424127E-005
2.983	7.6321776E-005
2.984	7.6218981E-005
2.985	7.6116317E-005
2.986	7.6007978E-005
2.987	7.5905664E-005
2.988	7.5804295E-005
2.989	7.5702490E-005
2.99	7.5595424E-005
2.991	7.5493706E-005
2.992	7.5392760E-005
2.993	7.5292199E-005
2.994	7.5185788E-005
2.995	7.5085904E-005
2.996	7.4985182E-005
2.997	7.4879259E-005
2.998	7.4779229E-005
2.999	7.4680582E-005
3	7.4576994E-005
