theta_deg	R
0.001	1.0000052E+000
0.002	1.0000052E+000
0.003	1.0000052E+000
0.004	1.0000052E+000
0.005	1.0000052E+000
0.006	1.0000052E+000
0.007	1.0000052E+000
0.008	1.0000052E+000
0.009	1.0000052E+000
0.01	1.0000052E+000
0.011	1.0000052E+000
0.012	1.0000052E+000
0.013	1.0000052E+000
0.014	9.9406177E-001
0.015	9.9406177E-001
0.016	9.9406177E-001
0.017	9.9406177E-001
0.018	9.9406177E-001
0.019	9.9406177E-001
0.02	9.9406177E-001
0.021	9.9406177E-001
0.022	9.9406177E-001
0.023	9.9406177E-001
0.024	9.9406177E-001
0.025	9.9160016E-001
0.026	9.9160016E-001
0.027	9.9160016E-001
0.028	9.9160016E-001
0.029	9.9160016E-001
0.03	9.9160016E-001
0.031	9.9160016E-001
0.032	9.8971146E-001
0.033	9.8971146E-001
0.034	9.8971146E-001
0.035	9.8971146E-001
0.036	9.8971146E-001
0.037	9.8971146E-001
0.038	9.8811734E-001
0.039	9.8811734E-001
0.04	9.8811734E-001
0.041	9.8811734E-001
0.042	9.8670805E-001
0.043	9.8670805E-001
0.044	9.8670805E-001
0.045	9.8670805E-001
0.046	9.8670805E-001
0.047	9.8543453E-001
0.048	9.8543453E-001
0.049	9.8543453E-001
0.05	9.8543453E-001
0.051	9.8425794E-001
0.052	9.8425794E-001
0.053	9.8425794E-001
0.054	9.8425794E-001
0.055	9.8316419E-001
0.056	9.8316419E-001
0.057	9.8316419E-001
0.058	9.8213112E-001
0.059	9.8213112E-001
0.06	9.8213112E-001
0.061	9.8115593E-001
0.062	9.8115593E-001
0.063	9.8115593E-001
0.064	9.8115593E-001
0.065	9.8022223E-001
0.066	9.8022223E-001
0.067	9.8022223E-001
0.068	9.7933251E-001
0.069	9.7933251E-001
0.07	9.7847265E-001
0.071	9.7847265E-001
0.072	9.7847265E-001
0.073	9.7764337E-001
0.074	9.7764337E-001
0.075	9.7764337E-001
0.076	9.7684640E-001
0.077	9.7684640E-001
0.078	9.7606838E-001
0.079	9.7606838E-001
0.08	9.7606838E-001
0.081	9.7531831E-001
0.082	9.7531831E-001
0.083	9.7458267E-001
0.084	9.7458267E-001
0.085	9.7458267E-001
0.086	9.7386521E-001
0.087	9.7386521E-001
0.088	9.7317100E-001
0.089	9.7317100E-001
0.09	9.7248596E-001
0.091	9.7248596E-001
0.092	9.7181553E-001
0.093	9.7181553E-001
0.094	9.7116482E-001
0.095	9.7116482E-001
0.096	9.7052050E-001
0.097	9.7052050E-001
0.098	9.6988755E-001
0.099	9.6988755E-001
0.1	9.6926558E-001
0.101	9.6926558E-001
0.102	9.6866083E-001
0.103	9.6866083E-001
0.104	9.6805888E-001
0.105	9.6805888E-001
0.106	9.6746606E-001
0.107	9.6746606E-001
0.108	9.6688187E-001
0.109	9.6688187E-001
0.11	9.6630585E-001
0.111	9.6630585E-001
0.112	9.6573740E-001
0.113	9.6518433E-001
0.114	9.6518433E-001
0.115	9.6463025E-001
0.116	9.6463025E-001
0.117	9.6408319E-001
0.118	9.6354228E-001
0.119	9.6354228E-001
0.12	9.6300751E-001
0.121	9.6300751E-001
0.122	9.6247852E-001
0.123	9.6195519E-001
0.124	9.6195519E-001
0.125	9.6143699E-001
0.126	9.6092409E-001
0.127	9.6092409E-001
0.128	9.6041608E-001
0.129	9.5991278E-001
0.13	9.5991278E-001
0.131	9.5941401E-001
0.132	9.5891953E-001
0.133	9.5891953E-001
0.134	9.5842934E-001
0.135	9.5794326E-001
0.136	9.5794326E-001
0.137	9.5746106E-001
0.138	9.5698255E-001
0.139	9.5698255E-001
0.14	9.5650786E-001
0.141	9.5602709E-001
0.142	9.5555907E-001
0.143	9.5555907E-001
0.144	9.5509464E-001
0.145	9.5463312E-001
0.146	9.5463312E-001
0.147	9.5417500E-001
0.148	9.5370966E-001
0.149	9.5325714E-001
0.15	9.5325714E-001
0.151	9.5280761E-001
0.152	9.5235056E-001
0.153	9.5190620E-001
0.154	9.5146465E-001
0.155	9.5146465E-001
0.156	9.5101506E-001
0.157	9.5057821E-001
0.158	9.5013320E-001
0.159	9.4970113E-001
0.16	9.4970113E-001
0.161	9.4927120E-001
0.162	9.4883281E-001
0.163	9.4840729E-001
0.164	9.4797289E-001
0.165	9.4755113E-001
0.166	9.4755113E-001
0.167	9.4712061E-001
0.168	9.4669181E-001
0.169	9.4627601E-001
0.17	9.4585067E-001
0.171	9.4543827E-001
0.172	9.4501638E-001
0.173	9.4501638E-001
0.174	9.4459587E-001
0.175	9.4417703E-001
0.176	9.4377154E-001
0.177	9.4335580E-001
0.178	9.4294131E-001
0.179	9.4252855E-001
0.18	9.4212884E-001
0.181	9.4171870E-001
0.182	9.4130981E-001
0.183	9.4090217E-001
0.184	9.4049597E-001
0.185	9.4049597E-001
0.186	9.4009078E-001
0.187	9.3968701E-001
0.188	9.3928432E-001
0.189	9.3888289E-001
0.19	9.3848246E-001
0.191	9.3808293E-001
0.192	9.3768483E-001
0.193	9.3728775E-001
0.194	9.3689167E-001
0.195	9.3649632E-001
0.196	9.3610215E-001
0.197	9.3570912E-001
0.198	9.3531686E-001
0.199	9.3492573E-001
0.2	9.3452215E-001
0.201	9.3413252E-001
0.202	9.3374389E-001
0.203	9.3334287E-001
0.204	9.3295580E-001
0.205	9.3256968E-001
0.206	9.3217093E-001
0.207	9.3178648E-001
0.208	9.3100584E-001
0.209	9.3060976E-001
0.21	9.3022817E-001
0.211	9.2983329E-001
0.212	9.2945319E-001
0.213	9.2905957E-001
0.214	9.2866677E-001
0.215	9.2828852E-001
0.216	9.2789686E-001
0.217	9.2750555E-001
0.218	9.2712927E-001
0.219	9.2636406E-001
0.22	9.2597508E-001
0.221	9.2558664E-001
0.222	9.2519861E-001
0.223	9.2481118E-001
0.224	9.2442405E-001
0.225	9.2403769E-001
0.226	9.2326605E-001
0.227	9.2288065E-001
0.228	9.2249584E-001
0.229	9.2211157E-001
0.23	9.2171270E-001
0.231	9.2132908E-001
0.232	9.2056316E-001
0.233	9.2016536E-001
0.234	9.1978341E-001
0.235	9.1940176E-001
0.236	9.1900504E-001
0.237	9.1822791E-001
0.238	9.1784763E-001
0.239	9.1745192E-001
0.24	9.1707242E-001
0.241	9.1667736E-001
0.242	9.1590357E-001
0.243	9.1550922E-001
0.244	9.1514677E-001
0.245	9.1475302E-001
0.246	9.1396624E-001
0.247	9.1357285E-001
0.248	9.1317993E-001
0.249	9.1278720E-001
0.25	9.1200233E-001
0.251	9.1161001E-001
0.252	9.1121781E-001
0.253	9.1043442E-001
0.254	9.1002631E-001
0.255	9.0963477E-001
0.256	9.0924340E-001
0.257	9.0844470E-001
0.258	9.0805387E-001
0.259	9.0764636E-001
0.26	9.0684843E-001
0.261	9.0645802E-001
0.262	9.0605086E-001
0.263	9.0527064E-001
0.264	9.0486372E-001
0.265	9.0445679E-001
0.266	9.0364337E-001
0.267	9.0323651E-001
0.268	9.0242296E-001
0.269	9.0201640E-001
0.27	9.0160954E-001
0.271	9.0079641E-001
0.272	9.0038991E-001
0.273	8.9996582E-001
0.274	8.9915276E-001
0.275	8.9872843E-001
0.276	8.9791548E-001
0.277	8.9749110E-001
0.278	8.9708441E-001
0.279	8.9625353E-001
0.28	8.9582920E-001
0.281	8.9499778E-001
0.282	8.9457339E-001
0.283	8.9372373E-001
0.284	8.9329886E-001
0.285	8.9243090E-001
0.286	8.9200580E-001
0.287	8.9156234E-001
0.288	8.9069343E-001
0.289	8.9026797E-001
0.29	8.8937998E-001
0.291	8.8895428E-001
0.292	8.8808411E-001
0.293	8.8763946E-001
0.294	8.8676822E-001
0.295	8.8632327E-001
0.296	8.8541424E-001
0.297	8.8496888E-001
0.298	8.8407755E-001
0.299	8.8361275E-001
0.3	8.8270158E-001
0.301	8.8178980E-001
0.302	8.8132423E-001
0.303	8.8041127E-001
0.304	8.7994504E-001
0.305	8.7901175E-001
0.306	8.7852573E-001
0.307	8.7759131E-001
0.308	8.7712389E-001
0.309	8.7614971E-001
0.31	8.7519383E-001
0.311	8.7470585E-001
0.312	8.7374830E-001
0.313	8.7325984E-001
0.314	8.7228155E-001
0.315	8.7128288E-001
0.316	8.7079287E-001
0.317	8.6979240E-001
0.318	8.6928213E-001
0.319	8.6826044E-001
0.32	8.6723745E-001
0.321	8.6672550E-001
0.322	8.6568105E-001
0.323	8.6463547E-001
0.324	8.6412197E-001
0.325	8.6305457E-001
0.326	8.6198562E-001
0.327	8.6143076E-001
0.328	8.6035979E-001
0.329	8.5926753E-001
0.33	8.5871094E-001
0.331	8.5759664E-001
0.332	8.5648066E-001
0.333	8.5592216E-001
0.334	8.5478407E-001
0.335	8.5362387E-001
0.336	8.5304332E-001
0.337	8.5188091E-001
0.338	8.5071713E-001
0.339	8.4951067E-001
0.34	8.4890705E-001
0.341	8.4767753E-001
0.342	8.4646726E-001
0.343	8.4521401E-001
0.344	8.4458691E-001
0.345	8.4335184E-001
0.346	8.4205323E-001
0.347	8.4077352E-001
0.348	8.4012264E-001
0.349	8.3881962E-001
0.35	8.3747321E-001
0.351	8.3612490E-001
0.352	8.3475411E-001
0.353	8.3407831E-001
0.354	8.3268398E-001
0.355	8.3126664E-001
0.356	8.2984775E-001
0.357	8.2840598E-001
0.358	8.2692015E-001
0.359	8.2617652E-001
0.36	8.2466680E-001
0.361	8.2315534E-001
0.362	8.2159984E-001
0.363	8.2004243E-001
0.364	8.1844079E-001
0.365	8.1762868E-001
0.366	8.1600296E-001
0.367	8.1435454E-001
0.368	8.1268287E-001
0.369	8.1094563E-001
0.37	8.0920655E-001
0.371	8.0744445E-001
0.372	8.0563807E-001
0.373	8.0380857E-001
0.374	8.0288249E-001
0.375	8.0098653E-001
0.376	7.9913181E-001
0.377	7.9714745E-001
0.378	7.9516155E-001
0.379	7.9313141E-001
0.38	7.9105729E-001
0.381	7.8898180E-001
0.382	7.8677690E-001
0.383	7.8461421E-001
0.384	7.8236473E-001
0.385	7.8007162E-001
0.386	7.7769274E-001
0.387	7.7531326E-001
0.388	7.7289069E-001
0.389	7.7038288E-001
0.39	7.6783246E-001
0.391	7.6519734E-001
0.392	7.6252013E-001
0.393	7.5975895E-001
0.394	7.5695652E-001
0.395	7.5402874E-001
0.396	7.5106061E-001
0.397	7.4796796E-001
0.398	7.4483615E-001
0.399	7.4162400E-001
0.4	7.3828971E-001
0.401	7.3487633E-001
0.402	7.3138475E-001
0.403	7.2773278E-001
0.404	7.2400492E-001
0.405	7.2011936E-001
0.406	7.1611941E-001
0.407	7.1200687E-001
0.408	7.0774227E-001
0.409	7.0328712E-001
0.41	6.9639081E-001
0.411	6.9157356E-001
0.412	6.8653625E-001
0.413	6.8136317E-001
0.414	6.7597842E-001
0.415	6.7030758E-001
0.416	6.6451496E-001
0.417	6.5844858E-001
0.418	6.5211624E-001
0.419	6.4217573E-001
0.42	6.3513988E-001
0.421	6.2787068E-001
0.422	6.2026709E-001
0.423	6.1234301E-001
0.424	6.0407758E-001
0.425	5.9113020E-001
0.426	5.8201629E-001
0.427	5.7255685E-001
0.428	5.6284314E-001
0.429	5.5276090E-001
0.43	5.4240358E-001
0.431	5.2638149E-001
0.432	5.1534945E-001
0.433	5.0425607E-001
0.434	4.9293521E-001
0.435	4.7589576E-001
0.436	4.6452734E-001
0.437	4.5321137E-001
0.438	4.4200006E-001
0.439	4.3094102E-001
0.44	4.1471696E-001
0.441	4.0419042E-001
0.442	3.9392436E-001
0.443	3.8393408E-001
0.444	3.6950263E-001
0.445	3.6025387E-001
0.446	3.5130867E-001
0.447	3.3845356E-001
0.448	3.3025214E-001
0.449	3.2234031E-001
0.45	3.1470999E-001
0.451	3.0377042E-001
0.452	2.9680312E-001
0.453	2.9008120E-001
0.454	2.8044721E-001
0.455	2.7430543E-001
0.456	2.6837829E-001
0.457	2.5987062E-001
0.458	2.5444114E-001
0.459	2.4919441E-001
0.46	2.4165326E-001
0.461	2.3683232E-001
0.462	2.3216821E-001
0.463	2.2545324E-001
0.464	2.2115199E-001
0.465	2.1495229E-001
0.466	2.1097714E-001
0.467	2.0712303E-001
0.468	2.0155609E-001
0.469	1.9798155E-001
0.47	1.9451034E-001
0.471	1.8949047E-001
0.472	1.8626155E-001
0.473	1.8158565E-001
0.474	1.7857631E-001
0.475	1.7421290E-001
0.476	1.7140137E-001
0.477	1.6866371E-001
0.478	1.6468914E-001
0.479	1.6212499E-001
0.48	1.5839951E-001
0.481	1.5599228E-001
0.482	1.5249458E-001
0.483	1.5023248E-001
0.484	1.4694127E-001
0.485	1.4481165E-001
0.486	1.4171168E-001
0.487	1.3970447E-001
0.488	1.3677903E-001
0.489	1.3488366E-001
0.49	1.3211963E-001
0.491	1.3032719E-001
0.492	1.2771253E-001
0.493	1.2601598E-001
0.494	1.2353878E-001
0.495	1.2193044E-001
0.496	1.1958100E-001
0.497	1.1805505E-001
0.498	1.1582398E-001
0.499	1.1437398E-001
0.5	1.1225364E-001
0.501	1.1087450E-001
0.502	1.0885664E-001
0.503	1.0689704E-001
0.504	1.0562175E-001
0.505	1.0375400E-001
0.506	1.0253807E-001
0.507	1.0075635E-001
0.508	9.9595755E-002
0.509	9.7894691E-002
0.51	9.6239440E-002
0.511	9.5160298E-002
0.512	9.3577422E-002
0.513	9.2545636E-002
0.514	9.1031231E-002
0.515	8.9555763E-002
0.516	8.8593036E-002
0.517	8.7179542E-002
0.518	8.5801251E-002
0.519	8.4901512E-002
0.52	8.3579801E-002
0.521	8.2290113E-002
0.522	8.1447810E-002
0.523	8.0209598E-002
0.524	7.9000846E-002
0.525	7.8210816E-002
0.526	7.7048950E-002
0.527	7.5914048E-002
0.528	7.5172044E-002
0.529	7.4080333E-002
0.53	7.3013216E-002
0.531	7.2314940E-002
0.532	7.1287461E-002
0.533	7.0282437E-002
0.534	6.9299698E-002
0.535	6.8656422E-002
0.536	6.7708798E-002
0.537	6.6781528E-002
0.538	6.5873854E-002
0.539	6.5279678E-002
0.54	6.4403787E-002
0.541	6.3546062E-002
0.542	6.2705994E-002
0.543	6.2155530E-002
0.544	6.1343879E-002
0.545	6.0548715E-002
0.546	5.9769552E-002
0.547	5.9005912E-002
0.548	5.8505170E-002
0.549	5.7766456E-002
0.55	5.7042096E-002
0.551	5.6331854E-002
0.552	5.5635195E-002
0.553	5.5178132E-002
0.554	5.4503363E-002
0.555	5.3841539E-002
0.556	5.3191934E-002
0.557	5.2554492E-002
0.558	5.1928822E-002
0.559	5.1517986E-002
0.56	5.0911274E-002
0.561	5.0315566E-002
0.562	4.9730502E-002
0.563	4.9155906E-002
0.564	4.8591722E-002
0.565	4.8037443E-002
0.566	4.7492743E-002
0.567	4.6957616E-002
0.568	4.6605971E-002
0.569	4.6086237E-002
0.57	4.5575231E-002
0.571	4.5072999E-002
0.572	4.4579253E-002
0.573	4.4093806E-002
0.574	4.3616626E-002
0.575	4.3147229E-002
0.576	4.2685587E-002
0.577	4.2231437E-002
0.578	4.1784808E-002
0.579	4.1345388E-002
0.58	4.0913016E-002
0.581	4.0487543E-002
0.582	4.0068954E-002
0.583	3.9656941E-002
0.584	3.9251387E-002
0.585	3.8852166E-002
0.586	3.8589448E-002
0.587	3.8200583E-002
0.588	3.7817605E-002
0.589	3.7440527E-002
0.59	3.6946755E-002
0.591	3.6582883E-002
0.592	3.6224462E-002
0.593	3.5871468E-002
0.594	3.5523742E-002
0.595	3.5181142E-002
0.596	3.4843564E-002
0.597	3.4511004E-002
0.598	3.4183189E-002
0.599	3.3860188E-002
0.6	3.3541858E-002
0.601	3.3228062E-002
0.602	3.2918725E-002
0.603	3.2613754E-002
0.604	3.2313183E-002
0.605	3.2016717E-002
0.606	3.1724516E-002
0.607	3.1341124E-002
0.608	3.1058235E-002
0.609	3.0779304E-002
0.61	3.0504081E-002
0.611	3.0232595E-002
0.612	2.9964866E-002
0.613	2.9700737E-002
0.614	2.9440066E-002
0.615	2.9182954E-002
0.616	2.8845420E-002
0.617	2.8596170E-002
0.618	2.8350238E-002
0.619	2.8107446E-002
0.62	2.7867878E-002
0.621	2.7631342E-002
0.622	2.7320776E-002
0.623	2.7091321E-002
0.624	2.6864802E-002
0.625	2.6641179E-002
0.626	2.6420342E-002
0.627	2.6130235E-002
0.628	2.5915874E-002
0.629	2.5704101E-002
0.63	2.5495017E-002
0.631	2.5288468E-002
0.632	2.5017042E-002
0.633	2.4816416E-002
0.634	2.4618151E-002
0.635	2.4422372E-002
0.636	2.4164943E-002
0.637	2.3974586E-002
0.638	2.3786526E-002
0.639	2.3600664E-002
0.64	2.3356285E-002
0.641	2.3175504E-002
0.642	2.2996876E-002
0.643	2.2820331E-002
0.644	2.2588149E-002
0.645	2.2416342E-002
0.646	2.2246499E-002
0.647	2.2023106E-002
0.648	2.1857793E-002
0.649	2.1694314E-002
0.65	2.1479284E-002
0.651	2.1320179E-002
0.652	2.1162746E-002
0.653	2.0955661E-002
0.654	2.0802343E-002
0.655	2.0650733E-002
0.656	2.0451171E-002
0.657	2.0303449E-002
0.658	2.0157309E-002
0.659	1.9964941E-002
0.66	1.9822501E-002
0.661	1.9681601E-002
0.662	1.9496078E-002
0.663	1.9358650E-002
0.664	1.9177683E-002
0.665	1.9043691E-002
0.666	1.8911082E-002
0.667	1.8736470E-002
0.668	1.8607089E-002
0.669	1.8436687E-002
0.67	1.8310448E-002
0.671	1.8144162E-002
0.672	1.8020930E-002
0.673	1.7898954E-002
0.674	1.7738275E-002
0.675	1.7619211E-002
0.676	1.7462330E-002
0.677	1.7346045E-002
0.678	1.7192801E-002
0.679	1.7079229E-002
0.68	1.6929569E-002
0.681	1.6818607E-002
0.682	1.6672373E-002
0.683	1.6563954E-002
0.684	1.6421067E-002
0.685	1.6315121E-002
0.686	1.6175464E-002
0.687	1.6071899E-002
0.688	1.5935384E-002
0.689	1.5834130E-002
0.69	1.5700644E-002
0.691	1.5601675E-002
0.692	1.5471146E-002
0.693	1.5374317E-002
0.694	1.5246656E-002
0.695	1.5151981E-002
0.696	1.5027098E-002
0.697	1.4934435E-002
0.698	1.4812270E-002
0.699	1.4691602E-002
0.7	1.4602065E-002
0.701	1.4483984E-002
0.702	1.4396344E-002
0.703	1.4280764E-002
0.704	1.4194975E-002
0.705	1.4081810E-002
0.706	1.3970034E-002
0.707	1.3887053E-002
0.708	1.3777575E-002
0.709	1.3696321E-002
0.71	1.3589138E-002
0.711	1.3483196E-002
0.712	1.3404557E-002
0.713	1.3300776E-002
0.714	1.3198201E-002
0.715	1.3122049E-002
0.716	1.3021580E-002
0.717	1.2922243E-002
0.718	1.2848488E-002
0.719	1.2751142E-002
0.72	1.2654893E-002
0.721	1.2583470E-002
0.722	1.2489140E-002
0.723	1.2395865E-002
0.724	1.2326590E-002
0.725	1.2235149E-002
0.726	1.2144733E-002
0.727	1.2055343E-002
0.728	1.1988916E-002
0.729	1.1901236E-002
0.73	1.1814507E-002
0.731	1.1750106E-002
0.732	1.1665042E-002
0.733	1.1580909E-002
0.734	1.1497657E-002
0.735	1.1435844E-002
0.736	1.1354203E-002
0.737	1.1273411E-002
0.738	1.1193492E-002
0.739	1.1134114E-002
0.74	1.1055692E-002
0.741	1.0978083E-002
0.742	1.0901323E-002
0.743	1.0825345E-002
0.744	1.0768906E-002
0.745	1.0694324E-002
0.746	1.0620520E-002
0.747	1.0547475E-002
0.748	1.0475192E-002
0.749	1.0403660E-002
0.75	1.0350480E-002
0.751	1.0280216E-002
0.752	1.0210690E-002
0.753	1.0141864E-002
0.754	1.0073739E-002
0.755	1.0006282E-002
0.756	9.9561438E-003
0.757	9.8898765E-003
0.758	9.8242788E-003
0.759	9.7593497E-003
0.76	9.6950578E-003
0.761	9.6313925E-003
0.762	9.5683755E-003
0.763	9.5059583E-003
0.764	9.4441539E-003
0.765	9.3982117E-003
0.766	9.3374634E-003
0.767	9.2773112E-003
0.768	9.2177503E-003
0.769	9.1587594E-003
0.77	9.1003189E-003
0.771	9.0424409E-003
0.772	8.9851255E-003
0.773	8.9283772E-003
0.774	8.8721449E-003
0.775	8.8164471E-003
0.776	8.7612662E-003
0.777	8.7066200E-003
0.778	8.6524896E-003
0.779	8.5988585E-003
0.78	8.5457079E-003
0.781	8.4930798E-003
0.782	8.4409211E-003
0.783	8.3892532E-003
0.784	8.3380444E-003
0.785	8.2873376E-003
0.786	8.2370751E-003
0.787	8.1872614E-003
0.788	8.1379097E-003
0.789	8.0890059E-003
0.79	8.0405483E-003
0.791	7.9925228E-003
0.792	7.9449331E-003
0.793	7.8977682E-003
0.794	7.8510223E-003
0.795	7.8046932E-003
0.796	7.7587646E-003
0.797	7.7132615E-003
0.798	7.6681366E-003
0.799	7.6234322E-003
0.8	7.5791175E-003
0.801	7.5351726E-003
0.802	7.4807922E-003
0.803	7.4377097E-003
0.804	7.3949904E-003
0.805	7.3526581E-003
0.806	7.3106820E-003
0.807	7.2690677E-003
0.808	7.2278082E-003
0.809	7.1868971E-003
0.81	7.1362611E-003
0.811	7.0961383E-003
0.812	7.0563396E-003
0.813	7.0168725E-003
0.814	6.9777560E-003
0.815	6.9389539E-003
0.816	6.9004912E-003
0.817	6.8528489E-003
0.818	6.8150903E-003
0.819	6.7776502E-003
0.82	6.7405100E-003
0.821	6.7036925E-003
0.822	6.6580675E-003
0.823	6.6219233E-003
0.824	6.5860711E-003
0.825	6.5504960E-003
0.826	6.5152133E-003
0.827	6.4715301E-003
0.828	6.4368774E-003
0.829	6.4025163E-003
0.83	6.3684313E-003
0.831	6.3262107E-003
0.832	6.2927352E-003
0.833	6.2595233E-003
0.834	6.2265713E-003
0.835	6.1857519E-003
0.836	6.1533907E-003
0.837	6.1212722E-003
0.838	6.0894107E-003
0.839	6.0499352E-003
0.84	6.0186405E-003
0.841	5.9875716E-003
0.842	5.9490865E-003
0.843	5.9185717E-003
0.844	5.8882791E-003
0.845	5.8507523E-003
0.846	5.8209980E-003
0.847	5.7914527E-003
0.848	5.7548522E-003
0.849	5.7258098E-003
0.85	5.6969919E-003
0.851	5.6612855E-003
0.852	5.6329528E-003
0.853	5.6048390E-003
0.854	5.5699879E-003
0.855	5.5423509E-003
0.856	5.5149007E-003
0.857	5.4808971E-003
0.858	5.4539214E-003
0.859	5.4204687E-003
0.86	5.3939326E-003
0.861	5.3675971E-003
0.862	5.3349501E-003
0.863	5.3090365E-003
0.864	5.2769105E-003
0.865	5.2514258E-003
0.866	5.2261176E-003
0.867	5.1947595E-003
0.868	5.1698610E-003
0.869	5.1389956E-003
0.87	5.1145023E-003
0.871	5.0841444E-003
0.872	5.0600385E-003
0.873	5.0361096E-003
0.874	5.0064418E-003
0.875	4.9828836E-003
0.876	4.9536927E-003
0.877	4.9305200E-003
0.878	4.9017663E-003
0.879	4.8789592E-003
0.88	4.8506632E-003
0.881	4.8282072E-003
0.882	4.8003639E-003
0.883	4.7782473E-003
0.884	4.7508357E-003
0.885	4.7290712E-003
0.886	4.7020768E-003
0.887	4.6806466E-003
0.888	4.6540666E-003
0.889	4.6329629E-003
0.89	4.6067932E-003
0.891	4.5808353E-003
0.892	4.5602280E-003
0.893	4.5346720E-003
0.894	4.5143776E-003
0.895	4.4891979E-003
0.896	4.4692098E-003
0.897	4.4444171E-003
0.898	4.4198204E-003
0.899	4.4002929E-003
0.9	4.3760762E-003
0.901	4.3568267E-003
0.902	4.3329736E-003
0.903	4.3092999E-003
0.904	4.2905021E-003
0.905	4.2671817E-003
0.906	4.2486503E-003
0.907	4.2256732E-003
0.908	4.2028711E-003
0.909	4.1847727E-003
0.91	4.1623022E-003
0.911	4.1400241E-003
0.912	4.1223154E-003
0.913	4.1003576E-003
0.914	4.0785633E-003
0.915	4.0612626E-003
0.916	4.0397765E-003
0.917	4.0184897E-003
0.918	4.0015532E-003
0.919	3.9805621E-003
0.92	3.9597056E-003
0.921	3.9431574E-003
0.922	3.9226166E-003
0.923	3.9022290E-003
0.924	3.8820072E-003
0.925	3.8659307E-003
0.926	3.8459860E-003
0.927	3.8261989E-003
0.928	3.8065698E-003
0.929	3.7909581E-003
0.93	3.7715838E-003
0.931	3.7523685E-003
0.932	3.7333039E-003
0.933	3.7181540E-003
0.934	3.6993527E-003
0.935	3.6806755E-003
0.936	3.6621478E-003
0.937	3.6474334E-003
0.938	3.6291478E-003
0.939	3.6110219E-003
0.94	3.5930057E-003
0.941	3.5751432E-003
0.942	3.5609456E-003
0.943	3.5433110E-003
0.944	3.5258168E-003
0.945	3.5084472E-003
0.946	3.4912082E-003
0.947	3.4740996E-003
0.948	3.4605009E-003
0.949	3.4436083E-003
0.95	3.4268375E-003
0.951	3.4102018E-003
0.952	3.3936799E-003
0.953	3.3772793E-003
0.954	3.3609974E-003
0.955	3.3480602E-003
0.956	3.3319865E-003
0.957	3.3160341E-003
0.958	3.3001956E-003
0.959	3.2844706E-003
0.96	3.2688521E-003
0.961	3.2533475E-003
0.962	3.2379506E-003
0.963	3.2226725E-003
0.964	3.2074947E-003
0.965	3.1924332E-003
0.966	3.1804522E-003
0.967	3.1655747E-003
0.968	3.1507944E-003
0.969	3.1361312E-003
0.97	3.1215658E-003
0.971	3.1070895E-003
0.972	3.0927274E-003
0.973	3.0784642E-003
0.974	3.0642969E-003
0.975	3.0502281E-003
0.976	3.0362543E-003
0.977	3.0223774E-003
0.978	3.0085959E-003
0.979	2.9949062E-003
0.98	2.9813151E-003
0.981	2.9678114E-003
0.982	2.9544018E-003
0.983	2.9410769E-003
0.984	2.9278516E-003
0.985	2.9147228E-003
0.986	2.9016659E-003
0.987	2.8887053E-003
0.988	2.8758212E-003
0.989	2.8630311E-003
0.99	2.8503241E-003
0.991	2.8377094E-003
0.992	2.8226711E-003
0.993	2.8102293E-003
0.994	2.7978790E-003
0.995	2.7855984E-003
0.996	2.7734071E-003
0.997	2.7612925E-003
0.998	2.7492642E-003
0.999	2.7373040E-003
1	2.7254280E-003
1.001	2.7136356E-003
1.002	2.7019021E-003
1.003	2.6879397E-003
1.004	2.6763799E-003
1.005	2.6649055E-003
1.006	2.6534882E-003
1.007	2.6421517E-003
1.008	2.6308920E-003
1.009	2.6196968E-003
1.01	2.6063658E-003
1.011	2.5953352E-003
1.012	2.5843605E-003
1.013	2.5734766E-003
1.014	2.5626461E-003
1.015	2.5518863E-003
1.016	2.5390668E-003
1.017	2.5284479E-003
1.018	2.5179146E-003
1.019	2.5074342E-003
1.02	2.4970220E-003
1.021	2.4846124E-003
1.022	2.4743455E-003
1.023	2.4641398E-003
1.024	2.4540003E-003
1.025	2.4419033E-003
1.026	2.4318951E-003
1.027	2.4219512E-003
1.028	2.4120715E-003
1.029	2.4002881E-003
1.03	2.3905369E-003
1.031	2.3808428E-003
1.032	2.3712139E-003
1.033	2.3597293E-003
1.034	2.3502270E-003
1.035	2.3407778E-003
1.036	2.3295153E-003
1.037	2.3201858E-003
1.038	2.3109175E-003
1.039	2.3017067E-003
1.04	2.2907339E-003
1.041	2.2816381E-003
1.042	2.2725982E-003
1.043	2.2618305E-003
1.044	2.2529045E-003
1.045	2.2440348E-003
1.046	2.2334710E-003
1.047	2.2247143E-003
1.048	2.2160141E-003
1.049	2.2056426E-003
1.05	2.1970505E-003
1.051	2.1868127E-003
1.052	2.1783318E-003
1.053	2.1699024E-003
1.054	2.1598507E-003
1.055	2.1515309E-003
1.056	2.1432566E-003
1.057	2.1333857E-003
1.058	2.1252183E-003
1.059	2.1154722E-003
1.06	2.1074011E-003
1.061	2.0993885E-003
1.062	2.0898147E-003
1.063	2.0818955E-003
1.064	2.0724502E-003
1.065	2.0654141E-003
1.066	2.0560711E-003
1.067	2.0483399E-003
1.068	2.0391175E-003
1.069	2.0314923E-003
1.07	2.0223833E-003
1.071	2.0148421E-003
1.072	2.0073461E-003
1.073	1.9983994E-003
1.074	1.9909930E-003
1.075	1.9821599E-003
1.076	1.9748411E-003
1.077	1.9661160E-003
1.078	1.9588880E-003
1.079	1.9502692E-003
1.08	1.9431273E-003
1.081	1.9346074E-003
1.082	1.9261478E-003
1.083	1.9191409E-003
1.084	1.9107835E-003
1.085	1.9038520E-003
1.086	1.8955913E-003
1.087	1.8887533E-003
1.088	1.8805874E-003
1.089	1.8738263E-003
1.09	1.8657576E-003
1.091	1.8590763E-003
1.092	1.8511072E-003
1.093	1.8431838E-003
1.094	1.8366303E-003
1.095	1.8287986E-003
1.096	1.8223146E-003
1.097	1.8145789E-003
1.098	1.8068930E-003
1.099	1.8005274E-003
1.1	1.7929295E-003
1.101	1.7866367E-003
1.102	1.7791253E-003
1.103	1.7716640E-003
1.104	1.7654860E-003
1.105	1.7581007E-003
1.106	1.7507698E-003
1.107	1.7447000E-003
1.108	1.7374515E-003
1.109	1.7302498E-003
1.11	1.7242848E-003
1.111	1.7171664E-003
1.112	1.7100893E-003
1.113	1.7042303E-003
1.114	1.6972233E-003
1.115	1.6902763E-003
1.116	1.6845202E-003
1.117	1.6776400E-003
1.118	1.6708113E-003
1.119	1.6640193E-003
1.12	1.6583831E-003
1.121	1.6516758E-003
1.122	1.6449970E-003
1.123	1.6394664E-003
1.124	1.6328645E-003
1.125	1.6263069E-003
1.126	1.6197882E-003
1.127	1.6143793E-003
1.128	1.6079282E-003
1.129	1.6015171E-003
1.13	1.5951443E-003
1.131	1.5888102E-003
1.132	1.5835618E-003
1.133	1.5772925E-003
1.134	1.5710678E-003
1.135	1.5648728E-003
1.136	1.5587165E-003
1.137	1.5536178E-003
1.138	1.5475281E-003
1.139	1.5414727E-003
1.14	1.5354573E-003
1.141	1.5294719E-003
1.142	1.5245117E-003
1.143	1.5185951E-003
1.144	1.5127072E-003
1.145	1.5068623E-003
1.146	1.5010362E-003
1.147	1.4952620E-003
1.148	1.4895091E-003
1.149	1.4847433E-003
1.15	1.4790521E-003
1.151	1.4733998E-003
1.152	1.4677756E-003
1.153	1.4621826E-003
1.154	1.4566220E-003
1.155	1.4510948E-003
1.156	1.4455998E-003
1.157	1.4401339E-003
1.158	1.4356022E-003
1.159	1.4301927E-003
1.16	1.4248133E-003
1.161	1.4194684E-003
1.162	1.4141497E-003
1.163	1.4088593E-003
1.164	1.4036048E-003
1.165	1.3983774E-003
1.166	1.3931739E-003
1.167	1.3880057E-003
1.168	1.3828593E-003
1.169	1.3777500E-003
1.17	1.3726635E-003
1.171	1.3676077E-003
1.172	1.3625808E-003
1.173	1.3575827E-003
1.174	1.3526033E-003
1.175	1.3476547E-003
1.176	1.3427385E-003
1.177	1.3378491E-003
1.178	1.3329815E-003
1.179	1.3281401E-003
1.18	1.3233273E-003
1.181	1.3185388E-003
1.182	1.3137762E-003
1.183	1.3090415E-003
1.184	1.3043329E-003
1.185	1.2996446E-003
1.186	1.2949898E-003
1.187	1.2903609E-003
1.188	1.2857486E-003
1.189	1.2811667E-003
1.19	1.2766012E-003
1.191	1.2713174E-003
1.192	1.2668093E-003
1.193	1.2623172E-003
1.194	1.2578641E-003
1.195	1.2534288E-003
1.196	1.2490139E-003
1.197	1.2446248E-003
1.198	1.2402580E-003
1.199	1.2359142E-003
1.2	1.2308796E-003
1.201	1.2265855E-003
1.202	1.2223150E-003
1.203	1.2180606E-003
1.204	1.2138353E-003
1.205	1.2096303E-003
1.206	1.2054505E-003
1.207	1.2005953E-003
1.208	1.1964567E-003
1.209	1.1923441E-003
1.21	1.1882500E-003
1.211	1.1841747E-003
1.212	1.1801214E-003
1.213	1.1754204E-003
1.214	1.1714158E-003
1.215	1.1674298E-003
1.216	1.1634619E-003
1.217	1.1588566E-003
1.218	1.1549385E-003
1.219	1.1510360E-003
1.22	1.1471491E-003
1.221	1.1432884E-003
1.222	1.1388055E-003
1.223	1.1349826E-003
1.224	1.1311845E-003
1.225	1.1273992E-003
1.226	1.1230070E-003
1.227	1.1192636E-003
1.228	1.1155424E-003
1.229	1.1112196E-003
1.23	1.1075371E-003
1.231	1.1038725E-003
1.232	1.1002244E-003
1.233	1.0959930E-003
1.234	1.0923858E-003
1.235	1.0887948E-003
1.236	1.0846300E-003
1.237	1.0810762E-003
1.238	1.0775402E-003
1.239	1.0734409E-003
1.24	1.0699425E-003
1.241	1.0664597E-003
1.242	1.0624221E-003
1.243	1.0589827E-003
1.244	1.0555517E-003
1.245	1.0515768E-003
1.246	1.0481850E-003
1.247	1.0448130E-003
1.248	1.0408948E-003
1.249	1.0375513E-003
1.25	1.0336780E-003
1.251	1.0303759E-003
1.252	1.0270861E-003
1.253	1.0232673E-003
1.254	1.0200150E-003
1.255	1.0162367E-003
1.256	1.0130139E-003
1.257	1.0098078E-003
1.258	1.0060883E-003
1.259	1.0029138E-003
1.26	9.9923112E-004
1.261	9.9608768E-004
1.262	9.9244365E-004
1.263	9.8933361E-004
1.264	9.8623848E-004
1.265	9.8264846E-004
1.266	9.7958348E-004
1.267	9.7602879E-004
1.268	9.7299495E-004
1.269	9.6947758E-004
1.27	9.6647325E-004
1.271	9.6299028E-004
1.272	9.6002064E-004
1.273	9.5657009E-004
1.274	9.5362886E-004
1.275	9.5021504E-004
1.276	9.4729842E-004
1.277	9.4391883E-004
1.278	9.4103545E-004
1.279	9.3768787E-004
1.28	9.3483477E-004
1.281	9.3151809E-004
1.282	9.2821848E-004
1.283	9.2540699E-004
1.284	9.2214183E-004
1.285	9.1935752E-004
1.286	9.1612391E-004
1.287	9.1336988E-004
1.288	9.1016642E-004
1.289	9.0698036E-004
1.29	9.0426469E-004
1.291	9.0111350E-004
1.292	8.9842250E-004
1.293	8.9530169E-004
1.294	8.9219172E-004
1.295	8.8954053E-004
1.296	8.8646676E-004
1.297	8.8384218E-004
1.298	8.8079402E-004
1.299	8.7775895E-004
1.3	8.7517314E-004
1.301	8.7217317E-004
1.302	8.6918595E-004
1.303	8.6663972E-004
1.304	8.6367986E-004
1.305	8.6073496E-004
1.306	8.5822376E-004
1.307	8.5530587E-004
1.308	8.5240748E-004
1.309	8.4993202E-004
1.31	8.4705767E-004
1.311	8.4419787E-004
1.312	8.4175990E-004
1.313	8.3892606E-004
1.314	8.3610648E-004
1.315	8.3330477E-004
1.316	8.3091011E-004
1.317	8.2813506E-004
1.318	8.2537276E-004
1.319	8.2301319E-004
1.32	8.2027586E-004
1.321	8.1754883E-004
1.322	8.1484026E-004
1.323	8.1252697E-004
1.324	8.0983824E-004
1.325	8.0716726E-004
1.326	8.0450549E-004
1.327	8.0186129E-004
1.328	7.9960446E-004
1.329	7.9698063E-004
1.33	7.9436880E-004
1.331	7.9177221E-004
1.332	7.8918977E-004
1.333	7.8698545E-004
1.334	7.8442506E-004
1.335	7.8187516E-004
1.336	7.7934132E-004
1.337	7.7681796E-004
1.338	7.7466702E-004
1.339	7.7216374E-004
1.34	7.6967193E-004
1.341	7.6719571E-004
1.342	7.6473213E-004
1.343	7.6228258E-004
1.344	7.5984205E-004
1.345	7.5776031E-004
1.346	7.5533695E-004
1.347	7.5293001E-004
1.348	7.5053412E-004
1.349	7.4814761E-004
1.35	7.4577524E-004
1.351	7.4341241E-004
1.352	7.4106309E-004
1.353	7.3872472E-004
1.354	7.3639560E-004
1.355	7.3440827E-004
1.356	7.3210086E-004
1.357	7.2980043E-004
1.358	7.2751474E-004
1.359	7.2523876E-004
1.36	7.2297326E-004
1.361	7.2071882E-004
1.362	7.1847247E-004
1.363	7.1624125E-004
1.364	7.1401562E-004
1.365	7.1180612E-004
1.366	7.0960337E-004
1.367	7.0740923E-004
1.368	7.0522894E-004
1.369	7.0305547E-004
1.37	7.0089445E-004
1.371	6.9873867E-004
1.372	6.9659797E-004
1.373	6.9446553E-004
1.374	6.9234142E-004
1.375	6.9022761E-004
1.376	6.8812829E-004
1.377	6.8603305E-004
1.378	6.8394816E-004
1.379	6.8187440E-004
1.38	6.7980657E-004
1.381	6.7775499E-004
1.382	6.7570532E-004
1.383	6.7366631E-004
1.384	6.7163981E-004
1.385	6.6962099E-004
1.386	6.6732574E-004
1.387	6.6532649E-004
1.388	6.6333386E-004
1.389	6.6135288E-004
1.39	6.5938174E-004
1.391	6.5741583E-004
1.392	6.5545982E-004
1.393	6.5351609E-004
1.394	6.5157784E-004
1.395	6.4964715E-004
1.396	6.4745510E-004
1.397	6.4554403E-004
1.398	6.4364413E-004
1.399	6.4174563E-004
1.4	6.3986197E-004
1.401	6.3798547E-004
1.402	6.3598045E-004
1.403	6.3411868E-004
1.404	6.3226616E-004
1.405	6.3042541E-004
1.406	6.2858965E-004
1.407	6.2675902E-004
1.408	6.2468287E-004
1.409	6.2287180E-004
1.41	6.2106742E-004
1.411	6.1927066E-004
1.412	6.1748468E-004
1.413	6.1545061E-004
1.414	6.1367790E-004
1.415	6.1191554E-004
1.416	6.1015988E-004
1.417	6.0816412E-004
1.418	6.0642150E-004
1.419	6.0469011E-004
1.42	6.0296961E-004
1.421	6.0100213E-004
1.422	5.9929542E-004
1.423	5.9759407E-004
1.424	5.9590000E-004
1.425	5.9397129E-004
1.426	5.9229060E-004
1.427	5.9062004E-004
1.428	5.8895547E-004
1.429	5.8706111E-004
1.43	5.8541133E-004
1.431	5.8376684E-004
1.432	5.8190123E-004
1.433	5.8027153E-004
1.434	5.7865045E-004
1.435	5.7680393E-004
1.436	5.7519565E-004
1.437	5.7359756E-004
1.438	5.7177898E-004
1.439	5.7019002E-004
1.44	5.6861108E-004
1.441	5.6681206E-004
1.442	5.6524732E-004
1.443	5.6346622E-004
1.444	5.6191545E-004
1.445	5.6037126E-004
1.446	5.5861368E-004
1.447	5.5708125E-004
1.448	5.5555714E-004
1.449	5.5382005E-004
1.45	5.5231038E-004
1.451	5.5058714E-004
1.452	5.4908823E-004
1.453	5.4738246E-004
1.454	5.4590002E-004
1.455	5.4441881E-004
1.456	5.4273615E-004
1.457	5.4127059E-004
1.458	5.3959968E-004
1.459	5.3814781E-004
1.46	5.3649215E-004
1.461	5.3505047E-004
1.462	5.3340959E-004
1.463	5.3198135E-004
1.464	5.3035369E-004
1.465	5.2893895E-004
1.466	5.2732509E-004
1.467	5.2592199E-004
1.468	5.2432169E-004
1.469	5.2292930E-004
1.47	5.2154274E-004
1.471	5.1996578E-004
1.472	5.1839231E-004
1.473	5.1702495E-004
1.474	5.1546504E-004
1.475	5.1410805E-004
1.476	5.1256106E-004
1.477	5.1121600E-004
1.478	5.0968392E-004
1.479	5.0834799E-004
1.48	5.0683034E-004
1.481	5.0550693E-004
1.482	5.0400046E-004
1.483	5.0249894E-004
1.484	5.0119468E-004
1.485	4.9970596E-004
1.486	4.9840903E-004
1.487	4.9693754E-004
1.488	4.9546768E-004
1.489	4.9418723E-004
1.49	4.9273286E-004
1.491	4.9146428E-004
1.492	4.9001881E-004
1.493	4.8857991E-004
1.494	4.8732891E-004
1.495	4.8590350E-004
1.496	4.8448276E-004
1.497	4.8324585E-004
1.498	4.8183865E-004
1.499	4.8061318E-004
1.5	4.7921296E-004
1.501	4.7782520E-004
1.502	4.7661283E-004
1.503	4.7523339E-004
1.504	4.7386001E-004
1.505	4.7249268E-004
1.506	4.7130007E-004
1.507	4.6994409E-004
1.508	4.6859484E-004
1.509	4.6741866E-004
1.51	4.6607823E-004
1.511	4.6474524E-004
1.512	4.6341741E-004
1.513	4.6226115E-004
1.514	4.6094347E-004
1.515	4.5963144E-004
1.516	4.5848885E-004
1.517	4.5718774E-004
1.518	4.5589154E-004
1.519	4.5459790E-004
1.52	4.5347531E-004
1.521	4.5219541E-004
1.522	4.5092037E-004
1.523	4.4965078E-004
1.524	4.4838965E-004
1.525	4.4728731E-004
1.526	4.4603206E-004
1.527	4.4478479E-004
1.528	4.4354334E-004
1.529	4.4230299E-004
1.53	4.4122327E-004
1.531	4.3999520E-004
1.532	4.3877185E-004
1.533	4.3755295E-004
1.534	4.3634011E-004
1.535	4.3513314E-004
1.536	4.3407813E-004
1.537	4.3287894E-004
1.538	4.3168489E-004
1.539	4.3049824E-004
1.54	4.2931159E-004
1.541	4.2813370E-004
1.542	4.2695872E-004
1.543	4.2593660E-004
1.544	4.2477335E-004
1.545	4.2361155E-004
1.546	4.2245691E-004
1.547	4.2130431E-004
1.548	4.2015739E-004
1.549	4.1901626E-004
1.55	4.1788045E-004
1.551	4.1674759E-004
1.552	4.1562016E-004
1.553	4.1449699E-004
1.554	4.1337777E-004
1.555	4.1240317E-004
1.556	4.1129242E-004
1.557	4.1018581E-004
1.558	4.0908461E-004
1.559	4.0798879E-004
1.56	4.0689693E-004
1.561	4.0580766E-004
1.562	4.0472517E-004
1.563	4.0364460E-004
1.564	4.0257131E-004
1.565	4.0150053E-004
1.566	4.0043227E-004
1.567	3.9936919E-004
1.568	3.9831141E-004
1.569	3.9725882E-004
1.57	3.9620858E-004
1.571	3.9516561E-004
1.572	3.9412297E-004
1.573	3.9308553E-004
1.574	3.9205301E-004
1.575	3.9102434E-004
1.576	3.8999933E-004
1.577	3.8885252E-004
1.578	3.8783447E-004
1.579	3.8682157E-004
1.58	3.8581219E-004
1.581	3.8480852E-004
1.582	3.8380644E-004
1.583	3.8281048E-004
1.584	3.8181682E-004
1.585	3.8083008E-004
1.586	3.7984221E-004
1.587	3.7886188E-004
1.588	3.7788236E-004
1.589	3.7678977E-004
1.59	3.7582073E-004
1.591	3.7485390E-004
1.592	3.7389185E-004
1.593	3.7299420E-004
1.594	3.7203811E-004
1.595	3.7108749E-004
1.596	3.7002258E-004
1.597	3.6907633E-004
1.598	3.6813738E-004
1.599	3.6719977E-004
1.6	3.6626871E-004
1.601	3.6534018E-004
1.602	3.6429835E-004
1.603	3.6337617E-004
1.604	3.6245849E-004
1.605	3.6154219E-004
1.606	3.6063226E-004
1.607	3.5961109E-004
1.608	3.5870785E-004
1.609	3.5780715E-004
1.61	3.5690781E-004
1.611	3.5601598E-004
1.612	3.5501446E-004
1.613	3.5412662E-004
1.614	3.5324256E-004
1.615	3.5236354E-004
1.616	3.5137672E-004
1.617	3.5050279E-004
1.618	3.4963386E-004
1.619	3.4876735E-004
1.62	3.4779552E-004
1.621	3.4693649E-004
1.622	3.4607996E-004
1.623	3.4511954E-004
1.624	3.4427037E-004
1.625	3.4342241E-004
1.626	3.4257921E-004
1.627	3.4163281E-004
1.628	3.4079698E-004
1.629	3.3996342E-004
1.63	3.3902863E-004
1.631	3.3819998E-004
1.632	3.3737719E-004
1.633	3.3645218E-004
1.634	3.3563410E-004
1.635	3.3471748E-004
1.636	3.3390417E-004
1.637	3.3309433E-004
1.638	3.3218839E-004
1.639	3.3138559E-004
1.64	3.3058671E-004
1.641	3.2969145E-004
1.642	3.2889534E-004
1.643	3.2810611E-004
1.644	3.2722077E-004
1.645	3.2643491E-004
1.646	3.2555516E-004
1.647	3.2477677E-004
1.648	3.2390494E-004
1.649	3.2313151E-004
1.65	3.2236250E-004
1.651	3.2149846E-004
1.652	3.2073443E-004
1.653	3.1987767E-004
1.654	3.1911960E-004
1.655	3.1826893E-004
1.656	3.1751630E-004
1.657	3.1667147E-004
1.658	3.1592479E-004
1.659	3.1508770E-004
1.66	3.1434576E-004
1.661	3.1360696E-004
1.662	3.1278003E-004
1.663	3.1204656E-004
1.664	3.1122318E-004
1.665	3.1049488E-004
1.666	3.0968056E-004
1.667	3.0895739E-004
1.668	3.0814877E-004
1.669	3.0734250E-004
1.67	3.0662774E-004
1.671	3.0582707E-004
1.672	3.0511798E-004
1.673	3.0432284E-004
1.674	3.0361812E-004
1.675	3.0282961E-004
1.676	3.0213207E-004
1.677	3.0134796E-004
1.678	3.0065485E-004
1.679	2.9987658E-004
1.68	2.9910222E-004
1.681	2.9841720E-004
1.682	2.9764816E-004
1.683	2.9696844E-004
1.684	2.9620470E-004
1.685	2.9544422E-004
1.686	2.9477023E-004
1.687	2.9401499E-004
1.688	2.9334845E-004
1.689	2.9259839E-004
1.69	2.9185260E-004
1.691	2.9119093E-004
1.692	2.9045140E-004
1.693	2.8971178E-004
1.694	2.8905831E-004
1.695	2.8832586E-004
1.696	2.8759448E-004
1.697	2.8694794E-004
1.698	2.8622418E-004
1.699	2.8550086E-004
1.7	2.8486014E-004
1.701	2.8414276E-004
1.702	2.8343062E-004
1.703	2.8279622E-004
1.704	2.8208789E-004
1.705	2.8138154E-004
1.706	2.8067717E-004
1.707	2.8005382E-004
1.708	2.7935626E-004
1.709	2.7865861E-004
1.71	2.7804237E-004
1.711	2.7735159E-004
1.712	2.7666270E-004
1.713	2.7597568E-004
1.714	2.7536816E-004
1.715	2.7468681E-004
1.716	2.7400744E-004
1.717	2.7333191E-004
1.718	2.7265886E-004
1.719	2.7206106E-004
1.72	2.7139092E-004
1.721	2.7072427E-004
1.722	2.7006090E-004
1.723	2.6939841E-004
1.724	2.6881156E-004
1.725	2.6815498E-004
1.726	2.6750076E-004
1.727	2.6684636E-004
1.728	2.6619766E-004
1.729	2.6562123E-004
1.73	2.6497594E-004
1.731	2.6433333E-004
1.732	2.6372724E-004
1.733	2.6308961E-004
1.734	2.6245319E-004
1.735	2.6181803E-004
1.736	2.6125665E-004
1.737	2.6062617E-004
1.738	2.5999846E-004
1.739	2.5937293E-004
1.74	2.5875054E-004
1.741	2.5812880E-004
1.742	2.5751072E-004
1.743	2.5689584E-004
1.744	2.5634971E-004
1.745	2.5573740E-004
1.746	2.5512674E-004
1.747	2.5451966E-004
1.748	2.5391369E-004
1.749	2.5330984E-004
1.75	2.5270961E-004
1.751	2.5210949E-004
1.752	2.5151239E-004
1.753	2.5091929E-004
1.754	2.5032437E-004
1.755	2.4973394E-004
1.756	2.4914654E-004
1.757	2.4856019E-004
1.758	2.4797540E-004
1.759	2.4739167E-004
1.76	2.4681186E-004
1.761	2.4623596E-004
1.762	2.4565822E-004
1.763	2.4508298E-004
1.764	2.4451251E-004
1.765	2.4394268E-004
1.766	2.4337192E-004
1.767	2.4280643E-004
1.768	2.4224147E-004
1.769	2.4168030E-004
1.77	2.4112067E-004
1.771	2.4056195E-004
1.772	2.4000472E-004
1.773	2.3944983E-004
1.774	2.3889687E-004
1.775	2.3834546E-004
1.776	2.3779944E-004
1.777	2.3725267E-004
1.778	2.3670583E-004
1.779	2.3610379E-004
1.78	2.3556176E-004
1.781	2.3502257E-004
1.782	2.3448656E-004
1.783	2.3395059E-004
1.784	2.3341642E-004
1.785	2.3288408E-004
1.786	2.3235356E-004
1.787	2.3182530E-004
1.788	2.3124029E-004
1.789	2.3071581E-004
1.79	2.3019352E-004
1.791	2.2967304E-004
1.792	2.2915298E-004
1.793	2.2863729E-004
1.794	2.2812118E-004
1.795	2.2754991E-004
1.796	2.2703745E-004
1.797	2.2652578E-004
1.798	2.2601862E-004
1.799	2.2551401E-004
1.8	2.2495221E-004
1.801	2.2444986E-004
1.802	2.2394526E-004
1.803	2.2344543E-004
1.804	2.2294861E-004
1.805	2.2239619E-004
1.806	2.2190194E-004
1.807	2.2140988E-004
1.808	2.2091903E-004
1.809	2.2037266E-004
1.81	2.1988610E-004
1.811	2.1939914E-004
1.812	2.1891455E-004
1.813	2.1837893E-004
1.814	2.1789729E-004
1.815	2.1741647E-004
1.816	2.1693853E-004
1.817	2.1640839E-004
1.818	2.1593295E-004
1.819	2.1546087E-004
1.82	2.1493642E-004
1.821	2.1446636E-004
1.822	2.1399789E-004
1.823	2.1353227E-004
1.824	2.1301438E-004
1.825	2.1254946E-004
1.826	2.1209070E-004
1.827	2.1157510E-004
1.828	2.1111827E-004
1.829	2.1065972E-004
1.83	2.1015470E-004
1.831	2.0969847E-004
1.832	2.0924667E-004
1.833	2.0874540E-004
1.834	2.0829431E-004
1.835	2.0779610E-004
1.836	2.0735012E-004
1.837	2.0690405E-004
1.838	2.0641118E-004
1.839	2.0596858E-004
1.84	2.0547985E-004
1.841	2.0503996E-004
1.842	2.0460233E-004
1.843	2.0411875E-004
1.844	2.0368201E-004
1.845	2.0322294E-004
1.846	2.0279338E-004
1.847	2.0236270E-004
1.848	2.0188531E-004
1.849	2.0145891E-004
1.85	2.0098509E-004
1.851	2.0055895E-004
1.852	2.0008792E-004
1.853	1.9966580E-004
1.854	1.9919685E-004
1.855	1.9878011E-004
1.856	1.9831356E-004
1.857	1.9789857E-004
1.858	1.9743612E-004
1.859	1.9702170E-004
1.86	1.9656433E-004
1.861	1.9615372E-004
1.862	1.9569744E-004
1.863	1.9528862E-004
1.864	1.9483763E-004
1.865	1.9443285E-004
1.866	1.9398410E-004
1.867	1.9358093E-004
1.868	1.9313455E-004
1.869	1.9273200E-004
1.87	1.9228895E-004
1.871	1.9189282E-004
1.872	1.9145082E-004
1.873	1.9101286E-004
1.874	1.9061846E-004
1.875	1.9018281E-004
1.876	1.8979162E-004
1.877	1.8935789E-004
1.878	1.8892558E-004
1.879	1.8853744E-004
1.88	1.8811005E-004
1.881	1.8772516E-004
1.882	1.8729702E-004
1.883	1.8687431E-004
1.884	1.8649097E-004
1.885	1.8607054E-004
1.886	1.8569188E-004
1.887	1.8527174E-004
1.888	1.8485292E-004
1.889	1.8448028E-004
1.89	1.8406630E-004
1.891	1.8365181E-004
1.892	1.8327737E-004
1.893	1.8286663E-004
1.894	1.8245970E-004
1.895	1.8209117E-004
1.896	1.8168625E-004
1.897	1.8127629E-004
1.898	1.8091327E-004
1.899	1.8051149E-004
1.9	1.8010871E-004
1.901	1.7970594E-004
1.902	1.7934793E-004
1.903	1.7895154E-004
1.904	1.7855312E-004
1.905	1.7819756E-004
1.906	1.7780393E-004
1.907	1.7741117E-004
1.908	1.7701791E-004
1.909	1.7666761E-004
1.91	1.7627912E-004
1.911	1.7589034E-004
1.912	1.7550544E-004
1.913	1.7515954E-004
1.914	1.7477355E-004
1.915	1.7438976E-004
1.916	1.7401004E-004
1.917	1.7362830E-004
1.918	1.7328822E-004
1.919	1.7291117E-004
1.92	1.7253339E-004
1.921	1.7215675E-004
1.922	1.7178390E-004
1.923	1.7140896E-004
1.924	1.7107524E-004
1.925	1.7070361E-004
1.926	1.7033410E-004
1.927	1.6996718E-004
1.928	1.6959803E-004
1.929	1.6923287E-004
1.93	1.6890407E-004
1.931	1.6854181E-004
1.932	1.6817776E-004
1.933	1.6781728E-004
1.934	1.6745785E-004
1.935	1.6709643E-004
1.936	1.6673852E-004
1.937	1.6638309E-004
1.938	1.6606312E-004
1.939	1.6572523E-004
1.94	1.6537080E-004
1.941	1.6501843E-004
1.942	1.6466853E-004
1.943	1.6431665E-004
1.944	1.6396825E-004
1.945	1.6362082E-004
1.946	1.6327298E-004
1.947	1.6292847E-004
1.948	1.6258219E-004
1.949	1.6223945E-004
1.95	1.6189614E-004
1.951	1.6155484E-004
1.952	1.6121729E-004
1.953	1.6087643E-004
1.954	1.6053779E-004
1.955	1.6020110E-004
1.956	1.5986265E-004
1.957	1.5952902E-004
1.958	1.5919632E-004
1.959	1.5886295E-004
1.96	1.5853174E-004
1.961	1.5819995E-004
1.962	1.5787165E-004
1.963	1.5754141E-004
1.964	1.5721463E-004
1.965	1.5688594E-004
1.966	1.5656203E-004
1.967	1.5623741E-004
1.968	1.5591366E-004
1.969	1.5559208E-004
1.97	1.5526854E-004
1.971	1.5494840E-004
1.972	1.5462903E-004
1.973	1.5431034E-004
1.974	1.5399250E-004
1.975	1.5367528E-004
1.976	1.5336020E-004
1.977	1.5301423E-004
1.978	1.5270062E-004
1.979	1.5238649E-004
1.98	1.5207565E-004
1.981	1.5176569E-004
1.982	1.5145629E-004
1.983	1.5114615E-004
1.984	1.5083687E-004
1.985	1.5050113E-004
1.986	1.5019580E-004
1.987	1.4989002E-004
1.988	1.4958493E-004
1.989	1.4928180E-004
1.99	1.4898086E-004
1.991	1.4867785E-004
1.992	1.4834892E-004
1.993	1.4804864E-004
1.994	1.4775028E-004
1.995	1.4745267E-004
1.996	1.4715438E-004
1.997	1.4683053E-004
1.998	1.4653496E-004
1.999	1.4624132E-004
2	1.4594840E-004
2.001	1.4565613E-004
2.002	1.4533481E-004
2.003	1.4504518E-004
2.004	1.4475620E-004
2.005	1.4446788E-004
2.006	1.4415047E-004
2.007	1.4386223E-004
2.008	1.4357711E-004
2.009	1.4329147E-004
2.01	1.4297977E-004
2.011	1.4269543E-004
2.012	1.4241420E-004
2.013	1.4210322E-004
2.014	1.4182334E-004
2.015	1.4154283E-004
2.016	1.4126435E-004
2.017	1.4095749E-004
2.018	1.4068132E-004
2.019	1.4040458E-004
2.02	1.4009982E-004
2.021	1.3982558E-004
2.022	1.3956636E-004
2.023	1.3926612E-004
2.024	1.3899124E-004
2.025	1.3872066E-004
2.026	1.3842246E-004
2.027	1.3815329E-004
2.028	1.3788456E-004
2.029	1.3758946E-004
2.03	1.3732087E-004
2.031	1.3702865E-004
2.032	1.3676357E-004
2.033	1.3649669E-004
2.034	1.3620748E-004
2.035	1.3594300E-004
2.036	1.3568028E-004
2.037	1.3539064E-004
2.038	1.3513168E-004
2.039	1.3484557E-004
2.04	1.3458548E-004
2.041	1.3430095E-004
2.042	1.3404422E-004
2.043	1.3378559E-004
2.044	1.3350289E-004
2.045	1.3324787E-004
2.046	1.3296893E-004
2.047	1.3271403E-004
2.048	1.3243365E-004
2.049	1.3218092E-004
2.05	1.3190553E-004
2.051	1.3165412E-004
2.052	1.3137877E-004
2.053	1.3112951E-004
2.054	1.3085554E-004
2.055	1.3060855E-004
2.056	1.3033567E-004
2.057	1.3008760E-004
2.058	1.2981810E-004
2.059	1.2957347E-004
2.06	1.2930420E-004
2.061	1.2906050E-004
2.062	1.2879372E-004
2.063	1.2855229E-004
2.064	1.2828539E-004
2.065	1.2804514E-004
2.066	1.2778056E-004
2.067	1.2754029E-004
2.068	1.2727799E-004
2.069	1.2701636E-004
2.07	1.2677883E-004
2.071	1.2651947E-004
2.072	1.2628283E-004
2.073	1.2602366E-004
2.074	1.2579048E-004
2.075	1.2553207E-004
2.076	1.2527578E-004
2.077	1.2504301E-004
2.078	1.2478752E-004
2.079	1.2455805E-004
2.08	1.2430393E-004
2.081	1.2405126E-004
2.082	1.2382220E-004
2.083	1.2357206E-004
2.084	1.2332106E-004
2.085	1.2309350E-004
2.086	1.2284503E-004
2.087	1.2259679E-004
2.088	1.2237189E-004
2.089	1.2212388E-004
2.09	1.2187953E-004
2.091	1.2165608E-004
2.092	1.2140987E-004
2.093	1.2116712E-004
2.094	1.2094629E-004
2.095	1.2070263E-004
2.096	1.2047249E-004
2.097	1.2023217E-004
2.098	1.2001192E-004
2.099	1.1977375E-004
2.1	1.1953596E-004
2.101	1.1931729E-004
2.102	1.1907955E-004
2.103	1.1884328E-004
2.104	1.1860644E-004
2.105	1.1839296E-004
2.106	1.1815824E-004
2.107	1.1792310E-004
2.108	1.1769062E-004
2.109	1.1745839E-004
2.11	1.1724617E-004
2.111	1.1701411E-004
2.112	1.1678355E-004
2.113	1.1655469E-004
2.114	1.1634537E-004
2.115	1.1611829E-004
2.116	1.1588876E-004
2.117	1.1566174E-004
2.118	1.1543428E-004
2.119	1.1520828E-004
2.12	1.1500379E-004
2.121	1.1477890E-004
2.122	1.1455538E-004
2.123	1.1433146E-004
2.124	1.1410998E-004
2.125	1.1388704E-004
2.126	1.1368414E-004
2.127	1.1346289E-004
2.128	1.1324239E-004
2.129	1.1302329E-004
2.13	1.1280589E-004
2.131	1.1258667E-004
2.132	1.1236812E-004
2.133	1.1215105E-004
2.134	1.1195256E-004
2.135	1.1173850E-004
2.136	1.1152281E-004
2.137	1.1130850E-004
2.138	1.1109375E-004
2.139	1.1088155E-004
2.14	1.1066862E-004
2.141	1.1045629E-004
2.142	1.1024428E-004
2.143	1.1003388E-004
2.144	1.0982279E-004
2.145	1.0961331E-004
2.146	1.0940430E-004
2.147	1.0919572E-004
2.148	1.0898642E-004
2.149	1.0877977E-004
2.15	1.0857241E-004
2.151	1.0836664E-004
2.152	1.0816117E-004
2.153	1.0795627E-004
2.154	1.0775065E-004
2.155	1.0754767E-004
2.156	1.0734292E-004
2.157	1.0714079E-004
2.158	1.0693806E-004
2.159	1.0673676E-004
2.16	1.0653593E-004
2.161	1.0633547E-004
2.162	1.0614490E-004
2.163	1.0594630E-004
2.164	1.0574715E-004
2.165	1.0554722E-004
2.166	1.0535087E-004
2.167	1.0515284E-004
2.168	1.0495645E-004
2.169	1.0476024E-004
2.17	1.0456553E-004
2.171	1.0437013E-004
2.172	1.0417525E-004
2.173	1.0396493E-004
2.174	1.0377091E-004
2.175	1.0357842E-004
2.176	1.0338510E-004
2.177	1.0319513E-004
2.178	1.0300369E-004
2.179	1.0281364E-004
2.18	1.0262300E-004
2.181	1.0241524E-004
2.182	1.0222741E-004
2.183	1.0203786E-004
2.184	1.0185080E-004
2.185	1.0166316E-004
2.186	1.0147590E-004
2.187	1.0127278E-004
2.188	1.0108730E-004
2.189	1.0090125E-004
2.19	1.0071640E-004
2.191	1.0053303E-004
2.192	1.0033190E-004
2.193	1.0014838E-004
2.194	9.9967132E-005
2.195	9.9784331E-005
2.196	9.9601915E-005
2.197	9.9404941E-005
2.198	9.9223187E-005
2.199	9.9042845E-005
2.2	9.8862794E-005
2.201	9.8685130E-005
2.202	9.8490171E-005
2.203	9.8310404E-005
2.204	9.8132907E-005
2.205	9.7940967E-005
2.206	9.7764219E-005
2.207	9.7586890E-005
2.208	9.7411808E-005
2.209	9.7220502E-005
2.21	9.7046286E-005
2.211	9.6871219E-005
2.212	9.6681251E-005
2.213	9.6507989E-005
2.214	9.6335985E-005
2.215	9.6163421E-005
2.216	9.5975847E-005
2.217	9.5803996E-005
2.218	9.5633382E-005
2.219	9.5447096E-005
2.22	9.5277217E-005
2.221	9.5107731E-005
2.222	9.4922434E-005
2.223	9.4762094E-005
2.224	9.4578572E-005
2.225	9.4411371E-005
2.226	9.4244402E-005
2.227	9.4061135E-005
2.228	9.3895076E-005
2.229	9.3729243E-005
2.23	9.3548770E-005
2.231	9.3383758E-005
2.232	9.3204981E-005
2.233	9.3040515E-005
2.234	9.2877293E-005
2.235	9.2699695E-005
2.236	9.2536233E-005
2.237	9.2359398E-005
2.238	9.2198432E-005
2.239	9.2021284E-005
2.24	9.1860056E-005
2.241	9.1700167E-005
2.242	9.1525013E-005
2.243	9.1365670E-005
2.244	9.1192233E-005
2.245	9.1032649E-005
2.246	9.0859918E-005
2.247	9.0701884E-005
2.248	9.0530644E-005
2.249	9.0373353E-005
2.25	9.0202033E-005
2.251	9.0046182E-005
2.252	8.9877300E-005
2.253	8.9721099E-005
2.254	8.9551162E-005
2.255	8.9397436E-005
2.256	8.9228175E-005
2.257	8.9075220E-005
2.258	8.8908397E-005
2.259	8.8755813E-005
2.26	8.8588808E-005
2.261	8.8436951E-005
2.262	8.8271503E-005
2.263	8.8107256E-005
2.264	8.7956214E-005
2.265	8.7791777E-005
2.266	8.7642453E-005
2.267	8.7478656E-005
2.268	8.7328939E-005
2.269	8.7166685E-005
2.27	8.7005632E-005
2.271	8.6857690E-005
2.272	8.6696396E-005
2.273	8.6548935E-005
2.274	8.6389176E-005
2.275	8.6228880E-005
2.276	8.6083375E-005
2.277	8.5924585E-005
2.278	8.5766114E-005
2.279	8.5621381E-005
2.28	8.5470252E-005
2.281	8.5326086E-005
2.282	8.5168860E-005
2.283	8.5012805E-005
2.284	8.4869505E-005
2.285	8.4714084E-005
2.286	8.4559782E-005
2.287	8.4417385E-005
2.288	8.4263724E-005
2.289	8.4110368E-005
2.29	8.3956496E-005
2.291	8.3816136E-005
2.292	8.3662882E-005
2.293	8.3510764E-005
2.294	8.3371990E-005
2.295	8.3221312E-005
2.296	8.3069266E-005
2.297	8.2918334E-005
2.298	8.2780702E-005
2.299	8.2630373E-005
2.3	8.2482024E-005
2.301	8.2333121E-005
2.302	8.2196580E-005
2.303	8.2048267E-005
2.304	8.1901104E-005
2.305	8.1753402E-005
2.306	8.1618011E-005
2.307	8.1471720E-005
2.308	8.1324892E-005
2.309	8.1180020E-005
2.31	8.1033781E-005
2.311	8.0902086E-005
2.312	8.0756428E-005
2.313	8.0611848E-005
2.314	8.0469224E-005
2.315	8.0324418E-005
2.316	8.0193320E-005
2.317	8.0050697E-005
2.318	7.9907557E-005
2.319	7.9766338E-005
2.32	7.9623765E-005
2.321	7.9482284E-005
2.322	7.9341909E-005
2.323	7.9212499E-005
2.324	7.9073456E-005
2.325	7.8932280E-005
2.326	7.8793892E-005
2.327	7.8654790E-005
2.328	7.8515324E-005
2.329	7.8377663E-005
2.33	7.8239493E-005
2.331	7.8100871E-005
2.332	7.7969176E-005
2.333	7.7844779E-005
2.334	7.7708435E-005
2.335	7.7571574E-005
2.336	7.7435783E-005
2.337	7.7300247E-005
2.338	7.7165059E-005
2.339	7.7030068E-005
2.34	7.6894539E-005
2.341	7.6761644E-005
2.342	7.6628239E-005
2.343	7.6494398E-005
2.344	7.6362303E-005
2.345	7.6228876E-005
2.346	7.6096483E-005
2.347	7.5964359E-005
2.348	7.5831726E-005
2.349	7.5701006E-005
2.35	7.5569631E-005
2.351	7.5439326E-005
2.352	7.5310054E-005
2.353	7.5179480E-005
2.354	7.5049247E-005
2.355	7.4919168E-005
2.356	7.4791664E-005
2.357	7.4662843E-005
2.358	7.4534306E-005
2.359	7.4406867E-005
2.36	7.4278825E-005
2.361	7.4151001E-005
2.362	7.4025062E-005
2.363	7.3897732E-005
2.364	7.3770658E-005
2.365	7.3644587E-005
2.366	7.3508978E-005
2.367	7.3382638E-005
2.368	7.3257317E-005
2.369	7.3133095E-005
2.37	7.3009018E-005
2.371	7.2885188E-005
2.372	7.2760922E-005
2.373	7.2637544E-005
2.374	7.2514391E-005
2.375	7.2381947E-005
2.376	7.2259303E-005
2.377	7.2136987E-005
2.378	7.2015449E-005
2.379	7.1894268E-005
2.38	7.1771887E-005
2.381	7.1656665E-005
2.382	7.1525879E-005
2.383	7.1406459E-005
2.384	7.1284914E-005
2.385	7.1165930E-005
2.386	7.1046350E-005
2.387	7.0916809E-005
2.388	7.0797694E-005
2.389	7.0679627E-005
2.39	7.0562441E-005
2.391	7.0443981E-005
2.392	7.0317263E-005
2.393	7.0199276E-005
2.394	7.0081609E-005
2.395	6.9965528E-005
2.396	6.9848902E-005
2.397	6.9723297E-005
2.398	6.9607988E-005
2.399	6.9492067E-005
2.4	6.9367183E-005
2.401	6.9252528E-005
2.402	6.9137262E-005
2.403	6.9022957E-005
2.404	6.8899732E-005
2.405	6.8785230E-005
2.406	6.8672300E-005
2.407	6.8559653E-005
2.408	6.8436646E-005
2.409	6.8323636E-005
2.41	6.8211542E-005
2.411	6.8090689E-005
2.412	6.7978399E-005
2.413	6.7866968E-005
2.414	6.7746070E-005
2.415	6.7635854E-005
2.416	6.7525034E-005
2.417	6.7404908E-005
2.418	6.7295339E-005
2.419	6.7185152E-005
2.42	6.7066328E-005
2.421	6.6957371E-005
2.422	6.6838897E-005
2.423	6.6730368E-005
2.424	6.6621906E-005
2.425	6.6504304E-005
2.426	6.6396984E-005
2.427	6.6289853E-005
2.428	6.6178567E-005
2.429	6.6070534E-005
2.43	6.5955413E-005
2.431	6.5848479E-005
2.432	6.5733620E-005
2.433	6.5627100E-005
2.434	6.5522072E-005
2.435	6.5406552E-005
2.436	6.5302702E-005
2.437	6.5187618E-005
2.438	6.5084168E-005
2.439	6.4970991E-005
2.44	6.4865759E-005
2.441	6.4753607E-005
2.442	6.4649466E-005
2.443	6.4547668E-005
2.444	6.4434076E-005
2.445	6.4331973E-005
2.446	6.4221553E-005
2.447	6.4118431E-005
2.448	6.4007749E-005
2.449	6.3897271E-005
2.45	6.3796128E-005
2.451	6.3694482E-005
2.452	6.3584601E-005
2.453	6.3476313E-005
2.454	6.3375148E-005
2.455	6.3267362E-005
2.456	6.3166663E-005
2.457	6.3058498E-005
2.458	6.2958759E-005
2.459	6.2851745E-005
2.46	6.2751795E-005
2.461	6.2644423E-005
2.462	6.2538034E-005
2.463	6.2439220E-005
2.464	6.2333122E-005
2.465	6.2234772E-005
2.466	6.2129067E-005
2.467	6.2024330E-005
2.468	6.1925741E-005
2.469	6.1821978E-005
2.47	6.1725186E-005
2.471	6.1624567E-005
2.472	6.1520041E-005
2.473	6.1425104E-005
2.474	6.1320381E-005
2.475	6.1224397E-005
2.476	6.1121922E-005
2.477	6.1018349E-005
2.478	6.0924311E-005
2.479	6.0821847E-005
2.48	6.0719500E-005
2.481	6.0625309E-005
2.482	6.0523329E-005
2.483	6.0422291E-005
2.484	6.0320705E-005
2.485	6.0227121E-005
2.486	6.0127295E-005
2.487	6.0026265E-005
2.488	5.9933271E-005
2.489	5.9833346E-005
2.49	5.9733513E-005
2.491	5.9642913E-005
2.492	5.9542876E-005
2.493	5.9443584E-005
2.494	5.9345224E-005
2.495	5.9254726E-005
2.496	5.9155976E-005
2.497	5.9058155E-005
2.498	5.8959780E-005
2.499	5.8870588E-005
2.5	5.8772650E-005
2.501	5.8676742E-005
2.502	5.8579171E-005
2.503	5.8482317E-005
2.504	5.8392667E-005
2.505	5.8296890E-005
2.506	5.8200585E-005
2.507	5.8105154E-005
2.508	5.8009839E-005
2.509	5.7921541E-005
2.51	5.7827281E-005
2.511	5.7732479E-005
2.512	5.7637935E-005
2.513	5.7547189E-005
2.514	5.7452980E-005
2.515	5.7367000E-005
2.516	5.7272398E-005
2.517	5.7179328E-005
2.518	5.7086345E-005
2.519	5.6992980E-005
2.52	5.6900972E-005
2.521	5.6807941E-005
2.522	5.6723042E-005
2.523	5.6630888E-005
2.524	5.6539004E-005
2.525	5.6447181E-005
2.526	5.6355628E-005
2.527	5.6264849E-005
2.528	5.6173543E-005
2.529	5.6083099E-005
2.53	5.5992125E-005
2.531	5.5902623E-005
2.532	5.5812052E-005
2.533	5.5721568E-005
2.534	5.5639728E-005
2.535	5.5549015E-005
2.536	5.5460863E-005
2.537	5.5371711E-005
2.538	5.5282635E-005
2.539	5.5194414E-005
2.54	5.5106371E-005
2.541	5.5018390E-005
2.542	5.4929416E-005
2.543	5.4842461E-005
2.544	5.4755041E-005
2.545	5.4667173E-005
2.546	5.4580585E-005
2.547	5.4493012E-005
2.548	5.4406748E-005
2.549	5.4320102E-005
2.55	5.4234148E-005
2.551	5.4147811E-005
2.552	5.4065713E-005
2.553	5.3979606E-005
2.554	5.3894324E-005
2.555	5.3808526E-005
2.556	5.3724241E-005
2.557	5.3632466E-005
2.558	5.3547195E-005
2.559	5.3463213E-005
2.56	5.3378873E-005
2.561	5.3294669E-005
2.562	5.3210526E-005
2.563	5.3127809E-005
2.564	5.3043375E-005
2.565	5.2960968E-005
2.566	5.2878087E-005
2.567	5.2794767E-005
2.568	5.2705360E-005
2.569	5.2623553E-005
2.57	5.2540596E-005
2.571	5.2459058E-005
2.572	5.2377080E-005
2.573	5.2295745E-005
2.574	5.2214047E-005
2.575	5.2126419E-005
2.576	5.2044936E-005
2.577	5.1964264E-005
2.578	5.1883137E-005
2.579	5.1802759E-005
2.58	5.1723011E-005
2.581	5.1636893E-005
2.582	5.1556355E-005
2.583	5.1476534E-005
2.584	5.1396852E-005
2.585	5.1317751E-005
2.586	5.1232379E-005
2.587	5.1152540E-005
2.588	5.1074599E-005
2.589	5.0995608E-005
2.59	5.0920513E-005
2.591	5.0835893E-005
2.592	5.0757917E-005
2.593	5.0679981E-005
2.594	5.0601691E-005
2.595	5.0518891E-005
2.596	5.0441377E-005
2.597	5.0363491E-005
2.598	5.0286893E-005
2.599	5.0204522E-005
2.6	5.0127630E-005
2.601	5.0050869E-005
2.602	4.9968356E-005
2.603	4.9891863E-005
2.604	4.9816073E-005
2.605	4.9740989E-005
2.606	4.9659047E-005
2.607	4.9583665E-005
2.608	4.9508966E-005
2.609	4.9428039E-005
2.61	4.9353584E-005
2.611	4.9278155E-005
2.612	4.9198268E-005
2.613	4.9123682E-005
2.614	4.9049679E-005
2.615	4.8969672E-005
2.616	4.8896025E-005
2.617	4.8816215E-005
2.618	4.8743928E-005
2.619	4.8669615E-005
2.62	4.8591337E-005
2.621	4.8517759E-005
2.622	4.8445436E-005
2.623	4.8367008E-005
2.624	4.8293816E-005
2.625	4.8216301E-005
2.626	4.8146958E-005
2.627	4.8075184E-005
2.628	4.7997510E-005
2.629	4.7925485E-005
2.63	4.7849109E-005
2.631	4.7777910E-005
2.632	4.7700774E-005
2.633	4.7630350E-005
2.634	4.7554033E-005
2.635	4.7482776E-005
2.636	4.7406716E-005
2.637	4.7337337E-005
2.638	4.7266371E-005
2.639	4.7191254E-005
2.64	4.7121124E-005
2.641	4.7046215E-005
2.642	4.6976878E-005
2.643	4.6901732E-005
2.644	4.6832647E-005
2.645	4.6758290E-005
2.646	4.6689394E-005
2.647	4.6615289E-005
2.648	4.6546684E-005
2.649	4.6472862E-005
2.65	4.6399153E-005
2.651	4.6331377E-005
2.652	4.6257999E-005
2.653	4.6189980E-005
2.654	4.6117239E-005
2.655	4.6050001E-005
2.656	4.5978126E-005
2.657	4.5911100E-005
2.658	4.5838937E-005
2.659	4.5766370E-005
2.66	4.5699704E-005
2.661	4.5630117E-005
2.662	4.5564731E-005
2.663	4.5493245E-005
2.664	4.5421220E-005
2.665	4.5355646E-005
2.666	4.5284465E-005
2.667	4.5219109E-005
2.668	4.5148168E-005
2.669	4.5077799E-005
2.67	4.5012792E-005
2.671	4.4942215E-005
2.672	4.4873330E-005
2.673	4.4808126E-005
2.674	4.4738426E-005
2.675	4.4668854E-005
2.676	4.4604953E-005
2.677	4.4535693E-005
2.678	4.4466913E-005
2.679	4.4402375E-005
2.68	4.4333901E-005
2.681	4.4266075E-005
2.682	4.4201857E-005
2.683	4.4133678E-005
2.684	4.4065167E-005
2.685	4.3997799E-005
2.686	4.3934535E-005
2.687	4.3867403E-005
2.688	4.3799861E-005
2.689	4.3736905E-005
2.69	4.3670116E-005
2.691	4.3603515E-005
2.692	4.3536889E-005
2.693	4.3474865E-005
2.694	4.3407494E-005
2.695	4.3344004E-005
2.696	4.3277883E-005
2.697	4.3216289E-005
2.698	4.3150321E-005
2.699	4.3085114E-005
2.7	4.3018863E-005
2.701	4.2953310E-005
2.702	4.2892734E-005
2.703	4.2827902E-005
2.704	4.2762087E-005
2.705	4.2697553E-005
2.706	4.2632979E-005
2.707	4.2568583E-005
2.708	4.2508185E-005
2.709	4.2444004E-005
2.71	4.2379936E-005
2.711	4.2315904E-005
2.712	4.2252552E-005
2.713	4.2188320E-005
2.714	4.2129446E-005
2.715	4.2065407E-005
2.716	4.2002477E-005
2.717	4.1939664E-005
2.718	4.1875948E-005
2.719	4.1813841E-005
2.72	4.1750336E-005
2.721	4.1687872E-005
2.722	4.1625157E-005
2.723	4.1567186E-005
2.724	4.1505089E-005
2.725	4.1443105E-005
2.726	4.1381227E-005
2.727	4.1321480E-005
2.728	4.1259813E-005
2.729	4.1198728E-005
2.73	4.1137260E-005
2.731	4.1075891E-005
2.732	4.1015126E-005
2.733	4.0953470E-005
2.734	4.0892905E-005
2.735	4.0831947E-005
2.736	4.0771585E-005
2.737	4.0711315E-005
2.738	4.0651157E-005
2.739	4.0590592E-005
2.74	4.0530565E-005
2.741	4.0471197E-005
2.742	4.0411920E-005
2.743	4.0351282E-005
2.744	4.0292209E-005
2.745	4.0232804E-005
2.746	4.0173367E-005
2.747	4.0114162E-005
2.748	4.0055413E-005
2.749	3.9997372E-005
2.75	3.9938321E-005
2.751	3.9879022E-005
2.752	3.9821145E-005
2.753	3.9762512E-005
2.754	3.9704890E-005
2.755	3.9646398E-005
2.756	3.9588485E-005
2.757	3.9530179E-005
2.758	3.9474926E-005
2.759	3.9413309E-005
2.76	3.9356262E-005
2.761	3.9298808E-005
2.762	3.9241466E-005
2.763	3.9184699E-005
2.764	3.9128008E-005
2.765	3.9070939E-005
2.766	3.9013961E-005
2.767	3.8953174E-005
2.768	3.8897342E-005
2.769	3.8840652E-005
2.77	3.8784525E-005
2.771	3.8728493E-005
2.772	3.8673028E-005
2.773	3.8616701E-005
2.774	3.8557067E-005
2.775	3.8501410E-005
2.776	3.8445836E-005
2.777	3.8391288E-005
2.778	3.8334958E-005
2.779	3.8276288E-005
2.78	3.8221075E-005
2.781	3.8166432E-005
2.782	3.8111859E-005
2.783	3.8057395E-005
2.784	3.7998729E-005
2.785	3.7944897E-005
2.786	3.7890692E-005
2.787	3.7836107E-005
2.788	3.7783961E-005
2.789	3.7726244E-005
2.79	3.7672842E-005
2.791	3.7618614E-005
2.792	3.7564932E-005
2.793	3.7508038E-005
2.794	3.7454531E-005
2.795	3.7401114E-005
2.796	3.7344500E-005
2.797	3.7291258E-005
2.798	3.7239017E-005
2.799	3.7186004E-005
2.8	3.7129765E-005
2.801	3.7077782E-005
2.802	3.7025413E-005
2.803	3.6968999E-005
2.804	3.6916357E-005
2.805	3.6864250E-005
2.806	3.6809008E-005
2.807	3.6757072E-005
2.808	3.6705667E-005
2.809	3.6650243E-005
2.81	3.6598565E-005
2.811	3.6547422E-005
2.812	3.6492260E-005
2.813	3.6440892E-005
2.814	3.6386362E-005
2.815	3.6334655E-005
2.816	3.6284822E-005
2.817	3.6230555E-005
2.818	3.6181336E-005
2.819	3.6131296E-005
2.82	3.6077290E-005
2.821	3.6026508E-005
2.822	3.5972236E-005
2.823	3.5923022E-005
2.824	3.5869369E-005
2.825	3.5819368E-005
2.826	3.5769452E-005
2.827	3.5715988E-005
2.828	3.5666730E-005
2.829	3.5613506E-005
2.83	3.5564342E-005
2.831	3.5511730E-005
2.832	3.5462283E-005
2.833	3.5409903E-005
2.834	3.5361059E-005
2.835	3.5312351E-005
2.836	3.5260538E-005
2.837	3.5211495E-005
2.838	3.5159523E-005
2.839	3.5111014E-005
2.84	3.5059158E-005
2.841	3.5007393E-005
2.842	3.4959598E-005
2.843	3.4907996E-005
2.844	3.4860426E-005
2.845	3.4809425E-005
2.846	3.4763234E-005
2.847	3.4712386E-005
2.848	3.4664681E-005
2.849	3.4613997E-005
2.85	3.4566387E-005
2.851	3.4516299E-005
2.852	3.4468838E-005
2.853	3.4419289E-005
2.854	3.4368579E-005
2.855	3.4321834E-005
2.856	3.4271707E-005
2.857	3.4225115E-005
2.858	3.4175529E-005
2.859	3.4125645E-005
2.86	3.4079279E-005
2.861	3.4029981E-005
2.862	3.3984132E-005
2.863	3.3934990E-005
2.864	3.3885080E-005
2.865	3.3839868E-005
2.866	3.3790595E-005
2.867	3.3741773E-005
2.868	3.3696357E-005
2.869	3.3647742E-005
2.87	3.3599572E-005
2.871	3.3553944E-005
2.872	3.3505501E-005
2.873	3.3459222E-005
2.874	3.3414282E-005
2.875	3.3365643E-005
2.876	3.3317931E-005
2.877	3.3274002E-005
2.878	3.3225591E-005
2.879	3.3178108E-005
2.88	3.3134009E-005
2.881	3.3086257E-005
2.882	3.3039418E-005
2.883	3.2991811E-005
2.884	3.2947941E-005
2.885	3.2900487E-005
2.886	3.2853939E-005
2.887	3.2807107E-005
2.888	3.2763510E-005
2.889	3.2716354E-005
2.89	3.2670519E-005
2.891	3.2623924E-005
2.892	3.2580603E-005
2.893	3.2534212E-005
2.894	3.2487835E-005
2.895	3.2442356E-005
2.896	3.2398904E-005
2.897	3.2353561E-005
2.898	3.2307882E-005
2.899	3.2262284E-005
2.9	3.2217980E-005
2.901	3.2175267E-005
2.902	3.2129879E-005
2.903	3.2084557E-005
2.904	3.2039312E-005
2.905	3.1994135E-005
2.906	3.1949436E-005
2.907	3.1904467E-005
2.908	3.1862615E-005
2.909	3.1817770E-005
2.91	3.1773354E-005
2.911	3.1728603E-005
2.912	3.1684325E-005
2.913	3.1640117E-005
2.914	3.1595620E-005
2.915	3.1554646E-005
2.916	3.1510237E-005
2.917	3.1466301E-005
2.918	3.1422438E-005
2.919	3.1378637E-005
2.92	3.1334504E-005
2.921	3.1291696E-005
2.922	3.1248161E-005
2.923	3.1204232E-005
2.924	3.1160784E-005
2.925	3.1117794E-005
2.926	3.1076390E-005
2.927	3.1033134E-005
2.928	3.0993029E-005
2.929	3.0950308E-005
2.93	3.0907646E-005
2.931	3.0864307E-005
2.932	3.0821782E-005
2.933	3.0778923E-005
2.934	3.0736926E-005
2.935	3.0694599E-005
2.936	3.0651991E-005
2.937	3.0609794E-005
2.938	3.0567266E-005
2.939	3.0525640E-005
2.94	3.0484038E-005
2.941	3.0442099E-005
2.942	3.0400226E-005
2.943	3.0358866E-005
2.944	3.0316727E-005
2.945	3.0275442E-005
2.946	3.0231273E-005
2.947	3.0189723E-005
2.948	3.0148685E-005
2.949	3.0107652E-005
2.95	3.0066303E-005
2.951	3.0026516E-005
2.952	2.9985629E-005
2.953	2.9944511E-005
2.954	2.9903791E-005
2.955	2.9863531E-005
2.956	2.9822992E-005
2.957	2.9782461E-005
2.958	2.9739091E-005
2.959	2.9698695E-005
2.96	2.9658791E-005
2.961	2.9618563E-005
2.962	2.9578345E-005
2.963	2.9538573E-005
2.964	2.9498477E-005
2.965	2.9458824E-005
2.966	2.9416366E-005
2.967	2.9376459E-005
2.968	2.9336663E-005
2.969	2.9297640E-005
2.97	2.9257959E-005
2.971	2.9218676E-005
2.972	2.9179069E-005
2.973	2.9137451E-005
2.974	2.9098392E-005
2.975	2.9059347E-005
2.976	2.9022154E-005
2.977	2.8982897E-005
2.978	2.8941209E-005
2.979	2.8902457E-005
2.98	2.8864079E-005
2.981	2.8825387E-005
2.982	2.8784334E-005
2.983	2.8746144E-005
2.984	2.8707633E-005
2.985	2.8669221E-005
2.986	2.8628801E-005
2.987	2.8590463E-005
2.988	2.8552557E-005
2.989	2.8514385E-005
2.99	2.8474207E-005
2.991	2.8436152E-005
2.992	2.8398479E-005
2.993	2.8361232E-005
2.994	2.8320921E-005
2.995	2.8283843E-005
2.996	2.8246395E-005
2.997	2.8206270E-005
2.998	2.8169357E-005
2.999	2.8132079E-005
3	2.8093133E-005
