theta_deg	R
0.001	1.0000050E+000
0.002	1.0000050E+000
0.003	1.0000050E+000
0.004	1.0000050E+000
0.005	1.0000050E+000
0.006	1.0000050E+000
0.007	1.0000050E+000
0.008	1.0000050E+000
0.009	1.0000050E+000
0.01	1.0000050E+000
0.011	1.0000050E+000
0.012	1.0000050E+000
0.013	1.0000050E+000
0.014	9.9592775E-001
0.015	9.9592775E-001
0.016	9.9592775E-001
0.017	9.9592775E-001
0.018	9.9592775E-001
0.019	9.9592775E-001
0.02	9.9592775E-001
0.021	9.9592775E-001
0.022	9.9592775E-001
0.023	9.9592775E-001
0.024	9.9592775E-001
0.025	9.9422431E-001
0.026	9.9422431E-001
0.027	9.9422431E-001
0.028	9.9422431E-001
0.029	9.9422431E-001
0.03	9.9422431E-001
0.031	9.9422431E-001
0.032	9.9290758E-001
0.033	9.9290758E-001
0.034	9.9290758E-001
0.035	9.9290758E-001
0.036	9.9290758E-001
0.037	9.9290758E-001
0.038	9.9178755E-001
0.039	9.9178755E-001
0.04	9.9178755E-001
0.041	9.9178755E-001
0.042	9.9079126E-001
0.043	9.9079126E-001
0.044	9.9079126E-001
0.045	9.9079126E-001
0.046	9.9079126E-001
0.047	9.8988396E-001
0.048	9.8988396E-001
0.049	9.8988396E-001
0.05	9.8988396E-001
0.051	9.8904192E-001
0.052	9.8904192E-001
0.053	9.8904192E-001
0.054	9.8904192E-001
0.055	9.8825020E-001
0.056	9.8825020E-001
0.057	9.8825020E-001
0.058	9.8749959E-001
0.059	9.8749959E-001
0.06	9.8749959E-001
0.061	9.8678416E-001
0.062	9.8678416E-001
0.063	9.8678416E-001
0.064	9.8678416E-001
0.065	9.8609722E-001
0.066	9.8609722E-001
0.067	9.8609722E-001
0.068	9.8543394E-001
0.069	9.8543394E-001
0.07	9.8479402E-001
0.071	9.8479402E-001
0.072	9.8479402E-001
0.073	9.8417044E-001
0.074	9.8417044E-001
0.075	9.8417044E-001
0.076	9.8356175E-001
0.077	9.8356175E-001
0.078	9.8297042E-001
0.079	9.8297042E-001
0.08	9.8297042E-001
0.081	9.8239052E-001
0.082	9.8239052E-001
0.083	9.8182172E-001
0.084	9.8182172E-001
0.085	9.8182172E-001
0.086	9.8126423E-001
0.087	9.8126423E-001
0.088	9.8071122E-001
0.089	9.8071122E-001
0.09	9.8017299E-001
0.091	9.8017299E-001
0.092	9.7963691E-001
0.093	9.7963691E-001
0.094	9.7911316E-001
0.095	9.7911316E-001
0.096	9.7859228E-001
0.097	9.7859228E-001
0.098	9.7807795E-001
0.099	9.7807795E-001
0.1	9.7757047E-001
0.101	9.7757047E-001
0.102	9.7706598E-001
0.103	9.7706598E-001
0.104	9.7656608E-001
0.105	9.7656608E-001
0.106	9.7606778E-001
0.107	9.7606778E-001
0.108	9.7557408E-001
0.109	9.7557408E-001
0.11	9.7508526E-001
0.111	9.7508526E-001
0.112	9.7459728E-001
0.113	9.7411436E-001
0.114	9.7411436E-001
0.115	9.7363424E-001
0.116	9.7363424E-001
0.117	9.7315401E-001
0.118	9.7267753E-001
0.119	9.7267753E-001
0.12	9.7220010E-001
0.121	9.7220010E-001
0.122	9.7172648E-001
0.123	9.7125173E-001
0.124	9.7125173E-001
0.125	9.7078443E-001
0.126	9.7031158E-001
0.127	9.7031158E-001
0.128	9.6984178E-001
0.129	9.6937472E-001
0.13	9.6937472E-001
0.131	9.6890205E-001
0.132	9.6843195E-001
0.133	9.6843195E-001
0.134	9.6796489E-001
0.135	9.6749562E-001
0.136	9.6749562E-001
0.137	9.6702927E-001
0.138	9.6656102E-001
0.139	9.6656102E-001
0.14	9.6609086E-001
0.141	9.6562135E-001
0.142	9.6515185E-001
0.143	9.6515185E-001
0.144	9.6468025E-001
0.145	9.6421218E-001
0.146	9.6421218E-001
0.147	9.6374124E-001
0.148	9.6326697E-001
0.149	9.6279240E-001
0.15	9.6279240E-001
0.151	9.6232080E-001
0.152	9.6184039E-001
0.153	9.6137017E-001
0.154	9.6088898E-001
0.155	9.6088898E-001
0.156	9.6040803E-001
0.157	9.5992851E-001
0.158	9.5944458E-001
0.159	9.5896232E-001
0.16	9.5896232E-001
0.161	9.5847386E-001
0.162	9.5798200E-001
0.163	9.5749682E-001
0.164	9.5700294E-001
0.165	9.5650655E-001
0.166	9.5650655E-001
0.167	9.5600718E-001
0.168	9.5550793E-001
0.169	9.5501107E-001
0.17	9.5450735E-001
0.171	9.5400232E-001
0.172	9.5349061E-001
0.173	9.5349061E-001
0.174	9.5297527E-001
0.175	9.5246136E-001
0.176	9.5194805E-001
0.177	9.5142448E-001
0.178	9.5089883E-001
0.179	9.5037204E-001
0.18	9.4984752E-001
0.181	9.4931453E-001
0.182	9.4877720E-001
0.183	9.4823641E-001
0.184	9.4769251E-001
0.185	9.4769251E-001
0.186	9.4714147E-001
0.187	9.4658983E-001
0.188	9.4604266E-001
0.189	9.4548160E-001
0.19	9.4491845E-001
0.191	9.4434988E-001
0.192	9.4378090E-001
0.193	9.4320506E-001
0.194	9.4262767E-001
0.195	9.4204283E-001
0.196	9.4145644E-001
0.197	9.4086182E-001
0.198	9.4026238E-001
0.199	9.3966138E-001
0.2	9.3905705E-001
0.201	9.3844503E-001
0.202	9.3782699E-001
0.203	9.3720144E-001
0.204	9.3657583E-001
0.205	9.3595225E-001
0.206	9.3530208E-001
0.207	9.3465924E-001
0.208	9.3335062E-001
0.209	9.3268961E-001
0.21	9.3202376E-001
0.211	9.3134493E-001
0.212	9.3066651E-001
0.213	9.2997867E-001
0.214	9.2928737E-001
0.215	9.2858189E-001
0.216	9.2787910E-001
0.217	9.2716008E-001
0.218	9.2644209E-001
0.219	9.2498255E-001
0.22	9.2423815E-001
0.221	9.2348051E-001
0.222	9.2272371E-001
0.223	9.2195606E-001
0.224	9.2118311E-001
0.225	9.2039436E-001
0.226	9.1880596E-001
0.227	9.1798651E-001
0.228	9.1716856E-001
0.229	9.1633040E-001
0.23	9.1549230E-001
0.231	9.1463089E-001
0.232	9.1290826E-001
0.233	9.1202486E-001
0.234	9.1113544E-001
0.235	9.1023463E-001
0.236	9.0931940E-001
0.237	9.0745133E-001
0.238	9.0651476E-001
0.239	9.0554422E-001
0.24	9.0457600E-001
0.241	9.0360218E-001
0.242	9.0157872E-001
0.243	9.0055215E-001
0.244	8.9953852E-001
0.245	8.9848536E-001
0.246	8.9632535E-001
0.247	8.9523143E-001
0.248	8.9411509E-001
0.249	8.9299214E-001
0.25	8.9068085E-001
0.251	8.8950431E-001
0.252	8.8831586E-001
0.253	8.8588238E-001
0.254	8.8463050E-001
0.255	8.8334608E-001
0.256	8.8207060E-001
0.257	8.7943739E-001
0.258	8.7808579E-001
0.259	8.7671155E-001
0.26	8.7389958E-001
0.261	8.7246907E-001
0.262	8.7100321E-001
0.263	8.6801761E-001
0.264	8.6647022E-001
0.265	8.6490744E-001
0.266	8.6169481E-001
0.267	8.6003715E-001
0.268	8.5663640E-001
0.269	8.5490024E-001
0.27	8.5312980E-001
0.271	8.4946990E-001
0.272	8.4759837E-001
0.273	8.4567785E-001
0.274	8.4173566E-001
0.275	8.3968967E-001
0.276	8.3551860E-001
0.277	8.3332640E-001
0.278	8.3113974E-001
0.279	8.2657439E-001
0.28	8.2421654E-001
0.281	8.1934237E-001
0.282	8.1682140E-001
0.283	8.1159347E-001
0.284	8.0889392E-001
0.285	8.0326128E-001
0.286	8.0035770E-001
0.287	7.9735589E-001
0.288	7.9115105E-001
0.289	7.8792983E-001
0.29	7.8118563E-001
0.291	7.7767950E-001
0.292	7.7037936E-001
0.293	7.6655382E-001
0.294	7.5858945E-001
0.295	7.5439155E-001
0.296	7.4561107E-001
0.297	7.4101007E-001
0.298	7.3135912E-001
0.299	7.2625452E-001
0.3	7.1550214E-001
0.301	7.0396727E-001
0.302	6.9784075E-001
0.303	6.8489319E-001
0.304	6.7803484E-001
0.305	6.6339886E-001
0.306	6.5557534E-001
0.307	6.3895583E-001
0.308	6.3008398E-001
0.309	6.1103457E-001
0.31	5.9021932E-001
0.311	5.7907200E-001
0.312	5.5529028E-001
0.313	5.4259866E-001
0.314	5.1569402E-001
0.315	4.8688427E-001
0.316	4.7189045E-001
0.317	4.4107753E-001
0.318	4.2542812E-001
0.319	3.9417034E-001
0.32	3.6358875E-001
0.321	3.4873372E-001
0.322	3.2021105E-001
0.323	2.9367945E-001
0.324	2.8132075E-001
0.325	2.5865555E-001
0.326	2.3880978E-001
0.327	2.2984816E-001
0.328	2.1337089E-001
0.329	1.9806872E-001
0.33	1.9062023E-001
0.331	1.7590263E-001
0.332	1.6158232E-001
0.333	1.5474379E-001
0.334	1.4218847E-001
0.335	1.3168205E-001
0.336	1.2730505E-001
0.337	1.2023938E-001
0.338	1.1493308E-001
0.339	1.1052563E-001
0.34	1.0835984E-001
0.341	1.0360856E-001
0.342	9.7904943E-002
0.343	9.1147169E-002
0.344	8.7452129E-002
0.345	7.9769745E-002
0.346	7.2260596E-002
0.347	6.5604925E-002
0.348	6.2773287E-002
0.349	5.8322527E-002
0.35	5.5546064E-002
0.351	5.4234944E-002
0.352	5.3943623E-002
0.353	5.3997230E-002
0.354	5.4138705E-002
0.355	5.3875580E-002
0.356	5.2814905E-002
0.357	5.0753482E-002
0.358	4.7694094E-002
0.359	4.5839638E-002
0.36	4.1665748E-002
0.361	3.7179455E-002
0.362	3.2775722E-002
0.363	2.8837536E-002
0.364	2.5671503E-002
0.365	2.4444040E-002
0.366	2.2751775E-002
0.367	2.2056278E-002
0.368	2.2221537E-002
0.369	2.3019535E-002
0.37	2.4159186E-002
0.371	2.5343964E-002
0.372	2.6301151E-002
0.373	2.6812976E-002
0.374	2.6855484E-002
0.375	2.6460387E-002
0.376	2.5422290E-002
0.377	2.3787035E-002
0.378	2.1676214E-002
0.379	1.9249566E-002
0.38	1.6692167E-002
0.381	1.4194329E-002
0.382	1.1929601E-002
0.383	1.0042907E-002
0.384	8.6379321E-003
0.385	7.7671721E-003
0.386	7.4365181E-003
0.387	7.5962353E-003
0.388	8.1659267E-003
0.389	9.0340702E-003
0.39	1.0071523E-002
0.391	1.1148590E-002
0.392	1.2142871E-002
0.393	1.2948097E-002
0.394	1.3485334E-002
0.395	1.3701006E-002
0.396	1.3572678E-002
0.397	1.3104768E-002
0.398	1.2328879E-002
0.399	1.1295926E-002
0.4	1.0070415E-002
0.401	8.7310858E-003
0.402	7.3573068E-003
0.403	6.0261823E-003
0.404	4.8105521E-003
0.405	3.7702194E-003
0.406	2.9517557E-003
0.407	2.3849742E-003
0.408	2.0823660E-003
0.409	2.0405450E-003
0.41	2.4183865E-003
0.411	2.9142222E-003
0.412	3.5517849E-003
0.413	4.2788466E-003
0.414	5.0431150E-003
0.415	5.7923160E-003
0.416	6.4804568E-003
0.417	7.0653120E-003
0.418	7.5158617E-003
0.419	7.8908764E-003
0.42	7.9223532E-003
0.421	7.7827200E-003
0.422	7.4774264E-003
0.423	7.0249485E-003
0.424	6.4494405E-003
0.425	5.4209339E-003
0.426	4.6693385E-003
0.427	3.9059848E-003
0.428	3.1659270E-003
0.429	2.4778787E-003
0.43	1.8711922E-003
0.431	1.1636263E-003
0.432	8.5133617E-004
0.433	6.7898666E-004
0.434	6.4941973E-004
0.435	8.6440140E-004
0.436	1.1656837E-003
0.437	1.5749967E-003
0.438	2.0718568E-003
0.439	2.6322056E-003
0.44	3.5365080E-003
0.441	4.1435179E-003
0.442	4.7242930E-003
0.443	5.2552898E-003
0.444	5.9099356E-003
0.445	6.2295590E-003
0.446	6.4411415E-003
0.447	6.5404098E-003
0.448	6.4598471E-003
0.449	6.2658070E-003
0.45	5.9650270E-003
0.451	5.3467150E-003
0.452	4.8445445E-003
0.453	4.2947344E-003
0.454	3.4250589E-003
0.455	2.8482240E-003
0.456	2.3000136E-003
0.457	1.5759341E-003
0.458	1.1857821E-003
0.459	8.8771625E-004
0.46	6.3805922E-004
0.461	6.1224861E-004
0.462	7.0165057E-004
0.463	1.0445811E-003
0.464	1.4001372E-003
0.465	2.0933540E-003
0.466	2.6385866E-003
0.467	3.2278660E-003
0.468	4.1504302E-003
0.469	4.7601736E-003
0.47	5.3415508E-003
0.471	6.1169881E-003
0.472	6.5458170E-003
0.473	7.0218300E-003
0.474	7.2110738E-003
0.475	7.2943401E-003
0.476	7.2118677E-003
0.477	7.0235492E-003
0.478	6.5610372E-003
0.479	6.1456515E-003
0.48	5.4010134E-003
0.481	4.8487056E-003
0.482	3.9799875E-003
0.483	3.4049549E-003
0.484	2.5963222E-003
0.485	2.1201908E-003
0.486	1.5416122E-003
0.487	1.2657158E-003
0.488	1.0410359E-003
0.489	1.0261568E-003
0.49	1.2088802E-003
0.491	1.4627104E-003
0.492	2.0241751E-003
0.493	2.5024917E-003
0.494	3.3407931E-003
0.495	3.9559500E-003
0.496	4.9171122E-003
0.497	5.5565494E-003
0.498	6.4677442E-003
0.499	7.0179063E-003
0.5	7.7160262E-003
0.501	8.0816662E-003
0.502	8.4501887E-003
0.503	8.5895536E-003
0.504	8.5503738E-003
0.505	8.3007514E-003
0.506	8.0136647E-003
0.507	7.4257371E-003
0.508	6.9455281E-003
0.509	6.1287857E-003
0.51	5.2443831E-003
0.511	4.6465332E-003
0.512	3.7789743E-003
0.513	3.2451837E-003
0.514	2.5499982E-003
0.515	2.0212543E-003
0.516	1.7789467E-003
0.517	1.5986266E-003
0.518	1.6488150E-003
0.519	1.8103516E-003
0.52	2.2344387E-003
0.521	2.8537153E-003
0.522	3.3579560E-003
0.523	4.2188261E-003
0.524	5.1601334E-003
0.525	5.8063716E-003
0.526	6.7624957E-003
0.527	7.6556811E-003
0.528	8.1912186E-003
0.529	8.8743689E-003
0.53	9.3818894E-003
0.531	9.6104685E-003
0.532	9.7721610E-003
0.533	9.7163720E-003
0.534	9.4458824E-003
0.535	9.1559188E-003
0.536	8.5743684E-003
0.537	7.8476910E-003
0.538	7.0171766E-003
0.539	6.4280289E-003
0.54	5.5284421E-003
0.541	4.6538957E-003
0.542	3.8522533E-003
0.543	3.3802819E-003
0.544	2.7948320E-003
0.545	2.3847246E-003
0.546	2.1722985E-003
0.547	2.1691062E-003
0.548	2.2840099E-003
0.549	2.6254028E-003
0.55	3.1532994E-003
0.551	3.8406495E-003
0.552	4.6526999E-003
0.553	5.2430611E-003
0.554	6.1697802E-003
0.555	7.1046543E-003
0.556	8.0036763E-003
0.557	8.8220788E-003
0.558	9.5227733E-003
0.559	9.9096494E-003
0.56	1.0346552E-002
0.561	1.0598807E-002
0.562	1.0654114E-002
0.563	1.0515430E-002
0.564	1.0186630E-002
0.565	9.6886121E-003
0.566	9.0458374E-003
0.567	8.2878256E-003
0.568	7.7370992E-003
0.569	6.8716682E-003
0.57	5.9952429E-003
0.571	5.1493933E-003
0.572	4.3735146E-003
0.573	3.7033793E-003
0.574	3.1710758E-003
0.575	2.7998837E-003
0.576	2.6075521E-003
0.577	2.6017288E-003
0.578	2.7834554E-003
0.579	3.1430447E-003
0.58	3.6650738E-003
0.581	4.3245950E-003
0.582	5.0929775E-003
0.583	5.9360382E-003
0.584	6.8171518E-003
0.585	7.6988628E-003
0.586	8.2683861E-003
0.587	9.0682032E-003
0.588	9.7759431E-003
0.589	1.0361766E-002
0.59	1.0914009E-002
0.591	1.1137174E-002
0.592	1.1187511E-002
0.593	1.1064751E-002
0.594	1.0773534E-002
0.595	1.0329454E-002
0.596	9.7507033E-003
0.597	9.0605486E-003
0.598	8.2895709E-003
0.599	7.4678664E-003
0.6	6.6292728E-003
0.601	5.8074808E-003
0.602	5.0357981E-003
0.603	4.3445355E-003
0.604	3.7618764E-003
0.605	3.3102601E-003
0.606	3.0070774E-003
0.607	2.8534057E-003
0.608	2.9303695E-003
0.609	3.1699899E-003
0.61	3.5602148E-003
0.611	4.0859100E-003
0.612	4.7260802E-003
0.613	5.4553384E-003
0.614	6.2459498E-003
0.615	7.0670098E-003
0.616	8.1564486E-003
0.617	8.9305602E-003
0.618	9.6351840E-003
0.619	1.0247404E-002
0.62	1.0743478E-002
0.621	1.1109108E-002
0.622	1.1370676E-002
0.623	1.1389425E-002
0.624	1.1257028E-002
0.625	1.0978998E-002
0.626	1.0566836E-002
0.627	9.8330555E-003
0.628	9.1713732E-003
0.629	8.4408568E-003
0.63	7.6666656E-003
0.631	6.8764817E-003
0.632	5.8453446E-003
0.633	5.1237126E-003
0.634	4.4744485E-003
0.635	3.9199884E-003
0.636	3.3595359E-003
0.637	3.0913991E-003
0.638	2.9637872E-003
0.639	2.9807794E-003
0.64	3.2244166E-003
0.641	3.5635941E-003
0.642	4.0233405E-003
0.643	4.5875544E-003
0.644	5.4671341E-003
0.645	6.1930935E-003
0.646	6.9487905E-003
0.647	7.9589207E-003
0.648	8.6861672E-003
0.649	9.3613043E-003
0.65	1.0143354E-002
0.651	1.0617666E-002
0.652	1.0981043E-002
0.653	1.1270664E-002
0.654	1.1336491E-002
0.655	1.1269080E-002
0.656	1.0980024E-002
0.657	1.0621324E-002
0.658	1.0154547E-002
0.659	9.3899332E-003
0.66	8.7333685E-003
0.661	8.0275023E-003
0.662	7.0487042E-003
0.663	6.3150921E-003
0.664	5.3799730E-003
0.665	4.7386531E-003
0.666	4.1703000E-003
0.667	3.5548038E-003
0.668	3.2174254E-003
0.669	2.9514383E-003
0.67	2.8966269E-003
0.671	3.0184449E-003
0.672	3.2505328E-003
0.673	3.5951415E-003
0.674	4.2100032E-003
0.675	4.7685411E-003
0.676	5.6102276E-003
0.677	6.2894169E-003
0.678	7.2203451E-003
0.679	7.9108737E-003
0.68	8.7835565E-003
0.681	9.3775569E-003
0.682	1.0056993E-002
0.683	1.0464668E-002
0.684	1.0850406E-002
0.685	1.1013133E-002
0.686	1.1049561E-002
0.687	1.0944226E-002
0.688	1.0631044E-002
0.689	1.0275737E-002
0.69	9.6612936E-003
0.691	9.1110505E-003
0.692	8.2876049E-003
0.693	7.6241014E-003
0.694	6.7129340E-003
0.695	6.0331849E-003
0.696	5.1669735E-003
0.697	4.5696283E-003
0.698	3.8730784E-003
0.699	3.3202292E-003
0.7	3.0147890E-003
0.701	2.7680432E-003
0.702	2.7091217E-003
0.703	2.7993168E-003
0.704	2.9903613E-003
0.705	3.3988990E-003
0.706	3.9626188E-003
0.707	4.4704620E-003
0.708	5.2342927E-003
0.709	5.8520725E-003
0.71	6.7041521E-003
0.711	7.5518135E-003
0.712	8.1618046E-003
0.713	8.9095244E-003
0.714	9.5532611E-003
0.715	9.9496432E-003
0.716	1.0346471E-002
0.717	1.0575781E-002
0.718	1.0633081E-002
0.719	1.0553854E-002
0.72	1.0300192E-002
0.721	1.0002742E-002
0.722	9.4775623E-003
0.723	8.8261897E-003
0.724	8.2729384E-003
0.725	7.4730190E-003
0.726	6.6339457E-003
0.727	5.7914010E-003
0.728	5.1789493E-003
0.729	4.4156802E-003
0.73	3.7424746E-003
0.731	3.3139316E-003
0.732	2.8622218E-003
0.733	2.5642130E-003
0.734	2.4300213E-003
0.735	2.4413157E-003
0.736	2.6013090E-003
0.737	2.9193508E-003
0.738	3.3809757E-003
0.739	3.8087284E-003
0.74	4.4672089E-003
0.741	5.2000084E-003
0.742	5.9756660E-003
0.743	6.7614750E-003
0.744	7.3376172E-003
0.745	8.0628023E-003
0.746	8.7127574E-003
0.747	9.2612607E-003
0.748	9.6858805E-003
0.749	9.9709202E-003
0.75	1.0086631E-002
0.751	1.0105920E-002
0.752	9.9699125E-003
0.753	9.6850786E-003
0.754	9.2636943E-003
0.755	8.7199220E-003
0.756	8.2462216E-003
0.757	7.5455494E-003
0.758	6.7896922E-003
0.759	6.0088844E-003
0.76	5.2322061E-003
0.761	4.4893413E-003
0.762	3.8079876E-003
0.763	3.2137795E-003
0.764	2.7282231E-003
0.765	2.4461201E-003
0.766	2.1906309E-003
0.767	2.0799404E-003
0.768	2.1165118E-003
0.769	2.2982671E-003
0.77	2.6164330E-003
0.771	3.0573022E-003
0.772	3.6033723E-003
0.773	4.2326297E-003
0.774	4.9205422E-003
0.775	5.6406353E-003
0.776	6.3657877E-003
0.777	7.0691411E-003
0.778	7.7238129E-003
0.779	8.3069932E-003
0.78	8.7982677E-003
0.781	9.1781225E-003
0.782	9.4353594E-003
0.783	9.5606027E-003
0.784	9.5495898E-003
0.785	9.4026802E-003
0.786	9.1266222E-003
0.787	8.7305186E-003
0.788	8.2276929E-003
0.789	7.6370998E-003
0.79	6.9785644E-003
0.791	6.2741996E-003
0.792	5.5489121E-003
0.793	4.8274482E-003
0.794	4.1342890E-003
0.795	3.4928359E-003
0.796	2.9245217E-003
0.797	2.4485465E-003
0.798	2.0806545E-003
0.799	1.8317081E-003
0.8	1.7101604E-003
0.801	1.7191671E-003
0.802	1.9099287E-003
0.803	2.1995150E-003
0.804	2.5988508E-003
0.805	3.0932731E-003
0.806	3.6651208E-003
0.807	4.2942660E-003
0.808	4.9588555E-003
0.809	5.6362017E-003
0.81	6.4658108E-003
0.811	7.0892950E-003
0.812	7.6545631E-003
0.813	8.1425160E-003
0.814	8.5390154E-003
0.815	8.8297576E-003
0.816	9.0067293E-003
0.817	9.0612099E-003
0.818	8.9678913E-003
0.819	8.7572616E-003
0.82	8.4374342E-003
0.821	8.0150906E-003
0.822	7.3675718E-003
0.823	6.7732497E-003
0.824	6.1296644E-003
0.825	5.4585407E-003
0.826	4.7795018E-003
0.827	3.9521586E-003
0.828	3.3318070E-003
0.829	2.7692970E-003
0.83	2.2813438E-003
0.831	1.7988329E-003
0.832	1.5283562E-003
0.833	1.3691660E-003
0.834	1.3254640E-003
0.835	1.4335661E-003
0.836	1.6462506E-003
0.837	1.9634331E-003
0.838	2.3739210E-003
0.839	2.9985553E-003
0.84	3.5679566E-003
0.841	4.1800705E-003
0.842	4.9761641E-003
0.843	5.6139636E-003
0.844	6.2326761E-003
0.845	6.9488022E-003
0.846	7.4570780E-003
0.847	7.8901593E-003
0.848	8.3088139E-003
0.849	8.5345553E-003
0.85	8.6527243E-003
0.851	8.6499406E-003
0.852	8.5262712E-003
0.853	8.2984855E-003
0.854	7.8768851E-003
0.855	7.4412758E-003
0.856	6.9344132E-003
0.857	6.2178131E-003
0.858	5.6006014E-003
0.859	4.8005376E-003
0.86	4.1604284E-003
0.861	3.5392216E-003
0.862	2.8156464E-003
0.863	2.2988671E-003
0.864	1.7540001E-003
0.865	1.4133062E-003
0.866	1.1680078E-003
0.867	1.0040285E-003
0.868	9.9147845E-004
0.869	1.1235017E-003
0.87	1.3434353E-003
0.871	1.7503911E-003
0.872	2.1695215E-003
0.873	2.6593725E-003
0.874	3.3496013E-003
0.875	3.9452794E-003
0.876	4.7171027E-003
0.877	5.3354916E-003
0.878	6.0836961E-003
0.879	6.6413870E-003
0.88	7.2627258E-003
0.881	7.6846904E-003
0.882	8.0989590E-003
0.883	8.3297510E-003
0.884	8.4818667E-003
0.885	8.4930696E-003
0.886	8.3643161E-003
0.887	8.1533873E-003
0.888	7.7623758E-003
0.889	7.3575992E-003
0.89	6.7531732E-003
0.891	6.0635861E-003
0.892	5.4686177E-003
0.893	4.6950900E-003
0.894	4.0724003E-003
0.895	3.3146986E-003
0.896	2.7443147E-003
0.897	2.0997180E-003
0.898	1.5547293E-003
0.899	1.2055470E-003
0.9	8.9205027E-004
0.901	7.4732990E-004
0.902	7.0475187E-004
0.903	8.1759872E-004
0.904	1.0164699E-003
0.905	1.3930039E-003
0.906	1.7869022E-003
0.907	2.3790272E-003
0.908	3.0600859E-003
0.909	3.6509847E-003
0.91	4.4238078E-003
0.911	5.2061519E-003
0.912	5.8195866E-003
0.913	6.5446091E-003
0.914	7.2003212E-003
0.915	7.6572550E-003
0.916	8.1275431E-003
0.917	8.4680859E-003
0.918	8.6388895E-003
0.919	8.7183248E-003
0.92	8.6490707E-003
0.921	8.4863221E-003
0.922	8.1557389E-003
0.923	7.6941955E-003
0.924	7.1214405E-003
0.925	6.5947897E-003
0.926	5.8722016E-003
0.927	5.1023453E-003
0.928	4.3146140E-003
0.929	3.6896931E-003
0.93	2.9402706E-003
0.931	2.2515310E-003
0.932	1.6493447E-003
0.933	1.2450317E-003
0.934	8.5268362E-004
0.935	5.9980055E-004
0.936	4.9647753E-004
0.937	5.2513485E-004
0.938	6.9919426E-004
0.939	1.0221743E-003
0.94	1.4829795E-003
0.941	2.0664826E-003
0.942	2.6081924E-003
0.943	3.3595662E-003
0.944	4.1688806E-003
0.945	5.0090700E-003
0.946	5.8504967E-003
0.947	6.6655707E-003
0.948	7.2788591E-003
0.949	7.9771848E-003
0.95	8.5757477E-003
0.951	9.0564461E-003
0.952	9.4020087E-003
0.953	9.6009485E-003
0.954	9.6451119E-003
0.955	9.5672924E-003
0.956	9.3355970E-003
0.957	8.9583341E-003
0.958	8.4476843E-003
0.959	7.8185797E-003
0.96	7.0954645E-003
0.961	6.2994356E-003
0.962	5.4587317E-003
0.963	4.6004979E-003
0.964	3.7547552E-003
0.965	2.9497710E-003
0.966	2.3547304E-003
0.967	1.6940394E-003
0.968	1.1478063E-003
0.969	7.3646620E-004
0.97	4.7601174E-004
0.971	3.7748565E-004
0.972	4.4735754E-004
0.973	6.8580383E-004
0.974	1.0876780E-003
0.975	1.6424011E-003
0.976	2.3343326E-003
0.977	3.1431650E-003
0.978	4.0452830E-003
0.979	5.0128261E-003
0.98	6.0167466E-003
0.981	7.0255720E-003
0.982	8.0099339E-003
0.983	8.9398948E-003
0.984	9.7839255E-003
0.985	1.0520527E-002
0.986	1.1121900E-002
0.987	1.1573309E-002
0.988	1.1860323E-002
0.989	1.1969368E-002
0.99	1.1900823E-002
0.991	1.1654256E-002
0.992	1.1133069E-002
0.993	1.0523759E-002
0.994	9.7783720E-003
0.995	8.9135431E-003
0.996	7.9586413E-003
0.997	6.9442778E-003
0.998	5.8996095E-003
0.999	4.8591476E-003
1	3.8564948E-003
