theta_deg	R
0.001	9.9992251E-001
0.002	9.9985814E-001
0.003	9.9979448E-001
0.004	9.9972129E-001
0.005	9.9965727E-001
0.006	9.9958462E-001
0.007	9.9952036E-001
0.008	9.9944705E-001
0.009	9.9938309E-001
0.01	9.9931037E-001
0.011	9.9924612E-001
0.012	9.9917287E-001
0.013	9.9910897E-001
0.014	9.9034494E-001
0.015	9.9027300E-001
0.016	9.9021041E-001
0.017	9.9014783E-001
0.018	9.9007589E-001
0.019	9.9001276E-001
0.02	9.8994136E-001
0.021	9.8987842E-001
0.022	9.8980671E-001
0.023	9.8974371E-001
0.024	9.8967171E-001
0.025	9.8599011E-001
0.026	9.8591882E-001
0.027	9.8585671E-001
0.028	9.8579431E-001
0.029	9.8572308E-001
0.03	9.8566115E-001
0.031	9.8558962E-001
0.032	9.8272550E-001
0.033	9.8266375E-001
0.034	9.8259282E-001
0.035	9.8253089E-001
0.036	9.8246902E-001
0.037	9.8239821E-001
0.038	9.7995234E-001
0.039	9.7989047E-001
0.04	9.7982889E-001
0.041	9.7975808E-001
0.042	9.7757584E-001
0.043	9.7751451E-001
0.044	9.7745299E-001
0.045	9.7738278E-001
0.046	9.7732139E-001
0.047	9.7532260E-001
0.048	9.7526139E-001
0.049	9.7520030E-001
0.05	9.7513908E-001
0.051	9.7327828E-001
0.052	9.7321731E-001
0.053	9.7315627E-001
0.054	9.7308642E-001
0.055	9.7134161E-001
0.056	9.7128081E-001
0.057	9.7121990E-001
0.058	9.6956104E-001
0.059	9.6949136E-001
0.06	9.6943027E-001
0.061	9.6784216E-001
0.062	9.6778166E-001
0.063	9.6772110E-001
0.064	9.6766067E-001
0.065	9.6612662E-001
0.066	9.6606624E-001
0.067	9.6600622E-001
0.068	9.6452701E-001
0.069	9.6446651E-001
0.07	9.6303439E-001
0.071	9.6297449E-001
0.072	9.6290529E-001
0.073	9.6151590E-001
0.074	9.6145600E-001
0.075	9.6139592E-001
0.076	9.6003336E-001
0.077	9.5997339E-001
0.078	9.5863926E-001
0.079	9.5857960E-001
0.08	9.5851964E-001
0.081	9.5721716E-001
0.082	9.5715755E-001
0.083	9.5587099E-001
0.084	9.5581144E-001
0.085	9.5576060E-001
0.086	9.5450109E-001
0.087	9.5444179E-001
0.088	9.5320213E-001
0.089	9.5314270E-001
0.09	9.5191050E-001
0.091	9.5185989E-001
0.092	9.5064884E-001
0.093	9.5059854E-001
0.094	9.4940227E-001
0.095	9.4934309E-001
0.096	9.4815135E-001
0.097	9.4809163E-001
0.098	9.4691730E-001
0.099	9.4686681E-001
0.1	9.4570184E-001
0.101	9.4565159E-001
0.102	9.4449484E-001
0.103	9.4443572E-001
0.104	9.4329548E-001
0.105	9.4324541E-001
0.106	9.4209409E-001
0.107	9.4204396E-001
0.108	9.4091606E-001
0.109	9.4085693E-001
0.11	9.3972570E-001
0.111	9.3967557E-001
0.112	9.3854827E-001
0.113	9.3743360E-001
0.114	9.3738395E-001
0.115	9.3626356E-001
0.116	9.3621385E-001
0.117	9.3511415E-001
0.118	9.3399864E-001
0.119	9.3394893E-001
0.12	9.3284446E-001
0.121	9.3279445E-001
0.122	9.3169039E-001
0.123	9.3058789E-001
0.124	9.3053830E-001
0.125	9.2942560E-001
0.126	9.2832309E-001
0.127	9.2827338E-001
0.128	9.2717975E-001
0.129	9.2608559E-001
0.13	9.2603576E-001
0.131	9.2494029E-001
0.132	9.2382312E-001
0.133	9.2378265E-001
0.134	9.2267352E-001
0.135	9.2157269E-001
0.136	9.2152286E-001
0.137	9.2041802E-001
0.138	9.1930139E-001
0.139	9.1926050E-001
0.14	9.1814071E-001
0.141	9.1702676E-001
0.142	9.1590911E-001
0.143	9.1586769E-001
0.144	9.1473442E-001
0.145	9.1361856E-001
0.146	9.1356814E-001
0.147	9.1244704E-001
0.148	9.1132218E-001
0.149	9.1016936E-001
0.15	9.1012853E-001
0.151	9.0899271E-001
0.152	9.0784830E-001
0.153	9.0668821E-001
0.154	9.0553164E-001
0.155	9.0549040E-001
0.156	9.0432799E-001
0.157	9.0317136E-001
0.158	9.0199530E-001
0.159	9.0079814E-001
0.16	9.0075636E-001
0.161	8.9957482E-001
0.162	8.9838517E-001
0.163	8.9717388E-001
0.164	8.9595443E-001
0.165	8.9473635E-001
0.166	8.9469355E-001
0.167	8.9346570E-001
0.168	8.9222878E-001
0.169	8.9098209E-001
0.17	8.8975024E-001
0.171	8.8846862E-001
0.172	8.8718623E-001
0.173	8.8715267E-001
0.174	8.8588989E-001
0.175	8.8459522E-001
0.176	8.8328958E-001
0.177	8.8197088E-001
0.178	8.8065022E-001
0.179	8.7930709E-001
0.18	8.7797701E-001
0.181	8.7661111E-001
0.182	8.7523246E-001
0.183	8.7387216E-001
0.184	8.7247443E-001
0.185	8.7243754E-001
0.186	8.7102443E-001
0.187	8.6960590E-001
0.188	8.6817175E-001
0.189	8.6671418E-001
0.19	8.6525774E-001
0.191	8.6378139E-001
0.192	8.6229491E-001
0.193	8.6080545E-001
0.194	8.5927796E-001
0.195	8.5775715E-001
0.196	8.5621381E-001
0.197	8.5466206E-001
0.198	8.5308206E-001
0.199	8.5150778E-001
0.2	8.4990656E-001
0.201	8.4834599E-001
0.202	8.4675628E-001
0.203	8.4518701E-001
0.204	8.4362149E-001
0.205	8.4205168E-001
0.206	8.4055954E-001
0.207	8.3902031E-001
0.208	7.7431720E-001
0.209	7.8679758E-001
0.21	7.9833949E-001
0.211	8.0269128E-001
0.212	8.0455011E-001
0.213	8.0515355E-001
0.214	8.0508322E-001
0.215	8.0453235E-001
0.216	8.0363750E-001
0.217	8.0249858E-001
0.218	8.0115128E-001
0.219	7.9809630E-001
0.22	7.9631466E-001
0.221	7.9444307E-001
0.222	7.9247922E-001
0.223	7.9044586E-001
0.224	7.8828239E-001
0.225	7.8606445E-001
0.226	7.8135926E-001
0.227	7.7890652E-001
0.228	7.7634406E-001
0.229	7.7369523E-001
0.23	7.7096665E-001
0.231	7.6817292E-001
0.232	7.6234514E-001
0.233	7.5927544E-001
0.234	7.5612348E-001
0.235	7.5285631E-001
0.236	7.4953043E-001
0.237	7.4252957E-001
0.238	7.3890221E-001
0.239	7.3510998E-001
0.24	7.3122680E-001
0.241	7.2722620E-001
0.242	7.1881044E-001
0.243	7.1441370E-001
0.244	7.0984441E-001
0.245	7.0512503E-001
0.246	6.9524336E-001
0.247	6.9001925E-001
0.248	6.8461621E-001
0.249	6.7900968E-001
0.25	6.6723496E-001
0.251	6.6104859E-001
0.252	6.5458870E-001
0.253	6.4101404E-001
0.254	6.3394368E-001
0.255	6.2655586E-001
0.256	6.1895800E-001
0.257	6.0337305E-001
0.258	5.9678042E-001
0.259	5.8446056E-001
0.26	5.6225026E-001
0.261	5.5104184E-001
0.262	5.3962904E-001
0.263	5.1642984E-001
0.264	5.0454885E-001
0.265	4.9261901E-001
0.266	4.6860039E-001
0.267	4.5657614E-001
0.268	4.3283644E-001
0.269	4.2113400E-001
0.27	4.0965542E-001
0.271	3.8728130E-001
0.272	3.7645587E-001
0.273	3.6589399E-001
0.274	3.4553093E-001
0.275	3.3578375E-001
0.276	3.1726962E-001
0.277	3.0852214E-001
0.278	3.0014116E-001
0.279	2.8450680E-001
0.28	2.7724656E-001
0.281	2.6381218E-001
0.282	2.5758919E-001
0.283	2.4592915E-001
0.284	2.4043356E-001
0.285	2.2990164E-001
0.286	2.2481184E-001
0.287	2.1978258E-001
0.288	2.0990542E-001
0.289	2.0503967E-001
0.29	1.9549887E-001
0.291	1.9085090E-001
0.292	1.8189299E-001
0.293	1.7763449E-001
0.294	1.6966252E-001
0.295	1.6598633E-001
0.296	1.5930474E-001
0.297	1.5629804E-001
0.298	1.5093261E-001
0.299	1.4854233E-001
0.3	1.4423770E-001
0.301	1.4040022E-001
0.302	1.3858336E-001
0.303	1.3503778E-001
0.304	1.3325737E-001
0.305	1.2959525E-001
0.306	1.2768596E-001
0.307	1.2367897E-001
0.308	1.2157176E-001
0.309	1.1720699E-001
0.31	1.1267883E-001
0.311	1.1039649E-001
0.312	1.0585325E-001
0.313	1.0363512E-001
0.314	9.9382646E-002
0.315	9.5472164E-002
0.316	9.3675703E-002
0.317	9.0441801E-002
0.318	8.9010134E-002
0.319	8.6525850E-002
0.32	8.4517203E-002
0.321	8.3671294E-002
0.322	8.2251593E-002
0.323	8.1104934E-002
0.324	8.0596715E-002
0.325	7.9655610E-002
0.326	7.8716099E-002
0.327	7.8217320E-002
0.328	7.7112660E-002
0.329	7.5819336E-002
0.33	7.5085342E-002
0.331	7.3435754E-002
0.332	7.1555100E-002
0.333	7.0523605E-002
0.334	6.8320997E-002
0.335	6.5970063E-002
0.336	6.4752370E-002
0.337	6.2299445E-002
0.338	5.9862509E-002
0.339	5.7518728E-002
0.34	5.6400932E-002
0.341	5.4314841E-002
0.342	5.2483913E-002
0.343	5.0920203E-002
0.344	5.0250605E-002
0.345	4.9141251E-002
0.346	4.8320252E-002
0.347	4.7774013E-002
0.348	4.7587600E-002
0.349	4.7368586E-002
0.35	4.7305107E-002
0.351	4.7334675E-002
0.352	4.7401220E-002
0.353	4.7424238E-002
0.354	4.7432777E-002
0.355	4.7338817E-002
0.356	4.7104083E-002
0.357	4.6697855E-002
0.358	4.6103436E-002
0.359	4.5730818E-002
0.36	4.4848341E-002
0.361	4.3786991E-002
0.362	4.2570233E-002
0.363	4.1225623E-002
0.364	3.9792605E-002
0.365	3.9053477E-002
0.366	3.7564393E-002
0.367	3.6092799E-002
0.368	3.4680851E-002
0.369	3.3368126E-002
0.37	3.2185618E-002
0.371	3.1160800E-002
0.372	3.0314827E-002
0.373	2.9654276E-002
0.374	2.9393798E-002
0.375	2.9013541E-002
0.376	2.8814655E-002
0.377	2.8772205E-002
0.378	2.8867323E-002
0.379	2.9068757E-002
0.38	2.9346406E-002
0.381	2.9665133E-002
0.382	2.9993102E-002
0.383	3.0297045E-002
0.384	3.0547708E-002
0.385	3.0719453E-002
0.386	3.0790081E-002
0.387	3.0743513E-002
0.388	3.0569945E-002
0.389	3.0262325E-002
0.39	2.9823024E-002
0.391	2.9258389E-002
0.392	2.8577246E-002
0.393	2.7796118E-002
0.394	2.6932649E-002
0.395	2.6010012E-002
0.396	2.5048971E-002
0.397	2.4075972E-002
0.398	2.3113495E-002
0.399	2.2185165E-002
0.4	2.1314556E-002
0.401	2.0518536E-002
0.402	1.9815363E-002
0.403	1.9217068E-002
0.404	1.8732818E-002
0.405	1.8368669E-002
0.406	1.8123059E-002
0.407	1.7995421E-002
0.408	1.7978914E-002
0.409	1.8062122E-002
0.41	1.8347153E-002
0.411	1.8620374E-002
0.412	1.8939264E-002
0.413	1.9285606E-002
0.414	1.9640198E-002
0.415	1.9985443E-002
0.416	2.0303333E-002
0.417	2.0578599E-002
0.418	2.0797003E-002
0.419	2.0994948E-002
0.42	2.1025265E-002
0.421	2.0968782E-002
0.422	2.0823596E-002
0.423	2.0589672E-002
0.424	2.0269295E-002
0.425	1.9642590E-002
0.426	1.9136872E-002
0.427	1.8573286E-002
0.428	1.7963829E-002
0.429	1.7321248E-002
0.43	1.6659390E-002
0.431	1.5662130E-002
0.432	1.5013463E-002
0.433	1.4391585E-002
0.434	1.3811780E-002
0.435	1.3039903E-002
0.436	1.2604563E-002
0.437	1.2238016E-002
0.438	1.1949345E-002
0.439	1.1737188E-002
0.44	1.1565828E-002
0.441	1.1547455E-002
0.442	1.1599506E-002
0.443	1.1717740E-002
0.444	1.2000750E-002
0.445	1.2246593E-002
0.446	1.2526924E-002
0.447	1.2989728E-002
0.448	1.3308906E-002
0.449	1.3624923E-002
0.45	1.3927257E-002
0.451	1.4335046E-002
0.452	1.4561653E-002
0.453	1.4744648E-002
0.454	1.4924982E-002
0.455	1.4973787E-002
0.456	1.4962928E-002
0.457	1.4834453E-002
0.458	1.4672501E-002
0.459	1.4452497E-002
0.46	1.4024408E-002
0.461	1.3677790E-002
0.462	1.3290507E-002
0.463	1.2649500E-002
0.464	1.2191720E-002
0.465	1.1481947E-002
0.466	1.1004436E-002
0.467	1.0533421E-002
0.468	9.8573314E-003
0.469	9.4371447E-003
0.47	9.0488633E-003
0.471	8.5423701E-003
0.472	8.2586510E-003
0.473	7.9276580E-003
0.474	7.7724010E-003
0.475	7.6393150E-003
0.476	7.6157758E-003
0.477	7.6430114E-003
0.478	7.7727214E-003
0.479	7.9129050E-003
0.48	8.1914514E-003
0.481	8.4141577E-003
0.482	8.7894900E-003
0.483	9.0568494E-003
0.484	9.4678923E-003
0.485	9.7379545E-003
0.486	1.0123243E-002
0.487	1.0356757E-002
0.488	1.0660817E-002
0.489	1.0824070E-002
0.49	1.1004099E-002
0.491	1.1074345E-002
0.492	1.1102522E-002
0.493	1.1067614E-002
0.494	1.0936202E-002
0.495	1.0795994E-002
0.496	1.0514713E-002
0.497	1.0282072E-002
0.498	9.8758610E-003
0.499	9.5719006E-003
0.5	9.0794265E-003
0.501	8.7329736E-003
0.502	8.2007227E-003
0.503	7.6683923E-003
0.504	7.3214071E-003
0.505	6.8263332E-003
0.506	6.5193400E-003
0.507	6.1050225E-003
0.508	5.8643105E-003
0.509	5.5635348E-003
0.51	5.3413799E-003
0.511	5.2394154E-003
0.512	5.1575224E-003
0.513	5.1492290E-003
0.514	5.2046957E-003
0.515	5.3355740E-003
0.516	5.4608188E-003
0.517	5.6985142E-003
0.518	5.9842747E-003
0.519	6.1951615E-003
0.52	6.5326779E-003
0.521	6.8819532E-003
0.522	7.1135792E-003
0.523	7.4503198E-003
0.524	7.7612987E-003
0.525	7.9478985E-003
0.526	8.1902752E-003
0.527	8.3777914E-003
0.528	8.4682368E-003
0.529	8.5498560E-003
0.53	8.5623506E-003
0.531	8.5310340E-003
0.532	8.4275091E-003
0.533	8.2569243E-003
0.534	8.0247754E-003
0.535	7.8378338E-003
0.536	7.5177141E-003
0.537	7.1571167E-003
0.538	6.7666261E-003
0.539	6.4947717E-003
0.54	6.0796016E-003
0.541	5.6655039E-003
0.542	5.2636191E-003
0.543	5.0078393E-003
0.544	4.6505593E-003
0.545	4.3332069E-003
0.546	4.0639783E-003
0.547	3.8482533E-003
0.548	3.7362366E-003
0.549	3.6195894E-003
0.55	3.5650497E-003
0.551	3.5727348E-003
0.552	3.6396666E-003
0.553	3.7153750E-003
0.554	3.8719862E-003
0.555	4.0745521E-003
0.556	4.3148659E-003
0.557	4.5844745E-003
0.558	4.8742015E-003
0.559	5.0730836E-003
0.56	5.3742947E-003
0.561	5.6694564E-003
0.562	5.9491768E-003
0.563	6.2044924E-003
0.564	6.4279069E-003
0.565	6.6124033E-003
0.566	6.7524491E-003
0.567	6.8436684E-003
0.568	6.8751504E-003
0.569	6.8794996E-003
0.57	6.8307389E-003
0.571	6.7299516E-003
0.572	6.5793949E-003
0.573	6.3833646E-003
0.574	6.1463476E-003
0.575	5.8746631E-003
0.576	5.5747991E-003
0.577	5.2545588E-003
0.578	4.9215062E-003
0.579	4.5841462E-003
0.58	4.2503946E-003
0.581	3.9282567E-003
0.582	3.6253717E-003
0.583	3.3488632E-003
0.584	3.1044867E-003
0.585	2.8981145E-003
0.586	2.7837267E-003
0.587	2.6488241E-003
0.588	2.5611159E-003
0.589	2.5207198E-003
0.59	2.5415146E-003
0.591	2.6104841E-003
0.592	2.7226151E-003
0.593	2.8739362E-003
0.594	3.0597388E-003
0.595	3.2745264E-003
0.596	3.5122393E-003
0.597	3.7662489E-003
0.598	4.0296013E-003
0.599	4.2953766E-003
0.6	4.5566182E-003
0.601	4.8065865E-003
0.602	5.0388980E-003
0.603	5.2475408E-003
0.604	5.4276511E-003
0.605	5.5743358E-003
0.606	5.6845597E-003
0.607	5.7701776E-003
0.608	5.7854732E-003
0.609	5.7591219E-003
0.61	5.6908694E-003
0.611	5.5832472E-003
0.612	5.4374062E-003
0.613	5.2571297E-003
0.614	5.0465702E-003
0.615	4.8098173E-003
0.616	4.4632051E-003
0.617	4.1866731E-003
0.618	3.9025806E-003
0.619	3.6170003E-003
0.62	3.3359239E-003
0.621	3.0652673E-003
0.622	2.7299016E-003
0.623	2.5038566E-003
0.624	2.3050371E-003
0.625	2.1368812E-003
0.626	2.0028721E-003
0.627	1.8810177E-003
0.628	1.8336565E-003
0.629	1.8252525E-003
0.63	1.8551012E-003
0.631	1.9220128E-003
0.632	2.0656856E-003
0.633	2.2102122E-003
0.634	2.3825872E-003
0.635	2.5788429E-003
0.636	2.8697799E-003
0.637	3.1032080E-003
0.638	3.3441572E-003
0.639	3.5873256E-003
0.64	3.9063487E-003
0.641	4.1343551E-003
0.642	4.3478776E-003
0.643	4.5422278E-003
0.644	4.7652894E-003
0.645	4.9001998E-003
0.646	5.0048125E-003
0.647	5.0938888E-003
0.648	5.1203785E-003
0.649	5.1120203E-003
0.65	5.0473413E-003
0.651	4.9593188E-003
0.652	4.8391833E-003
0.653	4.6343333E-003
0.654	4.4498523E-003
0.655	4.2434381E-003
0.656	3.9407150E-003
0.657	3.6982398E-003
0.658	3.4475287E-003
0.659	3.1091368E-003
0.66	2.8576201E-003
0.661	2.6134006E-003
0.662	2.3069673E-003
0.663	2.0965929E-003
0.664	1.8493120E-003
0.665	1.6925699E-003
0.666	1.5639940E-003
0.667	1.4396103E-003
0.668	1.3833613E-003
0.669	1.3596023E-003
0.67	1.3801784E-003
0.671	1.4578050E-003
0.672	1.5516032E-003
0.673	1.6741077E-003
0.674	1.8778826E-003
0.675	2.0569088E-003
0.676	2.3244452E-003
0.677	2.5414892E-003
0.678	2.8457418E-003
0.679	3.0791373E-003
0.68	3.3899569E-003
0.681	3.6167274E-003
0.682	3.9039303E-003
0.683	4.1022338E-003
0.684	4.3382687E-003
0.685	4.4892486E-003
0.686	4.6520596E-003
0.687	4.7414773E-003
0.688	4.8157298E-003
0.689	4.8355227E-003
0.69	4.8148329E-003
0.691	4.7630235E-003
0.692	4.6486994E-003
0.693	4.5299204E-003
0.694	4.3325583E-003
0.695	4.1575506E-003
0.696	3.8945705E-003
0.697	3.6788606E-003
0.698	3.3739698E-003
0.699	3.0569506E-003
0.7	2.8164666E-003
0.701	2.5000714E-003
0.702	2.2707367E-003
0.703	1.9828479E-003
0.704	1.7845510E-003
0.705	1.5499764E-003
0.706	1.3553137E-003
0.707	1.2388075E-003
0.708	1.1264379E-003
0.709	1.0762907E-003
0.71	1.0557537E-003
0.711	1.0890804E-003
0.712	1.1488227E-003
0.713	1.2728376E-003
0.714	1.4446711E-003
0.715	1.6017805E-003
0.716	1.8445646E-003
0.717	2.1190452E-003
0.718	2.3409047E-003
0.719	2.6523946E-003
0.72	2.9734282E-003
0.721	3.2150378E-003
0.722	3.5320923E-003
0.723	3.8350734E-003
0.724	4.0475382E-003
0.725	4.3067294E-003
0.726	4.5308522E-003
0.727	4.7144271E-003
0.728	4.8221722E-003
0.729	4.9235555E-003
0.73	4.9743303E-003
0.731	4.9773012E-003
0.732	4.9360353E-003
0.733	4.8437128E-003
0.734	4.7020447E-003
0.735	4.5652250E-003
0.736	4.3474426E-003
0.737	4.0928856E-003
0.738	3.8084378E-003
0.739	3.5797437E-003
0.74	3.2606814E-003
0.741	2.9327706E-003
0.742	2.6047500E-003
0.743	2.2847436E-003
0.744	2.0547740E-003
0.745	1.7684707E-003
0.746	1.5120062E-003
0.747	1.2918161E-003
0.748	1.1140784E-003
0.749	9.8328816E-004
0.75	9.1835996E-004
0.751	8.7837595E-004
0.752	8.9281512E-004
0.753	9.6130092E-004
0.754	1.0834215E-003
0.755	1.2565273E-003
0.756	1.4173323E-003
0.757	1.6698253E-003
0.758	1.9605383E-003
0.759	2.2829061E-003
0.76	2.6296338E-003
0.761	2.9928735E-003
0.762	3.3643851E-003
0.763	3.7356745E-003
0.764	4.0981043E-003
0.765	4.3590628E-003
0.766	4.6868008E-003
0.767	4.9839881E-003
0.768	5.2441135E-003
0.769	5.4610590E-003
0.77	5.6292582E-003
0.771	5.7459013E-003
0.772	5.8075376E-003
0.773	5.8129821E-003
0.774	5.7616537E-003
0.775	5.6543057E-003
0.776	5.4945420E-003
0.777	5.2843546E-003
0.778	5.0289081E-003
0.779	4.7338312E-003
0.78	4.4053728E-003
0.781	4.0514767E-003
0.782	3.6798636E-003
0.783	3.2989413E-003
0.784	2.9176788E-003
0.785	2.5449016E-003
0.786	2.1893268E-003
0.787	1.8596030E-003
0.788	1.5638007E-003
0.789	1.3093887E-003
0.79	1.1031807E-003
0.791	9.5071137E-004
0.792	8.5696002E-004
0.793	8.2514854E-004
0.794	8.5738493E-004
0.795	9.5488661E-004
0.796	1.1168952E-003
0.797	1.3415483E-003
0.798	1.6257520E-003
0.799	1.9650396E-003
0.8	2.3535269E-003
0.801	2.7846547E-003
0.802	3.3718285E-003
0.803	3.8692555E-003
0.804	4.3813107E-003
0.805	4.8987456E-003
0.806	5.4112319E-003
0.807	5.9088026E-003
0.808	6.3823541E-003
0.809	6.8220370E-003
0.81	7.3120510E-003
0.811	7.6456703E-003
0.812	7.9198135E-003
0.813	8.1295045E-003
0.814	8.2697598E-003
0.815	8.3382567E-003
0.816	8.3319573E-003
0.817	8.2206698E-003
0.818	8.0494499E-003
0.819	7.8068245E-003
0.82	7.4988930E-003
0.821	7.1301465E-003
0.822	6.5966416E-003
0.823	6.1200284E-003
0.824	5.6104492E-003
0.825	5.0776135E-003
0.826	4.5331996E-003
0.827	3.8539397E-003
0.828	3.3259692E-003
0.829	2.8248404E-003
0.83	2.3628720E-003
0.831	1.8578927E-003
0.832	1.5248477E-003
0.833	1.2665343E-003
0.834	1.0912146E-003
0.835	1.0008295E-003
0.836	1.0389989E-003
0.837	1.1793586E-003
0.838	1.4253911E-003
0.839	1.8815257E-003
0.84	2.3633444E-003
0.841	2.9453782E-003
0.842	3.8058332E-003
0.843	4.5901528E-003
0.844	5.4496825E-003
0.845	6.6136536E-003
0.846	7.5994409E-003
0.847	8.6189499E-003
0.848	9.9196881E-003
0.849	1.0959572E-002
0.85	1.1981941E-002
0.851	1.3212816E-002
0.852	1.4136831E-002
0.853	1.4992726E-002
0.854	1.5942840E-002
0.855	1.6590388E-002
0.856	1.7123150E-002
0.857	1.7614434E-002
0.858	1.7856054E-002
0.859	1.7962817E-002
0.86	1.7881505E-002
0.861	1.7653892E-002
0.862	1.7164424E-002
0.863	1.6612770E-002
0.864	1.5737919E-002
0.865	1.4898925E-002
0.866	1.3950703E-002
0.867	1.2638725E-002
0.868	1.1507859E-002
0.869	1.0031315E-002
0.87	8.8275690E-003
0.871	7.3413933E-003
0.872	6.2019788E-003
0.873	5.1417458E-003
0.874	3.9783684E-003
0.875	3.2183065E-003
0.876	2.5407630E-003
0.877	2.2605094E-003
0.878	2.2955039E-003
0.879	2.6719857E-003
0.88	3.6331629E-003
0.881	4.8315134E-003
0.882	6.9098570E-003
0.883	9.0634217E-003
0.884	1.2400236E-002
0.885	1.5597881E-002
0.886	2.0269576E-002
0.887	2.4544381E-002
0.888	3.0550046E-002
0.889	3.5862334E-002
0.89	4.3114167E-002
0.891	5.0998744E-002
0.892	5.7702228E-002
0.893	6.6534452E-002
0.894	7.3894911E-002
0.895	8.3406024E-002
0.896	9.1198646E-002
0.897	1.0108391E-001
0.898	1.1103640E-001
0.899	1.1897151E-001
0.9	1.2881589E-001
0.901	1.3653013E-001
0.902	1.4593007E-001
0.903	1.5498641E-001
0.904	1.6192058E-001
0.905	1.7019582E-001
0.906	1.7640719E-001
0.907	1.8366261E-001
0.908	1.9031607E-001
0.909	1.9516516E-001
0.91	2.0066331E-001
0.911	2.0546095E-001
0.912	2.0878994E-001
0.913	2.1232596E-001
0.914	2.1517289E-001
0.915	2.1693665E-001
0.916	2.1852367E-001
0.917	2.1946234E-001
0.918	2.1970385E-001
0.919	2.1945469E-001
0.92	2.1853633E-001
0.921	2.1735662E-001
0.922	2.1534564E-001
0.923	2.1278915E-001
0.924	2.0966256E-001
0.925	2.0675951E-001
0.926	2.0270681E-001
0.927	1.9816247E-001
0.928	1.9317915E-001
0.929	1.8886875E-001
0.93	1.8316862E-001
0.931	1.7707404E-001
0.932	1.7064469E-001
0.933	1.6528662E-001
0.934	1.5834387E-001
0.935	1.5117572E-001
0.936	1.4379573E-001
0.937	1.3776428E-001
0.938	1.3012038E-001
0.939	1.2239598E-001
0.94	1.1462008E-001
0.941	1.0682597E-001
0.942	1.0061327E-001
0.943	9.2910446E-002
0.944	8.5317038E-002
0.945	7.7875905E-002
0.946	7.0628420E-002
0.947	6.3614070E-002
0.948	5.8200926E-002
0.949	5.1699657E-002
0.95	4.5530681E-002
0.951	3.9724585E-002
0.952	3.4306359E-002
0.953	2.9299583E-002
0.954	2.4716280E-002
0.955	2.1362031E-002
0.956	1.7569901E-002
0.957	1.4221974E-002
0.958	1.1313939E-002
0.959	8.8363606E-003
0.96	6.7756646E-003
0.961	5.1126541E-003
0.962	3.8242466E-003
0.963	2.8832450E-003
0.964	2.2610871E-003
0.965	1.9251826E-003
0.966	1.8402769E-003
0.967	1.9348498E-003
0.968	2.2188521E-003
0.969	2.6590582E-003
0.97	3.2211710E-003
0.971	3.8731373E-003
0.972	4.5837918E-003
0.973	5.3251567E-003
0.974	6.0709342E-003
0.975	6.7985868E-003
0.976	7.4872794E-003
0.977	8.1194462E-003
0.978	8.6815003E-003
0.979	9.1610700E-003
0.98	9.5506888E-003
0.981	9.8438701E-003
0.982	1.0036466E-002
0.983	1.0130218E-002
0.984	1.0123180E-002
0.985	1.0020160E-002
0.986	9.8271333E-003
0.987	9.5490851E-003
0.988	9.1954498E-003
0.989	8.7736193E-003
0.99	8.2940478E-003
0.991	7.7676415E-003
0.992	7.0882794E-003
0.993	6.4943447E-003
0.994	5.8875866E-003
0.995	5.2775340E-003
0.996	4.6745534E-003
0.997	4.0879049E-003
0.998	3.5261826E-003
0.999	2.9967350E-003
1	2.5064629E-003
1.001	2.0610064E-003
1.002	1.6648744E-003
1.003	1.2595053E-003
1.004	9.8236557E-004
1.005	7.6162542E-004
1.006	5.9711869E-004
1.007	4.8773698E-004
1.008	4.3139124E-004
1.009	4.2502099E-004
1.01	4.7842175E-004
1.011	5.6840660E-004
1.012	6.9457572E-004
1.013	8.5134705E-004
1.014	1.0331526E-003
1.015	1.2342456E-003
1.016	1.4927911E-003
1.017	1.7157025E-003
1.018	1.9395041E-003
1.019	2.1589098E-003
1.02	2.3690341E-003
1.021	2.6030147E-003
1.022	2.7775962E-003
1.023	2.9306298E-003
1.024	3.0592298E-003
1.025	3.1786873E-003
1.026	3.2469556E-003
1.027	3.2859587E-003
1.028	3.2959357E-003
1.029	3.2702724E-003
1.03	3.2180115E-003
1.031	3.1393599E-003
1.032	3.0366413E-003
1.033	2.8846473E-003
1.034	2.7370711E-003
1.035	2.5735963E-003
1.036	2.3609702E-003
1.037	2.1737127E-003
1.038	1.9807038E-003
1.039	1.7855484E-003
1.04	1.5528911E-003
1.041	1.3637561E-003
1.042	1.1820154E-003
1.043	9.7759219E-004
1.044	8.2110945E-004
1.045	6.7948684E-004
1.046	5.3158985E-004
1.047	4.2803690E-004
1.048	3.4346525E-004
1.049	2.6772742E-004
1.05	2.2612217E-004
1.051	2.0171574E-004
1.052	2.0192194E-004
1.053	2.1973094E-004
1.054	2.6271149E-004
1.055	3.1468441E-004
1.056	3.7957018E-004
1.057	4.7182487E-004
1.058	5.5825041E-004
1.059	6.7041401E-004
1.06	7.6826784E-004
1.061	8.6789666E-004
1.062	9.8695559E-004
1.063	1.0832348E-003
1.064	1.1927217E-003
1.065	1.2685962E-003
1.066	1.3597320E-003
1.067	1.4252327E-003
1.068	1.4896579E-003
1.069	1.5306688E-003
1.07	1.5637754E-003
1.071	1.5773909E-003
1.072	1.5783387E-003
1.073	1.5632157E-003
1.074	1.5372091E-003
1.075	1.4911535E-003
1.076	1.4410889E-003
1.077	1.3687944E-003
1.078	1.2994062E-003
1.079	1.2073556E-003
1.08	1.1246104E-003
1.081	1.0206220E-003
1.082	9.1344299E-004
1.083	8.2352548E-004
1.084	7.1711472E-004
1.085	6.3111208E-004
1.086	5.3313834E-004
1.087	4.5706559E-004
1.088	3.7413446E-004
1.089	3.1291746E-004
1.09	2.5004894E-004
1.091	2.0710060E-004
1.092	1.6751823E-004
1.093	1.4119735E-004
1.094	1.2948259E-004
1.095	1.2739393E-004
1.096	1.3526941E-004
1.097	1.5559311E-004
1.098	1.8674480E-004
1.099	2.2006140E-004
1.1	2.6769130E-004
1.101	3.1263818E-004
1.102	3.7148129E-004
1.103	4.3403142E-004
1.104	4.8764722E-004
1.105	5.5239053E-004
1.106	6.1586924E-004
1.107	6.6663965E-004
1.108	7.2369806E-004
1.109	7.7517447E-004
1.11	8.1303541E-004
1.111	8.5144379E-004
1.112	8.8149548E-004
1.113	8.9950423E-004
1.114	9.1268477E-004
1.115	9.1625669E-004
1.116	9.1184583E-004
1.117	8.9822424E-004
1.118	8.7567186E-004
1.119	8.4485143E-004
1.12	8.1341621E-004
1.121	7.6967548E-004
1.122	7.2038785E-004
1.123	6.7576265E-004
1.124	6.1922311E-004
1.125	5.6053232E-004
1.126	5.0098257E-004
1.127	4.5158170E-004
1.128	3.9371342E-004
1.129	3.3845732E-004
1.13	2.8688801E-004
1.131	2.3999062E-004
1.132	2.0507527E-004
1.133	1.6882352E-004
1.134	1.3925663E-004
1.135	1.1679975E-004
1.136	1.0166274E-004
1.137	9.4686286E-005
1.138	9.3054419E-005
1.139	9.8523669E-005
1.14	1.1071999E-004
1.141	1.2910842E-004
1.142	1.4871593E-004
1.143	1.7674056E-004
1.144	2.0888739E-004
1.145	2.4426970E-004
1.146	2.8193026E-004
1.147	3.2092968E-004
1.148	3.6027178E-004
1.149	3.9262752E-004
1.15	4.3018282E-004
1.151	4.6549120E-004
1.152	4.9779261E-004
1.153	5.2636105E-004
1.154	5.5058318E-004
1.155	5.6996185E-004
1.156	5.8411219E-004
1.157	5.9277820E-004
1.158	5.9563882E-004
1.159	5.9399370E-004
1.16	5.8679265E-004
1.161	5.7424459E-004
1.162	5.5672770E-004
1.163	5.3462188E-004
1.164	5.0844974E-004
1.165	4.7880269E-004
1.166	4.4629976E-004
1.167	4.1169696E-004
1.168	3.7568121E-004
1.169	3.3899368E-004
1.17	3.0239503E-004
1.171	2.6660430E-004
1.172	2.3228982E-004
1.173	2.0012258E-004
1.174	1.7067369E-004
1.175	1.4446279E-004
1.176	1.2193053E-004
1.177	1.0343094E-004
1.178	8.9210400E-005
1.179	7.9442383E-005
1.18	7.4196258E-005
1.181	7.3446237E-005
1.182	7.7073579E-005
1.183	8.4882660E-005
1.184	9.6562937E-005
1.185	1.1176747E-004
1.186	1.3005834E-004
1.187	1.5096283E-004
1.188	1.7394990E-004
1.189	1.9846523E-004
1.19	2.2392742E-004
1.191	2.5407845E-004
1.192	2.7961438E-004
1.193	3.0427487E-004
1.194	3.2756134E-004
1.195	3.4894957E-004
1.196	3.6801654E-004
1.197	3.8440104E-004
1.198	3.9774424E-004
1.199	4.0783803E-004
1.2	4.1526070E-004
1.201	4.1771703E-004
1.202	4.1660556E-004
1.203	4.1193981E-004
1.204	4.0385657E-004
1.205	3.9257796E-004
1.206	3.7830535E-004
1.207	3.5835910E-004
1.208	3.3876827E-004
1.209	3.1734482E-004
1.21	2.9449177E-004
1.211	2.7068498E-004
1.212	2.4636096E-004
1.213	2.1797676E-004
1.214	1.9413362E-004
1.215	1.7121270E-004
1.216	1.4961825E-004
1.217	1.2661637E-004
1.218	1.0913848E-004
1.219	9.4032795E-005
1.22	8.1522900E-005
1.221	7.1796829E-005
1.222	6.4116415E-005
1.223	6.0732964E-005
1.224	6.0297290E-005
1.225	6.2737949E-005
1.226	6.9081419E-005
1.227	7.7291079E-005
1.228	8.7829234E-005
1.229	1.0271700E-004
1.23	1.1734044E-004
1.231	1.3333657E-004
1.232	1.5035171E-004
1.233	1.7101907E-004
1.234	1.8896526E-004
1.235	2.0675913E-004
1.236	2.2686317E-004
1.237	2.4310064E-004
1.238	2.5810790E-004
1.239	2.7368159E-004
1.24	2.8505619E-004
1.241	2.9440687E-004
1.242	3.0255067E-004
1.243	3.0701142E-004
1.244	3.0903853E-004
1.245	3.0840095E-004
1.246	3.0521548E-004
1.247	2.9974841E-004
1.248	2.9060768E-004
1.249	2.8057391E-004
1.25	2.6663044E-004
1.251	2.5296546E-004
1.252	2.3804379E-004
1.253	2.1940298E-004
1.254	2.0268701E-004
1.255	1.8277785E-004
1.256	1.6569132E-004
1.257	1.4890809E-004
1.258	1.3011214E-004
1.259	1.1496299E-004
1.26	9.8782642E-005
1.261	8.6432294E-005
1.262	7.4082644E-005
1.263	6.5421293E-005
1.264	5.8670084E-005
1.265	5.3323562E-005
1.266	5.0936600E-005
1.267	5.0727871E-005
1.268	5.2707834E-005
1.269	5.7424899E-005
1.27	6.3384927E-005
1.271	7.2398798E-005
1.272	8.1662954E-005
1.273	9.4006733E-005
1.274	1.0562638E-004
1.275	1.2008660E-004
1.276	1.3295539E-004
1.277	1.4818972E-004
1.278	1.6113074E-004
1.279	1.7577062E-004
1.28	1.8764140E-004
1.281	2.0042880E-004
1.282	2.1174295E-004
1.283	2.2004302E-004
1.284	2.2796293E-004
1.285	2.3303682E-004
1.286	2.3693372E-004
1.287	2.3840951E-004
1.288	2.3799001E-004
1.289	2.3527085E-004
1.29	2.3115407E-004
1.291	2.2441367E-004
1.292	2.1707511E-004
1.293	2.0691642E-004
1.294	1.9525494E-004
1.295	1.8426773E-004
1.296	1.7058416E-004
1.297	1.5832807E-004
1.298	1.4373253E-004
1.299	1.2911747E-004
1.3	1.1681172E-004
1.301	1.0302265E-004
1.302	9.0115776E-005
1.303	7.9953170E-005
1.304	6.9385664E-005
1.305	6.0394865E-005
1.306	5.4068179E-005
1.307	4.8430637E-005
1.308	4.4745499E-005
1.309	4.3166929E-005
1.31	4.3183867E-005
1.311	4.5155084E-005
1.312	4.8321497E-005
1.313	5.3642092E-005
1.314	6.0554488E-005
1.315	6.8861140E-005
1.316	7.6914090E-005
1.317	8.7193279E-005
1.318	9.8164935E-005
1.319	1.0790039E-004
1.32	1.1942198E-004
1.321	1.3083729E-004
1.322	1.4186930E-004
1.323	1.5081507E-004
1.324	1.6048126E-004
1.325	1.6907265E-004
1.326	1.7640088E-004
1.327	1.8230305E-004
1.328	1.8610913E-004
1.329	1.8905023E-004
1.33	1.9030352E-004
1.331	1.8984654E-004
1.332	1.8769747E-004
1.333	1.8452585E-004
1.334	1.7942075E-004
1.335	1.7289241E-004
1.336	1.6507899E-004
1.337	1.5615940E-004
1.338	1.4778515E-004
1.339	1.3737266E-004
1.34	1.2648631E-004
1.341	1.1535119E-004
1.342	1.0421004E-004
1.343	9.3299335E-005
1.344	8.2845807E-005
1.345	7.4406067E-005
1.346	6.5359985E-005
1.347	5.7331581E-005
1.348	5.0476490E-005
1.349	4.4921861E-005
1.35	4.0766703E-005
1.351	3.8068301E-005
1.352	3.6858961E-005
1.353	3.7143946E-005
1.354	3.8877832E-005
1.355	4.1473751E-005
1.356	4.5719018E-005
1.357	5.1159324E-005
1.358	5.7649777E-005
1.359	6.5028922E-005
1.36	7.3118244E-005
1.361	8.1725513E-005
1.362	9.0645852E-005
1.363	9.9679826E-005
1.364	1.0862148E-004
1.365	1.1726561E-004
1.366	1.2542792E-004
1.367	1.3293012E-004
1.368	1.3959935E-004
1.369	1.4531077E-004
1.37	1.4992774E-004
1.371	1.5337369E-004
1.372	1.5557012E-004
1.373	1.5646755E-004
1.374	1.5606993E-004
1.375	1.5437331E-004
1.376	1.5144194E-004
1.377	1.4732001E-004
1.378	1.4211942E-004
1.379	1.3593720E-004
1.38	1.2891481E-004
1.381	1.2120254E-004
1.382	1.1294990E-004
1.383	1.0433882E-004
1.384	9.5544201E-005
1.385	8.6739616E-005
1.386	7.6899858E-005
1.387	6.8664049E-005
1.388	6.0951839E-005
1.389	5.3908534E-005
1.39	4.7667250E-005
1.391	4.2340245E-005
1.392	3.8024686E-005
1.393	3.4787583E-005
1.394	3.2683787E-005
1.395	3.1730764E-005
1.396	3.2061595E-005
1.397	3.3560122E-005
1.398	3.6139641E-005
1.399	3.9725644E-005
1.4	4.4234959E-005
1.401	4.9556540E-005
1.402	5.6021076E-005
1.403	6.2621126E-005
1.404	6.9620110E-005
1.405	7.6865981E-005
1.406	8.4202555E-005
1.407	9.1473106E-005
1.408	9.9523808E-005
1.409	1.0615768E-004
1.41	1.1226894E-004
1.411	1.1773625E-004
1.412	1.2245800E-004
1.413	1.2681665E-004
1.414	1.2963683E-004
1.415	1.3147210E-004
1.416	1.3229052E-004
1.417	1.3196738E-004
1.418	1.3058221E-004
1.419	1.2821714E-004
1.42	1.2490740E-004
1.421	1.2008256E-004
1.422	1.1501626E-004
1.423	1.0928394E-004
1.424	1.0299667E-004
1.425	9.5296127E-005
1.426	8.8245826E-005
1.427	8.1045582E-005
1.428	7.3841300E-005
1.429	6.5776600E-005
1.43	5.9007998E-005
1.431	5.2642405E-005
1.432	4.6015677E-005
1.433	4.0892523E-005
1.434	3.6499325E-005
1.435	3.2465727E-005
1.436	2.9860694E-005
1.437	2.8169186E-005
1.438	2.7369979E-005
1.439	2.7665870E-005
1.44	2.8874858E-005
1.441	3.1328385E-005
1.442	3.4350101E-005
1.443	3.8721111E-005
1.444	4.3245171E-005
1.445	4.8325575E-005
1.446	5.4680906E-005
1.447	6.0586954E-005
1.448	6.6694927E-005
1.449	7.3769384E-005
1.45	7.9895435E-005
1.451	8.6673041E-005
1.452	9.2268165E-005
1.453	9.8153978E-005
1.454	1.0272855E-004
1.455	1.0668250E-004
1.456	1.1035961E-004
1.457	1.1276166E-004
1.458	1.1452218E-004
1.459	1.1516232E-004
1.46	1.1486802E-004
1.461	1.1371142E-004
1.462	1.1140013E-004
1.463	1.0854737E-004
1.464	1.0442525E-004
1.465	1.0013460E-004
1.466	9.4558869E-005
1.467	8.9192574E-005
1.468	8.2641724E-005
1.469	7.6653945E-005
1.47	7.0545830E-005
1.471	6.3565189E-005
1.472	5.6734039E-005
1.473	5.0999326E-005
1.474	4.4870150E-005
1.475	3.9974180E-005
1.476	3.5034005E-005
1.477	3.1356416E-005
1.478	2.7984424E-005
1.479	2.5805784E-005
1.48	2.4247445E-005
1.481	2.3709834E-005
1.482	2.4057166E-005
1.483	2.5396179E-005
1.484	2.7352728E-005
1.485	3.0431605E-005
1.486	3.3794204E-005
1.487	3.8320210E-005
1.488	4.3457196E-005
1.489	4.8350616E-005
1.49	5.4281540E-005
1.491	5.9649487E-005
1.492	6.5863460E-005
1.493	7.2016170E-005
1.494	7.7225457E-005
1.495	8.2860075E-005
1.496	8.8035682E-005
1.497	9.2074690E-005
1.498	9.6059011E-005
1.499	9.8896671E-005
1.5	1.0136097E-004
1.501	1.0293280E-004
1.502	1.0354149E-004
1.503	1.0335597E-004
1.504	1.0223288E-004
1.505	1.0020321E-004
1.506	9.7713382E-005
1.507	9.4130788E-005
1.508	8.9821100E-005
1.509	8.5537817E-005
1.51	8.0167287E-005
1.511	7.4394455E-005
1.512	6.8351510E-005
1.513	6.2949613E-005
1.514	5.6777666E-005
1.515	5.0728526E-005
1.516	4.5640951E-005
1.517	4.0185980E-005
1.518	3.5218327E-005
1.519	3.0851159E-005
1.52	2.7588887E-005
1.521	2.4575123E-005
1.522	2.2383636E-005
1.523	2.1058140E-005
1.524	2.0613243E-005
1.525	2.0953697E-005
1.526	2.2167311E-005
1.527	2.4223242E-005
1.528	2.7070702E-005
1.529	3.0639414E-005
1.53	3.4285375E-005
1.531	3.8969498E-005
1.532	4.4096643E-005
1.533	4.9550184E-005
1.534	5.5204051E-005
1.535	6.0934806E-005
1.536	6.5902765E-005
1.537	7.1420756E-005
1.538	7.6653523E-005
1.539	8.1481448E-005
1.54	8.5801446E-005
1.541	8.9507412E-005
1.542	9.2533541E-005
1.543	9.4556570E-005
1.544	9.6120675E-005
1.545	9.6866512E-005
1.546	9.6757321E-005
1.547	9.5814823E-005
1.548	9.4041425E-005
1.549	9.1494447E-005
1.55	8.8220644E-005
1.551	8.4288280E-005
1.552	7.9784659E-005
1.553	7.4814881E-005
1.554	6.9476540E-005
1.555	6.4587177E-005
1.556	5.8875044E-005
1.557	5.3137883E-005
1.558	4.7495079E-005
1.559	4.2068830E-005
1.56	3.6972415E-005
1.561	3.2311316E-005
1.562	2.8182963E-005
1.563	2.4674522E-005
1.564	2.1858432E-005
1.565	1.9791711E-005
1.566	1.8515031E-005
1.567	1.8054790E-005
1.568	1.8417928E-005
1.569	1.9594780E-005
1.57	2.1559037E-005
1.571	2.4269049E-005
1.572	2.7661379E-005
1.573	3.1667212E-005
1.574	3.6203066E-005
1.575	4.1169376E-005
1.576	4.6462872E-005
1.577	5.2674492E-005
1.578	5.8289417E-005
1.579	6.3874053E-005
1.58	6.9307040E-005
1.581	7.4480689E-005
1.582	7.9287071E-005
1.583	8.3624334E-005
1.584	8.7399210E-005
1.585	9.0547670E-005
1.586	9.2989525E-005
1.587	9.4675132E-005
1.588	9.5580588E-005
1.589	9.5643401E-005
1.59	9.4835203E-005
1.591	9.3236893E-005
1.592	9.0874310E-005
1.593	8.8015622E-005
1.594	8.4339663E-005
1.595	8.0085279E-005
1.596	7.4723146E-005
1.597	6.9540183E-005
1.598	6.4075059E-005
1.599	5.8447367E-005
1.6	5.2766743E-005
1.601	4.7147922E-005
1.602	4.1045398E-005
1.603	3.5932113E-005
1.604	3.1224456E-005
1.605	2.7015536E-005
1.606	2.3394019E-005
1.607	2.0117981E-005
1.608	1.7974566E-005
1.609	1.6605713E-005
1.61	1.6042011E-005
1.611	1.6298112E-005
1.612	1.7564722E-005
1.613	1.9536245E-005
1.614	2.2268905E-005
1.615	2.5711324E-005
1.616	3.0355954E-005
1.617	3.5078141E-005
1.618	4.0268329E-005
1.619	4.5827808E-005
1.62	5.2392810E-005
1.621	5.8376543E-005
1.622	6.4381609E-005
1.623	7.1024733E-005
1.624	7.6690536E-005
1.625	8.2026498E-005
1.626	8.6928034E-005
1.627	9.1810049E-005
1.628	9.5481868E-005
1.629	9.8451004E-005
1.63	1.0089586E-004
1.631	1.0220973E-004
1.632	1.0268627E-004
1.633	1.0223036E-004
1.634	1.0092474E-004
1.635	9.8489290E-005
1.636	9.5499221E-005
1.637	9.1790760E-005
1.638	8.6867978E-005
1.639	8.1897793E-005
1.64	7.6466502E-005
1.641	6.9948845E-005
1.642	6.3903703E-005
1.643	5.7745965E-005
1.644	5.0846353E-005
1.645	4.4855926E-005
1.646	3.8438939E-005
1.647	3.3142755E-005
1.648	2.7790726E-005
1.649	2.3669638E-005
1.65	2.0246705E-005
1.651	1.7316810E-005
1.652	1.5595417E-005
1.653	1.4715655E-005
1.654	1.4900739E-005
1.655	1.6206894E-005
1.656	1.8333718E-005
1.657	2.1783093E-005
1.658	2.5737774E-005
1.659	3.1112355E-005
1.66	3.6621648E-005
1.661	4.2732197E-005
1.662	5.0199556E-005
1.663	5.7235506E-005
1.664	6.5452492E-005
1.665	7.2874034E-005
1.666	8.1205450E-005
1.667	8.8441222E-005
1.668	9.6231437E-005
1.669	1.0346973E-004
1.67	1.0931040E-004
1.671	1.1508204E-004
1.672	1.1938939E-004
1.673	1.2322118E-004
1.674	1.2562457E-004
1.675	1.2717894E-004
1.676	1.2747615E-004
1.677	1.2659843E-004
1.678	1.2473117E-004
1.679	1.2145276E-004
1.68	1.1700291E-004
1.681	1.1211717E-004
1.682	1.0571223E-004
1.683	9.9300814E-005
1.684	9.1441849E-005
1.685	8.3068458E-005
1.686	7.5340671E-005
1.687	6.6528679E-005
1.688	5.8743743E-005
1.689	5.0245380E-005
1.69	4.2220832E-005
1.691	3.5651923E-005
1.692	2.9080002E-005
1.693	2.3550238E-005
1.694	1.9640354E-005
1.695	1.6508760E-005
1.696	1.4837025E-005
1.697	1.4644331E-005
1.698	1.5951595E-005
1.699	1.8894092E-005
1.7	2.2886807E-005
1.701	2.8897071E-005
1.702	3.6452864E-005
1.703	4.4383331E-005
1.704	5.4561613E-005
1.705	6.5915185E-005
1.706	7.8255543E-005
1.707	8.9881061E-005
1.708	1.0349435E-004
1.709	1.1744168E-004
1.71	1.2988770E-004
1.711	1.4373881E-004
1.712	1.5714022E-004
1.713	1.6985548E-004
1.714	1.8033791E-004
1.715	1.9100429E-004
1.716	2.0028088E-004
1.717	2.0791733E-004
1.718	2.1376528E-004
1.719	2.1731923E-004
1.72	2.1938236E-004
1.721	2.1932022E-004
1.722	2.1711034E-004
1.723	2.1274154E-004
1.724	2.0707100E-004
1.725	1.9882222E-004
1.726	1.8869997E-004
1.727	1.7689122E-004
1.728	1.6362002E-004
1.729	1.5080576E-004
1.73	1.3556033E-004
1.731	1.1974890E-004
1.732	1.0462216E-004
1.733	8.8796136E-005
1.734	7.3572643E-005
1.735	5.9383579E-005
1.736	4.8002501E-005
1.737	3.6994013E-005
1.738	2.8316794E-005
1.739	2.2414861E-005
1.74	1.9698069E-005
1.741	2.0575630E-005
1.742	2.5427664E-005
1.743	3.4587414E-005
1.744	4.6578709E-005
1.745	6.4654130E-005
1.746	8.7780754E-005
1.747	1.1611931E-004
1.748	1.4976939E-004
1.749	1.8878721E-004
1.75	2.3315592E-004
1.751	2.8279491E-004
1.752	3.3756593E-004
1.753	3.9730070E-004
1.754	4.6171228E-004
1.755	5.3046556E-004
1.756	6.0323195E-004
1.757	6.7962299E-004
1.758	7.5916253E-004
1.759	8.4125198E-004
1.76	9.2546508E-004
1.761	1.0111469E-003
1.762	1.0977046E-003
1.763	1.1846514E-003
1.764	1.2711582E-003
1.765	1.3567967E-003
1.766	1.4408509E-003
1.767	1.5225395E-003
1.768	1.6014402E-003
1.769	1.6770496E-003
1.77	1.7486572E-003
1.771	1.8156256E-003
1.772	1.8776730E-003
1.773	1.9346442E-003
1.774	1.9853164E-003
1.775	2.0300674E-003
1.776	2.0683415E-003
1.777	2.0997685E-003
1.778	2.1243806E-003
1.779	2.1434815E-003
1.78	2.1531936E-003
1.781	2.1555901E-003
1.782	2.1511747E-003
1.783	2.1396184E-003
1.784	2.1212553E-003
1.785	2.0964621E-003
1.786	2.0652302E-003
1.787	2.0280993E-003
1.788	1.9803809E-003
1.789	1.9315236E-003
1.79	1.8778699E-003
1.791	1.8196905E-003
1.792	1.7577821E-003
1.793	1.6922469E-003
1.794	1.6238196E-003
1.795	1.5449515E-003
1.796	1.4716742E-003
1.797	1.3969722E-003
1.798	1.3213716E-003
1.799	1.2452264E-003
1.8	1.1605996E-003
1.801	1.0847775E-003
1.802	1.0098842E-003
1.803	9.3613396E-004
1.804	8.6398923E-004
1.805	7.8626809E-004
1.806	7.1862171E-004
1.807	6.5343454E-004
1.808	5.9099036E-004
1.809	5.2519573E-004
1.81	4.6920555E-004
1.811	4.1650367E-004
1.812	3.6711065E-004
1.813	3.1629499E-004
1.814	2.7415593E-004
1.815	2.3546678E-004
1.816	2.0016773E-004
1.817	1.6489724E-004
1.818	1.3661107E-004
1.819	1.1146335E-004
1.82	8.7098073E-005
1.821	6.8222747E-005
1.822	5.2068095E-005
1.823	3.8490016E-005
1.824	2.6199190E-005
1.825	1.7458789E-005
1.826	1.0724168E-005
1.827	5.3679005E-006
1.828	2.2560821E-006
1.829	5.6955423E-007
1.83	1.4530947E-007
1.831	8.7611670E-007
1.832	2.4845972E-006
1.833	5.1047427E-006
1.834	8.0478012E-006
1.835	1.1787541E-005
1.836	1.5431233E-005
1.837	1.9219027E-005
1.838	2.3464811E-005
1.839	2.7211954E-005
1.84	3.1197516E-005
1.841	3.4538138E-005
1.842	3.7588627E-005
1.843	4.0586125E-005
1.844	4.2882231E-005
1.845	4.4867851E-005
1.846	4.6313500E-005
1.847	4.7336824E-005
1.848	4.7972262E-005
1.849	4.8103670E-005
1.85	4.7775047E-005
1.851	4.7075286E-005
1.852	4.5892390E-005
1.853	4.4479228E-005
1.854	4.2577944E-005
1.855	4.0605129E-005
1.856	3.8166803E-005
1.857	3.5794470E-005
1.858	3.3006567E-005
1.859	3.0404470E-005
1.86	2.7459997E-005
1.861	2.4794177E-005
1.862	2.1863201E-005
1.863	1.9288178E-005
1.864	1.6529302E-005
1.865	1.4167153E-005
1.866	1.1709481E-005
1.867	9.6638005E-006
1.868	7.6004694E-006
1.869	5.9429335E-006
1.87	4.3363361E-006
1.871	3.1075260E-006
1.872	1.9875138E-006
1.873	1.1239031E-006
1.874	5.6223985E-007
1.875	1.6964984E-007
1.876	1.4981628E-008
1.877	4.9998015E-008
1.878	2.8554041E-007
1.879	6.5236679E-007
1.88	1.2118027E-006
1.881	1.8334688E-006
1.882	2.6331757E-006
1.883	3.5230109E-006
1.884	4.3804266E-006
1.885	5.3726553E-006
1.886	6.2831186E-006
1.887	7.2900361E-006
1.888	8.2724364E-006
1.889	9.1178217E-006
1.89	9.9972594E-006
1.891	1.0798327E-005
1.892	1.1437354E-005
1.893	1.2048878E-005
1.894	1.2544760E-005
1.895	1.2885129E-005
1.896	1.3142016E-005
1.897	1.3271127E-005
1.898	1.3274737E-005
1.899	1.3158650E-005
1.9	1.2919319E-005
1.901	1.2565046E-005
1.902	1.2152596E-005
1.903	1.1602016E-005
1.904	1.0966025E-005
1.905	1.0329277E-005
1.906	9.5652022E-006
1.907	8.7558074E-006
1.908	7.9144702E-006
1.909	7.1431732E-006
1.91	6.2852037E-006
1.911	5.4404718E-006
1.912	4.6220298E-006
1.913	3.9192123E-006
1.914	3.1878367E-006
1.915	2.5182553E-006
1.916	1.9206987E-006
1.917	1.4028689E-006
1.918	1.0101733E-006
1.919	6.5997062E-007
1.92	4.0319617E-007
1.921	2.4073037E-007
1.922	1.7216951E-007
1.923	1.9514123E-007
1.924	2.9084308E-007
1.925	4.7530941E-007
1.926	7.3551547E-007
1.927	1.0635736E-006
1.928	1.4501837E-006
1.929	1.8854878E-006
1.93	2.3097116E-006
1.931	2.8078621E-006
1.932	3.3225272E-006
1.933	3.8424951E-006
1.934	4.3570635E-006
1.935	4.8549009E-006
1.936	5.3257941E-006
1.937	5.7610823E-006
1.938	6.1144824E-006
1.939	6.4424808E-006
1.94	6.7316832E-006
1.941	6.9585326E-006
1.942	7.1200752E-006
1.943	7.2124562E-006
1.944	7.2353273E-006
1.945	7.1892523E-006
1.946	7.0760962E-006
1.947	6.8994873E-006
1.948	6.6623247E-006
1.949	6.3708544E-006
1.95	6.0317948E-006
1.951	5.6516069E-006
1.952	5.2385253E-006
1.953	4.8006514E-006
1.954	4.3473847E-006
1.955	3.8864932E-006
1.956	3.4274715E-006
1.957	2.9791731E-006
1.958	2.5491436E-006
1.959	2.1455842E-006
1.96	1.7755430E-006
1.961	1.4451423E-006
1.962	1.1598662E-006
1.963	9.2402365E-007
1.964	7.4092361E-007
1.965	6.1285357E-007
1.966	5.4101270E-007
1.967	5.2523814E-007
1.968	5.6434629E-007
1.969	6.5636038E-007
1.97	7.9792574E-007
1.971	9.8503699E-007
1.972	1.2126901E-006
1.973	1.4753950E-006
1.974	1.7667244E-006
1.975	2.0801797E-006
1.976	2.4086294E-006
1.977	2.7787698E-006
1.978	3.1156601E-006
1.979	3.4458028E-006
1.98	3.7619889E-006
1.981	4.0580176E-006
1.982	4.3282998E-006
1.983	4.5672714E-006
1.984	4.7706417E-006
1.985	4.9494306E-006
1.986	5.0670337E-006
1.987	5.1404450E-006
1.988	5.1685961E-006
1.989	5.1513266E-006
1.99	5.0904400E-006
1.991	4.9862015E-006
1.992	4.8257921E-006
1.993	4.6414093E-006
1.994	4.4249023E-006
1.995	4.1803455E-006
1.996	3.9136103E-006
1.997	3.6011500E-006
1.998	3.3050703E-006
1.999	3.0043136E-006
2	2.7045076E-006
2.001	2.4112544E-006
2.002	2.1033998E-006
2.003	1.8420444E-006
2.004	1.6032340E-006
2.005	1.3912836E-006
2.006	1.1935759E-006
2.007	1.0489040E-006
2.008	9.3999239E-007
2.009	8.6820626E-007
2.01	8.3306418E-007
2.011	8.4056097E-007
2.012	8.8491885E-007
2.013	9.7410452E-007
2.014	1.0894507E-006
2.015	1.2342429E-006
2.016	1.4052226E-006
2.017	1.6185730E-006
2.018	1.8310242E-006
2.019	2.0560433E-006
2.02	2.3124487E-006
2.021	2.5481977E-006
2.022	2.7702688E-006
2.023	3.0192487E-006
2.024	3.2334144E-006
2.025	3.4315822E-006
2.026	3.6262911E-006
2.027	3.7787486E-006
2.028	3.9048678E-006
2.029	4.0104223E-006
2.03	4.0746845E-006
2.031	4.1090607E-006
2.032	4.1072094E-006
2.033	4.0737377E-006
2.034	4.0021696E-006
2.035	3.9068368E-006
2.036	3.7851041E-006
2.037	3.6238655E-006
2.038	3.4558559E-006
2.039	3.2516884E-006
2.04	3.0521633E-006
2.041	2.8228230E-006
2.042	2.6095165E-006
2.043	2.3959026E-006
2.044	2.1655922E-006
2.045	1.9645477E-006
2.046	1.7573283E-006
2.047	1.5849720E-006
2.048	1.4170122E-006
2.049	1.2867557E-006
2.05	1.1708482E-006
2.051	1.0919626E-006
2.052	1.0358621E-006
2.053	1.0131046E-006
2.054	1.0192655E-006
2.055	1.0525213E-006
2.056	1.1182619E-006
2.057	1.2025054E-006
2.058	1.3199025E-006
2.059	1.4463899E-006
2.06	1.6035677E-006
2.061	1.7597492E-006
2.062	1.9420399E-006
2.063	2.1134435E-006
2.064	2.3040236E-006
2.065	2.4753517E-006
2.066	2.6575326E-006
2.067	2.8138045E-006
2.068	2.9720741E-006
2.069	3.1120690E-006
2.07	3.2211158E-006
2.071	3.3182978E-006
2.072	3.3843846E-006
2.073	3.4310810E-006
2.074	3.4492737E-006
2.075	3.4425943E-006
2.076	3.4080790E-006
2.077	3.3533327E-006
2.078	3.2692883E-006
2.079	3.1725749E-006
2.08	3.0466599E-006
2.081	2.9030114E-006
2.082	2.7599144E-006
2.083	2.5923575E-006
2.084	2.4177991E-006
2.085	2.2561173E-006
2.086	2.0793161E-006
2.087	1.9071100E-006
2.088	1.7574486E-006
2.089	1.6042536E-006
2.09	1.4658368E-006
2.091	1.3553423E-006
2.092	1.2529442E-006
2.093	1.1726188E-006
2.094	1.1196694E-006
2.095	1.0847876E-006
2.096	1.0745287E-006
2.097	1.0876814E-006
2.098	1.1202287E-006
2.099	1.1777306E-006
2.1	1.2563187E-006
2.101	1.3439725E-006
2.102	1.4561688E-006
2.103	1.5820601E-006
2.104	1.7184307E-006
2.105	1.8487165E-006
2.106	1.9958532E-006
2.107	2.1434728E-006
2.108	2.2880824E-006
2.109	2.4264225E-006
2.11	2.5439340E-006
2.111	2.6615539E-006
2.112	2.7641822E-006
2.113	2.8498869E-006
2.114	2.9112307E-006
2.115	2.9595549E-006
2.116	2.9862749E-006
2.117	2.9914916E-006
2.118	2.9747680E-006
2.119	2.9369044E-006
2.12	2.8845520E-006
2.121	2.8090490E-006
2.122	2.7162330E-006
2.123	2.6083017E-006
2.124	2.4877459E-006
2.125	2.3571035E-006
2.126	2.2321335E-006
2.127	2.0906341E-006
2.128	1.9481176E-006
2.129	1.8074769E-006
2.13	1.6717590E-006
2.131	1.5438420E-006
2.132	1.4263497E-006
2.133	1.3217509E-006
2.134	1.2395464E-006
2.135	1.1651001E-006
2.136	1.1086281E-006
2.137	1.0712664E-006
2.138	1.0532289E-006
2.139	1.0550051E-006
2.14	1.0760644E-006
2.141	1.1157526E-006
2.142	1.1728753E-006
2.143	1.2459525E-006
2.144	1.3331509E-006
2.145	1.4324136E-006
2.146	1.5411513E-006
2.147	1.6569028E-006
2.148	1.7769166E-006
2.149	1.8985967E-006
2.15	2.0190378E-006
2.151	2.1353094E-006
2.152	2.2452980E-006
2.153	2.3461198E-006
2.154	2.4357130E-006
2.155	2.5121792E-006
2.156	2.5737547E-006
2.157	2.6190610E-006
2.158	2.6472214E-006
2.159	2.6576834E-006
2.16	2.6502344E-006
2.161	2.6251878E-006
2.162	2.5851473E-006
2.163	2.5275510E-006
2.164	2.4548324E-006
2.165	2.3687428E-006
2.166	2.2713862E-006
2.167	2.1643514E-006
2.168	2.0502589E-006
2.169	1.9315146E-006
2.17	1.8105361E-006
2.171	1.6898792E-006
2.172	1.5720718E-006
2.173	1.4496202E-006
2.174	1.3452574E-006
2.175	1.2508314E-006
2.176	1.1678959E-006
2.177	1.0984440E-006
2.178	1.0435156E-006
2.179	1.0041447E-006
2.18	9.8105045E-007
2.181	9.7474481E-007
2.182	9.8617011E-007
2.183	1.0136190E-006
2.184	1.0563111E-006
2.185	1.1132156E-006
2.186	1.1828938E-006
2.187	1.2717235E-006
2.188	1.3626653E-006
2.189	1.4607035E-006
2.19	1.5636772E-006
2.191	1.6691962E-006
2.192	1.7846863E-006
2.193	1.8882569E-006
2.194	1.9873921E-006
2.195	2.0797711E-006
2.196	2.1636938E-006
2.197	2.2434413E-006
2.198	2.3037865E-006
2.199	2.3509092E-006
2.2	2.3835237E-006
2.201	2.4013152E-006
2.202	2.4030576E-006
2.203	2.3885566E-006
2.204	2.3589437E-006
2.205	2.3101834E-006
2.206	2.2511990E-006
2.207	2.1799312E-006
2.208	2.0978343E-006
2.209	1.9980048E-006
2.21	1.8989064E-006
2.211	1.7946595E-006
2.212	1.6775563E-006
2.213	1.5693838E-006
2.214	1.4626806E-006
2.215	1.3595637E-006
2.216	1.2534786E-006
2.217	1.1641367E-006
2.218	1.0842845E-006
2.219	1.0096352E-006
2.22	9.5402993E-007
2.221	9.1163133E-007
2.222	8.8150125E-007
2.223	8.6920841E-007
2.224	8.7161186E-007
2.225	8.8889846E-007
2.226	9.2003046E-007
2.227	9.6913709E-007
2.228	1.0267213E-006
2.229	1.0951314E-006
2.23	1.1803994E-006
2.231	1.2662791E-006
2.232	1.3664301E-006
2.233	1.4618514E-006
2.234	1.5587748E-006
2.235	1.6639937E-006
2.236	1.7575778E-006
2.237	1.8543936E-006
2.238	1.9362426E-006
2.239	2.0159714E-006
2.24	2.0786943E-006
2.241	2.1301473E-006
2.242	2.1723426E-006
2.243	2.1971730E-006
2.244	2.2087343E-006
2.245	2.2046490E-006
2.246	2.1845278E-006
2.247	2.1520311E-006
2.248	2.1018482E-006
2.249	2.0433692E-006
2.25	1.9674189E-006
2.251	1.8879306E-006
2.252	1.7926288E-006
2.253	1.6988899E-006
2.254	1.5920072E-006
2.255	1.4917379E-006
2.256	1.3823945E-006
2.257	1.2841340E-006
2.258	1.1813142E-006
2.259	1.0928829E-006
2.26	1.0050692E-006
2.261	9.3378304E-007
2.262	8.6795194E-007
2.263	8.1590599E-007
2.264	7.8099646E-007
2.265	7.5788523E-007
2.266	7.5062479E-007
2.267	7.5810505E-007
2.268	7.7859505E-007
2.269	8.1555601E-007
2.27	8.6656871E-007
2.271	9.2461761E-007
2.272	9.9891463E-007
2.273	1.0754262E-006
2.274	1.1663449E-006
2.275	1.2628383E-006
2.276	1.3541840E-006
2.277	1.4549248E-006
2.278	1.5543661E-006
2.279	1.6423918E-006
2.28	1.7293621E-006
2.281	1.8058628E-006
2.282	1.8803154E-006
2.283	1.9435495E-006
2.284	1.9903002E-006
2.285	2.0282462E-006
2.286	2.0514151E-006
2.287	2.0591076E-006
2.288	2.0529089E-006
2.289	2.0313478E-006
2.29	1.9948545E-006
2.291	1.9487754E-006
2.292	1.8862352E-006
2.293	1.8119831E-006
2.294	1.7348020E-006
2.295	1.6426692E-006
2.296	1.5441127E-006
2.297	1.4413090E-006
2.298	1.3452207E-006
2.299	1.2405504E-006
2.3	1.1382739E-006
2.301	1.0405267E-006
2.302	9.5666769E-007
2.303	8.7343591E-007
2.304	8.0043708E-007
2.305	7.3924110E-007
2.306	6.9462612E-007
2.307	6.5936445E-007
2.308	6.3878952E-007
2.309	6.3333425E-007
2.31	6.4291652E-007
2.311	6.6474018E-007
2.312	7.0220091E-007
2.313	7.5314318E-007
2.314	8.1624148E-007
2.315	8.9000667E-007
2.316	9.6554379E-007
2.317	1.0550185E-006
2.318	1.1498084E-006
2.319	1.2477695E-006
2.32	1.3466821E-006
2.321	1.4443493E-006
2.322	1.5385831E-006
2.323	1.6200552E-006
2.324	1.7020544E-006
2.325	1.7747396E-006
2.326	1.8367602E-006
2.327	1.8865341E-006
2.328	1.9228964E-006
2.329	1.9453717E-006
2.33	1.9530280E-006
2.331	1.9458544E-006
2.332	1.9250649E-006
2.333	1.8929636E-006
2.334	1.8447157E-006
2.335	1.7839143E-006
2.336	1.7116076E-006
2.337	1.6295418E-006
2.338	1.5392111E-006
2.339	1.4425985E-006
2.34	1.3416225E-006
2.341	1.2385531E-006
2.342	1.1354314E-006
2.343	1.0345756E-006
2.344	9.3786173E-007
2.345	8.4748262E-007
2.346	7.6521951E-007
2.347	6.9279423E-007
2.348	6.3171524E-007
2.349	5.8321251E-007
2.35	5.4832782E-007
2.351	5.2769525E-007
2.352	5.2176500E-007
2.353	5.3053486E-007
2.354	5.5393002E-007
2.355	5.9122959E-007
2.356	6.4179903E-007
2.357	7.0440660E-007
2.358	7.7775536E-007
2.359	8.6030036E-007
2.36	9.5018981E-007
2.361	1.0455998E-006
2.362	1.1444640E-006
2.363	1.2446892E-006
2.364	1.3441042E-006
2.365	1.4406050E-006
2.366	1.5397439E-006
2.367	1.6238171E-006
2.368	1.6991489E-006
2.369	1.7640292E-006
2.37	1.8171760E-006
2.371	1.8572057E-006
2.372	1.8835792E-006
2.373	1.8955415E-006
2.374	1.8928537E-006
2.375	1.8734225E-006
2.376	1.8403762E-006
2.377	1.7939041E-006
2.378	1.7344978E-006
2.379	1.6636112E-006
2.38	1.5822786E-006
2.381	1.4964846E-006
2.382	1.3921764E-006
2.383	1.2907808E-006
2.384	1.1866131E-006
2.385	1.0819583E-006
2.386	9.7872464E-007
2.387	8.7105650E-007
2.388	7.7764554E-007
2.389	6.9184688E-007
2.39	6.1540533E-007
2.391	5.4991540E-007
2.392	4.9282392E-007
2.393	4.5398170E-007
2.394	4.2936463E-007
2.395	4.1941678E-007
2.396	4.2435011E-007
2.397	4.4648959E-007
2.398	4.8179658E-007
2.399	5.3077997E-007
2.4	5.9819206E-007
2.401	6.7221316E-007
2.402	7.5609404E-007
2.403	8.4812081E-007
2.404	9.5508915E-007
2.405	1.0581298E-006
2.406	1.1633640E-006
2.407	1.2686588E-006
2.408	1.3803756E-006
2.409	1.4790122E-006
2.41	1.5713050E-006
2.411	1.6622561E-006
2.412	1.7356217E-006
2.413	1.7975740E-006
2.414	1.8503578E-006
2.415	1.8846266E-006
2.416	1.9043321E-006
2.417	1.9089291E-006
2.418	1.8973402E-006
2.419	1.8706334E-006
2.42	1.8254628E-006
2.421	1.7695933E-006
2.422	1.6949078E-006
2.423	1.6142417E-006
2.424	1.5238496E-006
2.425	1.4171245E-006
2.426	1.3124153E-006
2.427	1.2039085E-006
2.428	1.0890582E-006
2.429	9.7930069E-007
2.43	8.6345517E-007
2.431	7.6157335E-007
2.432	6.5899786E-007
2.433	5.7354055E-007
2.434	4.9874865E-007
2.435	4.3142165E-007
2.436	3.8322725E-007
2.437	3.4736067E-007
2.438	3.3008234E-007
2.439	3.2908537E-007
2.44	3.4444008E-007
2.441	3.7861744E-007
2.442	4.2570011E-007
2.443	4.8692846E-007
2.444	5.6786433E-007
2.445	6.5464974E-007
2.446	7.5988282E-007
2.447	8.6533169E-007
2.448	9.8641078E-007
2.449	1.1119324E-006
2.45	1.2292904E-006
2.451	1.3458721E-006
2.452	1.4688680E-006
2.453	1.5857299E-006
2.454	1.6856702E-006
2.455	1.7833333E-006
2.456	1.8616994E-006
2.457	1.9322495E-006
2.458	1.9825382E-006
2.459	2.0198345E-006
2.46	2.0375958E-006
2.461	2.0384866E-006
2.462	2.0201874E-006
2.463	1.9861741E-006
2.464	1.9319034E-006
2.465	1.8665060E-006
2.466	1.7806094E-006
2.467	1.6804591E-006
2.468	1.5774392E-006
2.469	1.4567269E-006
2.47	1.3389491E-006
2.471	1.2121312E-006
2.472	1.0787046E-006
2.473	9.5650557E-007
2.474	8.2808464E-007
2.475	7.1540200E-007
2.476	6.0254951E-007
2.477	5.0163271E-007
2.478	4.2106572E-007
2.479	3.4943608E-007
2.48	2.9580491E-007
2.481	2.6335843E-007
2.482	2.4769312E-007
2.483	2.5292164E-007
2.484	2.7903894E-007
2.485	3.2149677E-007
2.486	3.8681566E-007
2.487	4.7091376E-007
2.488	5.6394794E-007
2.489	6.7975435E-007
2.49	8.0891613E-007
2.491	9.3771814E-007
2.492	1.0852267E-006
2.493	1.2380378E-006
2.494	1.3931159E-006
2.495	1.5353385E-006
2.496	1.6857666E-006
2.497	1.8292448E-006
2.498	1.9627269E-006
2.499	2.0744712E-006
2.5	2.1810963E-006
2.501	2.2702961E-006
2.502	2.3399803E-006
2.503	2.3885452E-006
2.504	2.4138249E-006
2.505	2.4194035E-006
2.506	2.4017809E-006
2.507	2.3615012E-006
2.508	2.2991044E-006
2.509	2.2225540E-006
2.51	2.1211961E-006
2.511	2.0023970E-006
2.512	1.8684600E-006
2.513	1.7278173E-006
2.514	1.5723139E-006
2.515	1.4230912E-006
2.516	1.2586939E-006
2.517	1.0946763E-006
2.518	9.3457516E-007
2.519	7.8203942E-007
2.52	6.4042933E-007
2.521	5.1297951E-007
2.522	4.1049009E-007
2.523	3.1850374E-007
2.524	2.4864966E-007
2.525	2.0284625E-007
2.526	1.8265700E-007
2.527	1.8913383E-007
2.528	2.2285349E-007
2.529	2.8373077E-007
2.53	3.7123812E-007
2.531	4.8441296E-007
2.532	6.2158296E-007
2.533	7.8061839E-007
2.534	9.4462524E-007
2.535	1.1383028E-006
2.536	1.3453739E-006
2.537	1.5621341E-006
2.538	1.7845975E-006
2.539	2.0091036E-006
2.54	2.2311217E-006
2.541	2.4465548E-006
2.542	2.6514845E-006
2.543	2.8418924E-006
2.544	3.0138583E-006
2.545	3.1637419E-006
2.546	3.2889195E-006
2.547	3.3865947E-006
2.548	3.4543230E-006
2.549	3.4906823E-006
2.55	3.4949398E-006
2.551	3.4661330E-006
2.552	3.4071295E-006
2.553	3.3149031E-006
2.554	3.1922104E-006
2.555	3.0413350E-006
2.556	2.8645120E-006
2.557	2.6495338E-006
2.558	2.4304586E-006
2.559	2.1976628E-006
2.56	1.9553574E-006
2.561	1.7088138E-006
2.562	1.4629424E-006
2.563	1.2234464E-006
2.564	9.9542683E-007
2.565	7.8438609E-007
2.566	5.9552252E-007
2.567	4.3382119E-007
2.568	2.9519001E-007
2.569	2.0388988E-007
2.57	1.5239519E-007
2.571	1.4373856E-007
2.572	1.8031095E-007
2.573	2.6356969E-007
2.574	3.9437910E-007
2.575	5.8865282E-007
2.576	8.1734981E-007
2.577	1.0910468E-006
2.578	1.4069260E-006
2.579	1.7617415E-006
2.58	2.1511635E-006
2.581	2.6035405E-006
2.582	3.0481153E-006
2.583	3.5099915E-006
2.584	3.9819147E-006
2.585	4.4575459E-006
2.586	4.9645919E-006
2.587	5.4219545E-006
2.588	5.8593478E-006
2.589	6.2685308E-006
2.59	6.6279877E-006
2.591	6.9841149E-006
2.592	7.2639104E-006
2.593	7.4871782E-006
2.594	7.6503466E-006
2.595	7.7540444E-006
2.596	7.7787636E-006
2.597	7.7319401E-006
2.598	7.6146016E-006
2.599	7.4086329E-006
2.6	7.1443392E-006
2.601	6.8150575E-006
2.602	6.3916368E-006
2.603	5.9407885E-006
2.604	5.4429770E-006
2.605	4.9063096E-006
2.606	4.2978795E-006
2.607	3.7167522E-006
2.608	3.1320849E-006
2.609	2.5157083E-006
2.61	1.9712645E-006
2.611	1.4697719E-006
2.612	9.9660110E-007
2.613	6.3720967E-007
2.614	3.7258266E-007
2.615	2.1327881E-007
2.616	2.0058802E-007
2.617	3.5208416E-007
2.618	6.6366715E-007
2.619	1.1556248E-006
2.62	1.9041435E-006
2.621	2.8166578E-006
2.622	3.9505844E-006
2.623	5.4321858E-006
2.624	7.0585029E-006
2.625	9.0892181E-006
2.626	1.1150595E-005
2.627	1.3546096E-005
2.628	1.6413460E-005
2.629	1.9339763E-005
2.63	2.2775179E-005
2.631	2.6219170E-005
2.632	3.0190884E-005
2.633	3.4106703E-005
2.634	3.8564041E-005
2.635	4.2897864E-005
2.636	4.7758676E-005
2.637	5.2429423E-005
2.638	5.7223169E-005
2.639	6.2511346E-005
2.64	6.7500398E-005
2.641	7.2933515E-005
2.642	7.7982841E-005
2.643	8.3427418E-005
2.644	8.8424938E-005
2.645	9.3738243E-005
2.646	9.8561839E-005
2.647	1.0361234E-004
2.648	1.0811212E-004
2.649	1.1275776E-004
2.65	1.1712523E-004
2.651	1.2092798E-004
2.652	1.2471621E-004
2.653	1.2790106E-004
2.654	1.3097929E-004
2.655	1.3348048E-004
2.656	1.3576346E-004
2.657	1.3749114E-004
2.658	1.3892652E-004
2.659	1.3988107E-004
2.66	1.4035807E-004
2.661	1.4041939E-004
2.662	1.4004869E-004
2.663	1.3921507E-004
2.664	1.3793101E-004
2.665	1.3630562E-004
2.666	1.3415208E-004
2.667	1.3175874E-004
2.668	1.2881416E-004
2.669	1.2548911E-004
2.67	1.2206559E-004
2.671	1.1809002E-004
2.672	1.1381572E-004
2.673	1.0959659E-004
2.674	1.0484683E-004
2.675	9.9895813E-005
2.676	9.5158619E-005
2.677	8.9935842E-005
2.678	8.4625775E-005
2.679	7.9646728E-005
2.68	7.4272204E-005
2.681	6.8908150E-005
2.682	6.3978623E-005
2.683	5.8750611E-005
2.684	5.3629214E-005
2.685	4.8656235E-005
2.686	4.4179058E-005
2.687	3.9552855E-005
2.688	3.5140307E-005
2.689	3.1244486E-005
2.69	2.7293068E-005
2.691	2.3603572E-005
2.692	2.0182146E-005
2.693	1.7256258E-005
2.694	1.4378929E-005
2.695	1.1875328E-005
2.696	9.5585965E-006
2.697	7.6580054E-006
2.698	5.8785427E-006
2.699	4.3661630E-006
2.7	3.1102511E-006
2.701	2.0990146E-006
2.702	1.3660974E-006
2.703	7.8453439E-007
2.704	4.0146281E-007
2.705	1.9896427E-007
2.706	1.5800924E-007
2.707	2.5943410E-007
2.708	4.6397821E-007
2.709	7.8470356E-007
2.71	1.1904413E-006
2.711	1.6623918E-006
2.712	2.1823200E-006
2.713	2.7325880E-006
2.714	3.2559904E-006
2.715	3.8197222E-006
2.716	4.3686664E-006
2.717	4.8910642E-006
2.718	5.3757485E-006
2.719	5.8123182E-006
2.72	6.1940677E-006
2.721	6.5128652E-006
2.722	6.7663241E-006
2.723	6.9384150E-006
2.724	7.0564906E-006
2.725	7.1028298E-006
2.726	7.0792976E-006
2.727	6.9924936E-006
2.728	6.8401314E-006
2.729	6.6276020E-006
2.73	6.3618959E-006
2.731	6.0473744E-006
2.732	5.6933100E-006
2.733	5.3055619E-006
2.734	4.8911902E-006
2.735	4.4592675E-006
2.736	4.0164909E-006
2.737	3.5710482E-006
2.738	3.1301063E-006
2.739	2.7004080E-006
2.74	2.2887014E-006
2.741	1.9008210E-006
2.742	1.5415980E-006
2.743	1.2158896E-006
2.744	9.2723201E-007
2.745	6.7863539E-007
2.746	4.7196551E-007
2.747	3.0853710E-007
2.748	1.8870735E-007
2.749	1.1216698E-007
2.75	7.7639221E-008
2.751	8.3338477E-008
2.752	1.2669979E-007
2.753	2.0462846E-007
2.754	3.1366028E-007
2.755	4.4965682E-007
2.756	6.0837152E-007
2.757	7.8521867E-007
2.758	9.6850920E-007
2.759	1.1816578E-006
2.76	1.3845961E-006
2.761	1.5866539E-006
2.762	1.7835697E-006
2.763	1.9711408E-006
2.764	2.1453316E-006
2.765	2.3029886E-006
2.766	2.4410504E-006
2.767	2.5648415E-006
2.768	2.6551932E-006
2.769	2.7198332E-006
2.77	2.7584258E-006
2.771	2.7699484E-006
2.772	2.7552853E-006
2.773	2.7147510E-006
2.774	2.6441946E-006
2.775	2.5544093E-006
2.776	2.4436611E-006
2.777	2.3147841E-006
2.778	2.1699432E-006
2.779	2.0005302E-006
2.78	1.8323775E-006
2.781	1.6577459E-006
2.782	1.4797057E-006
2.783	1.3016452E-006
2.784	1.1143095E-006
2.785	9.4579565E-007
2.786	7.8607127E-007
2.787	6.3787729E-007
2.788	5.0778652E-007
2.789	3.8037561E-007
2.79	2.7917869E-007
2.791	1.9645718E-007
2.792	1.3296494E-007
2.793	8.6841865E-008
2.794	6.4301133E-008
2.795	6.1200382E-008
2.796	7.8748279E-008
2.797	1.1346371E-007
2.798	1.6454250E-007
2.799	2.3041386E-007
2.8	3.1528432E-007
2.801	4.0567792E-007
2.802	5.0461330E-007
2.803	6.1758885E-007
2.804	7.2690716E-007
2.805	8.3755913E-007
2.806	9.5508778E-007
2.807	1.0613672E-006
2.808	1.1619629E-006
2.809	1.2616597E-006
2.81	1.3448225E-006
2.811	1.4172472E-006
2.812	1.4812036E-006
2.813	1.5271446E-006
2.814	1.5608625E-006
2.815	1.5770014E-006
2.816	1.5785770E-006
2.817	1.5641483E-006
2.818	1.5371854E-006
2.819	1.4959487E-006
2.82	1.4380887E-006
2.821	1.3720938E-006
2.822	1.2905540E-006
2.823	1.2056440E-006
2.824	1.1072170E-006
2.825	1.0101973E-006
2.826	9.1012748E-007
2.827	8.0158696E-007
2.828	7.0094927E-007
2.829	5.9587319E-007
2.83	5.0211344E-007
2.831	4.0816352E-007
2.832	3.2803857E-007
2.833	2.5175078E-007
2.834	1.9056048E-007
2.835	1.3997061E-007
2.836	9.8242097E-008
2.837	7.1351351E-008
2.838	5.5710821E-008
2.839	5.3322200E-008
2.84	6.3539318E-008
2.841	8.6401428E-008
2.842	1.1835682E-007
2.843	1.6298310E-007
2.844	2.1318276E-007
2.845	2.7481371E-007
2.846	3.3584811E-007
2.847	4.0840624E-007
2.848	4.7907594E-007
2.849	5.5624076E-007
2.85	6.2808562E-007
2.851	7.0328304E-007
2.852	7.7017131E-007
2.853	8.3706681E-007
2.854	8.9744469E-007
2.855	9.4678262E-007
2.856	9.9116266E-007
2.857	1.0239088E-006
2.858	1.0489862E-006
2.859	1.0634191E-006
2.86	1.0668234E-006
2.861	1.0600611E-006
2.862	1.0440142E-006
2.863	1.0168629E-006
2.864	9.8015960E-007
2.865	9.3789339E-007
2.866	8.8517612E-007
2.867	8.2576958E-007
2.868	7.6545228E-007
2.869	6.9697796E-007
2.87	6.2585940E-007
2.871	5.5837063E-007
2.872	4.8631460E-007
2.873	4.1826627E-007
2.874	3.5518062E-007
2.875	2.9171261E-007
2.876	2.3371013E-007
2.877	1.8539055E-007
2.878	1.4075295E-007
2.879	1.0424282E-007
2.88	7.7974043E-008
2.881	5.8595450E-008
2.882	4.8464585E-008
2.883	4.7604999E-008
2.884	5.4978390E-008
2.885	7.1312222E-008
2.886	9.5815849E-008
2.887	1.2780156E-007
2.888	1.6364851E-007
2.889	2.0757837E-007
2.89	2.5615088E-007
2.891	3.0823114E-007
2.892	3.5890449E-007
2.893	4.1432773E-007
2.894	4.6961787E-007
2.895	5.2364794E-007
2.896	5.7176794E-007
2.897	6.2004477E-007
2.898	6.6368807E-007
2.899	7.0196342E-007
2.9	7.3300151E-007
2.901	7.5694658E-007
2.902	7.7559554E-007
2.903	7.8652880E-007
2.904	7.8971817E-007
2.905	7.8505934E-007
2.906	7.7275013E-007
2.907	7.5305371E-007
2.908	7.2838952E-007
2.909	6.9585877E-007
2.91	6.5776243E-007
2.911	6.1476663E-007
2.912	5.6789560E-007
2.913	5.1808445E-007
2.914	4.6632243E-007
2.915	4.1719815E-007
2.916	3.6471891E-007
2.917	3.1339084E-007
2.918	2.6422745E-007
2.919	2.1814716E-007
2.92	1.7603780E-007
2.921	1.3866871E-007
2.922	1.0669375E-007
2.923	8.0665615E-008
2.924	6.1015641E-008
2.925	4.8013831E-008
2.926	4.1904833E-008
2.927	4.2263409E-008
2.928	4.8615700E-008
2.929	6.1616142E-008
2.93	8.0659454E-008
2.931	1.0522101E-007
2.932	1.3470219E-007
2.933	1.6840741E-007
2.934	2.0552962E-007
2.935	2.4523644E-007
2.936	2.8666406E-007
2.937	3.2890657E-007
2.938	3.7107270E-007
2.939	4.1219849E-007
2.94	4.5151006E-007
2.941	4.8812632E-007
2.942	5.2128968E-007
2.943	5.5032621E-007
2.944	5.7474671E-007
2.945	5.9398599E-007
2.946	6.0847202E-007
2.947	6.1604845E-007
2.948	6.1767628E-007
2.949	6.1341234E-007
2.95	6.0339187E-007
2.951	5.8842511E-007
2.952	5.6780988E-007
2.953	5.4242469E-007
2.954	5.1280279E-007
2.955	4.7957411E-007
2.956	4.4339157E-007
2.957	4.0499594E-007
2.958	3.6249565E-007
2.959	3.2201325E-007
2.96	2.8168787E-007
2.961	2.4236533E-007
2.962	2.0473665E-007
2.963	1.6955688E-007
2.964	1.3745068E-007
2.965	1.0902524E-007
2.966	8.3307782E-008
2.967	6.3937875E-008
2.968	4.9484260E-008
2.969	4.0173379E-008
2.97	3.6084700E-008
2.971	3.7224176E-008
2.972	4.3486072E-008
2.973	5.5592032E-008
2.974	7.1689556E-008
2.975	9.1985306E-008
2.976	1.1514484E-007
2.977	1.4224459E-007
2.978	1.7401885E-007
2.979	2.0577718E-007
2.98	2.3878872E-007
2.981	2.7231718E-007
2.982	3.0791742E-007
2.983	3.4039053E-007
2.984	3.7132827E-007
2.985	4.0005045E-007
2.986	4.2771694E-007
2.987	4.5020073E-007
2.988	4.6903125E-007
2.989	4.8372442E-007
2.99	4.9461892E-007
2.991	5.0015581E-007
2.992	5.0103301E-007
2.993	4.9727163E-007
2.994	4.8833823E-007
2.995	4.7540414E-007
2.996	4.5839585E-007
2.997	4.3625556E-007
2.998	4.1208872E-007
2.999	3.8514975E-007
3	3.5495285E-007
3.001	3.2406251E-007
3.002	2.9213354E-007
3.003	2.5761977E-007
3.004	2.2548272E-007
3.005	1.9418216E-007
3.006	1.6236638E-007
3.007	1.3460445E-007
3.008	1.0935150E-007
3.009	8.5688072E-008
3.01	6.6971012E-008
3.011	5.1948057E-008
3.012	4.0248676E-008
3.013	3.3509668E-008
3.014	3.0909849E-008
3.015	3.2776462E-008
3.016	3.8693450E-008
3.017	4.9304635E-008
3.018	6.2989599E-008
3.019	8.1250697E-008
3.02	1.0136421E-007
3.021	1.2554783E-007
3.022	1.5024743E-007
3.023	1.7638847E-007
3.024	2.0435493E-007
3.025	2.3177117E-007
3.026	2.6077879E-007
3.027	2.8717693E-007
3.028	3.1390337E-007
3.029	3.3703418E-007
3.03	3.5924717E-007
3.031	3.7725400E-007
3.032	3.9314844E-007
3.033	4.0457681E-007
3.034	4.1289695E-007
3.035	4.1685067E-007
3.036	4.1696771E-007
3.037	4.1320200E-007
3.038	4.0522880E-007
3.039	3.9409841E-007
3.04	3.7869435E-007
3.041	3.6117962E-007
3.042	3.3968814E-007
3.043	3.1724736E-007
3.044	2.9140833E-007
3.045	2.6586974E-007
3.046	2.3781041E-007
3.047	2.1034310E-007
3.048	1.8403117E-007
3.049	1.5678114E-007
3.05	1.3253022E-007
3.051	1.0850918E-007
3.052	8.8166985E-008
3.053	6.9183919E-008
3.054	5.3376063E-008
3.055	4.1682163E-008
3.056	3.2777336E-008
3.057	2.7891501E-008
3.058	2.6437286E-008
3.059	2.8829263E-008
3.06	3.4482056E-008
3.061	4.3984002E-008
3.062	5.6825936E-008
3.063	7.1596318E-008
3.064	8.9932520E-008
3.065	1.0914615E-007
3.066	1.3136238E-007
3.067	1.5485807E-007
3.068	1.7909927E-007
3.069	2.0124162E-007
3.07	2.2541096E-007
3.071	2.4877801E-007
3.072	2.6946913E-007
3.073	2.8986133E-007
3.074	3.0801738E-007
3.075	3.2271640E-007
3.076	3.3558368E-007
3.077	3.4532698E-007
3.078	3.5169018E-007
3.079	3.5450847E-007
3.08	3.5408482E-007
3.081	3.5019741E-007
3.082	3.4343009E-007
3.083	3.3308649E-007
3.084	3.1975725E-007
3.085	3.0367517E-007
3.086	2.8643103E-007
3.087	2.6612798E-007
3.088	2.4423451E-007
3.089	2.2124301E-007
3.09	1.9761414E-007
3.091	1.7603030E-007
3.092	1.5254231E-007
3.093	1.2983226E-007
3.094	1.0835920E-007
3.095	8.8554337E-008
3.096	7.1836567E-008
3.097	5.6330197E-008
3.098	4.3488622E-008
3.099	3.3565499E-008
3.1	2.6714559E-008
3.101	2.3194096E-008
3.102	2.2563372E-008
3.103	2.5139363E-008
3.104	3.0835128E-008
3.105	3.9485776E-008
3.106	5.0884367E-008
3.107	6.4757010E-008
3.108	7.9723513E-008
3.109	9.7442019E-008
3.11	1.1657895E-007
3.111	1.3672663E-007
3.112	1.5743258E-007
3.113	1.7761499E-007
3.114	1.9812451E-007
3.115	2.1789701E-007
3.116	2.3650000E-007
3.117	2.5353123E-007
3.118	2.6779330E-007
3.119	2.8086092E-007
3.12	2.9148157E-007
3.121	2.9941606E-007
3.122	3.0451884E-007
3.123	3.0668173E-007
3.124	3.0590877E-007
3.125	3.0216430E-007
3.126	2.9559760E-007
3.127	2.8630626E-007
3.128	2.7453444E-007
3.129	2.6048673E-007
3.13	2.4448983E-007
3.131	2.2686476E-007
3.132	2.0795505E-007
3.133	1.8819424E-007
3.134	1.6855559E-007
3.135	1.4823587E-007
3.136	1.2823386E-007
3.137	1.0895507E-007
3.138	9.0767536E-008
3.139	7.4039939E-008
3.14	5.9089977E-008
3.141	4.6205432E-008
3.142	3.5610856E-008
3.143	2.7514576E-008
3.144	2.2040897E-008
3.145	1.9291654E-008
3.146	1.9367631E-008
3.147	2.2239576E-008
3.148	2.7735755E-008
3.149	3.5721463E-008
3.15	4.6003404E-008
3.151	5.8360886E-008
3.152	7.2509110E-008
3.153	8.8146336E-008
3.154	1.0493303E-007
3.155	1.2196155E-007
3.156	1.3996238E-007
3.157	1.5917601E-007
3.158	1.7689746E-007
3.159	1.9393603E-007
3.16	2.0991382E-007
3.161	2.2451719E-007
3.162	2.3747938E-007
3.163	2.4850664E-007
3.164	2.5790641E-007
3.165	2.6432298E-007
3.166	2.6831617E-007
3.167	2.6978157E-007
3.168	2.6871479E-007
3.169	2.6512419E-007
3.17	2.5866964E-007
3.171	2.5020466E-007
3.172	2.3963275E-007
3.173	2.2713445E-007
3.174	2.1302309E-007
3.175	1.9701213E-007
3.176	1.8043120E-007
3.177	1.6313753E-007
3.178	1.4547769E-007
3.179	1.2668556E-007
3.18	1.0934654E-007
3.181	9.2681042E-008
3.182	7.7006433E-008
3.183	6.1781698E-008
3.184	4.9079308E-008
3.185	3.8182666E-008
3.186	2.9305406E-008
3.187	2.2260226E-008
3.188	1.7988020E-008
3.189	1.6070398E-008
3.19	1.6635429E-008
3.191	1.9581520E-008
3.192	2.4787902E-008
3.193	3.2138548E-008
3.194	4.2113466E-008
3.195	5.2939345E-008
3.196	6.5620938E-008
3.197	8.0487034E-008
3.198	9.5468891E-008
3.199	1.1109856E-007
3.2	1.2808306E-007
3.201	1.4405555E-007
3.202	1.5970755E-007
3.203	1.7563362E-007
3.204	1.8965207E-007
3.205	2.0320350E-007
3.206	2.1439962E-007
3.207	2.2388927E-007
3.208	2.3191747E-007
3.209	2.3734162E-007
3.21	2.4062726E-007
3.211	2.4170564E-007
3.212	2.4040693E-007
3.213	2.3667150E-007
3.214	2.3115197E-007
3.215	2.2348611E-007
3.216	2.1335146E-007
3.217	2.0210641E-007
3.218	1.8861327E-007
3.219	1.7469307E-007
3.22	1.5894726E-007
3.221	1.4351642E-007
3.222	1.2681933E-007
3.223	1.1110863E-007
3.224	9.5740297E-008
3.225	8.0108485E-008
3.226	6.6317902E-008
3.227	5.2971380E-008
3.228	4.1860975E-008
3.229	3.1842475E-008
3.23	2.4265058E-008
3.231	1.8338582E-008
3.232	1.4856010E-008
3.233	1.3442920E-008
3.234	1.4220433E-008
3.235	1.7303419E-008
3.236	2.2267857E-008
3.237	2.9607955E-008
3.238	3.8303259E-008
3.239	4.9246157E-008
3.24	6.1688823E-008
3.241	7.4523015E-008
3.242	8.9057821E-008
3.243	1.0330240E-007
3.244	1.1872768E-007
3.245	1.3319392E-007
3.246	1.4821704E-007
3.247	1.6255963E-007
3.248	1.7514706E-007
3.249	1.8728480E-007
3.25	1.9731328E-007
3.251	2.0627660E-007
3.252	2.1312863E-007
3.253	2.1789474E-007
3.254	2.2084973E-007
3.255	2.2159261E-007
3.256	2.2019091E-007
3.257	2.1660577E-007
3.258	2.1125734E-007
3.259	2.0365762E-007
3.26	1.9418276E-007
3.261	1.8376180E-007
3.262	1.7132265E-007
3.263	1.5773257E-007
3.264	1.4414708E-007
3.265	1.2917602E-007
3.266	1.1395449E-007
3.267	9.9667382E-008
3.268	8.4854214E-008
3.269	7.0719096E-008
3.27	5.8295655E-008
3.271	4.6622169E-008
3.272	3.6047446E-008
3.273	2.7624161E-008
3.274	2.0473383E-008
3.275	1.5315615E-008
3.276	1.2254859E-008
3.277	1.1330800E-008
3.278	1.2447098E-008
3.279	1.5685997E-008
3.28	2.0967002E-008
3.281	2.7696618E-008
3.282	3.6564376E-008
3.283	4.7010367E-008
3.284	5.8811942E-008
3.285	7.0916201E-008
3.286	8.4587207E-008
3.287	9.8804399E-008
3.288	1.1325081E-007
3.289	1.2721316E-007
3.29	1.4043236E-007
3.291	1.5384006E-007
3.292	1.6634276E-007
3.293	1.7764873E-007
3.294	1.8755479E-007
3.295	1.9535342E-007
3.296	2.0191651E-007
3.297	2.0657811E-007
3.298	2.0919916E-007
3.299	2.0975726E-007
3.3	2.0824803E-007
3.301	2.0466909E-007
3.302	1.9950659E-007
3.303	1.9221542E-007
3.304	1.8322022E-007
3.305	1.7271141E-007
3.306	1.6091012E-007
3.307	1.4842483E-007
3.308	1.3478927E-007
3.309	1.2065932E-007
3.31	1.0628980E-007
3.311	9.2825260E-008
3.312	7.8883446E-008
3.313	6.5574554E-008
3.314	5.3187808E-008
3.315	4.1956437E-008
3.316	3.2125801E-008
3.317	2.3892019E-008
3.318	1.7414973E-008
3.319	1.2835074E-008
3.32	1.0240775E-008
3.321	9.6776320E-009
3.322	1.1161496E-008
3.323	1.4657959E-008
3.324	2.0089479E-008
3.325	2.7107157E-008
3.326	3.5988634E-008
3.327	4.6369315E-008
3.328	5.8030643E-008
3.329	7.0733471E-008
3.33	8.4221817E-008
3.331	9.8218095E-008
3.332	1.1242968E-007
3.333	1.2657402E-007
3.334	1.4036257E-007
3.335	1.5350609E-007
3.336	1.6575524E-007
3.337	1.7683870E-007
3.338	1.8653509E-007
3.339	1.9467545E-007
3.34	2.0106364E-007
3.341	2.0559074E-007
3.342	2.0807158E-007
3.343	2.0867544E-007
3.344	2.0724998E-007
3.345	2.0380719E-007
3.346	1.9845635E-007
3.347	1.9080767E-007
3.348	1.8186053E-007
3.349	1.7141684E-007
3.35	1.5969610E-007
3.351	1.4694415E-007
3.352	1.3340376E-007
3.353	1.1937341E-007
3.354	1.0509569E-007
3.355	9.0063523E-008
3.356	7.6246508E-008
3.357	6.3068683E-008
3.358	5.0814002E-008
3.359	4.0036326E-008
3.36	3.0305127E-008
3.361	2.2163398E-008
3.362	1.5469698E-008
3.363	1.1102490E-008
3.364	8.7377590E-009
3.365	8.4279197E-009
3.366	1.0184867E-008
3.367	1.4279603E-008
3.368	2.0178426E-008
3.369	2.7942990E-008
3.37	3.7432407E-008
3.371	4.8461608E-008
3.372	6.1591585E-008
3.373	7.5113007E-008
3.374	8.9455995E-008
3.375	1.0433612E-007
3.376	1.1993842E-007
3.377	1.3503298E-007
3.378	1.4980174E-007
3.379	1.6392858E-007
3.38	1.7790929E-007
3.381	1.8989273E-007
3.382	2.0045563E-007
3.383	2.0940089E-007
3.384	2.1690229E-007
3.385	2.2195564E-007
3.386	2.2497466E-007
3.387	2.2584102E-007
3.388	2.2446116E-007
3.389	2.2091726E-007
3.39	2.1534001E-007
3.391	2.0730371E-007
3.392	1.9784297E-007
3.393	1.8711286E-007
3.394	1.7389894E-007
3.395	1.6020671E-007
3.396	1.4564137E-007
3.397	1.2956127E-007
3.398	1.1407009E-007
3.399	9.8614116E-008
3.4	8.2619543E-008
3.401	6.8188534E-008
3.402	5.3960839E-008
3.403	4.1807532E-008
3.404	3.1170288E-008
3.405	2.1814138E-008
3.406	1.4979074E-008
3.407	1.0264607E-008
3.408	7.7160038E-009
3.409	7.6613444E-009
3.41	1.0139740E-008
3.411	1.4898470E-008
3.412	2.2432772E-008
3.413	3.1800951E-008
3.414	4.3215909E-008
3.415	5.7326275E-008
3.416	7.2321178E-008
3.417	8.9699107E-008
3.418	1.0719794E-007
3.419	1.2657284E-007
3.42	1.4527706E-007
3.421	1.6517234E-007
3.422	1.8367652E-007
3.423	2.0257713E-007
3.424	2.1940315E-007
3.425	2.3540051E-007
3.426	2.4928354E-007
3.427	2.6198887E-007
3.428	2.7176995E-007
3.429	2.7964842E-007
3.43	2.8447508E-007
3.431	2.8680975E-007
3.432	2.8625917E-007
3.433	2.8282005E-007
3.434	2.7682358E-007
3.435	2.6778162E-007
3.436	2.5676431E-007
3.437	2.4276227E-007
3.438	2.2752485E-007
3.439	2.0963033E-007
3.44	1.9028478E-007
3.441	1.7156914E-007
3.442	1.5058266E-007
3.443	1.3058843E-007
3.444	1.0970376E-007
3.445	9.0655234E-008
3.446	7.1692362E-008
3.447	5.4407661E-008
3.448	4.0030052E-008
3.449	2.7266667E-008
3.45	1.7390743E-008
3.451	1.1008995E-008
3.452	7.6337994E-009
3.453	7.8173361E-009
3.454	1.1727098E-008
3.455	1.9519183E-008
3.456	3.0448096E-008
3.457	4.5245809E-008
3.458	6.4094955E-008
3.459	8.5046857E-008
3.46	1.1030305E-007
3.461	1.3837412E-007
3.462	1.6704347E-007
3.463	1.9929725E-007
3.464	2.3291490E-007
3.465	2.6539675E-007
3.466	3.0005526E-007
3.467	3.3430175E-007
3.468	3.6569043E-007
3.469	3.9742790E-007
3.47	4.2686688E-007
3.471	4.5352877E-007
3.472	4.7495098E-007
3.473	4.9464666E-007
3.474	5.1007606E-007
3.475	5.2076871E-007
3.476	5.2628542E-007
3.477	5.2709413E-007
3.478	5.2257451E-007
3.479	5.1270973E-007
3.48	4.9860557E-007
3.481	4.7869753E-007
3.482	4.5406608E-007
3.483	4.2510885E-007
3.484	3.9224733E-007
3.485	3.5829407E-007
3.486	3.1988125E-007
3.487	2.8090955E-007
3.488	2.4006491E-007
3.489	1.9934373E-007
3.49	1.6196117E-007
3.491	1.2460174E-007
3.492	9.0592557E-008
3.493	6.1120666E-008
3.494	3.7350514E-008
3.495	2.0447656E-008
3.496	1.1561245E-008
3.497	1.1525153E-008
3.498	2.1350338E-008
3.499	4.2278021E-008
3.5	7.5240742E-008
3.501	1.2105612E-007
3.502	1.7855987E-007
3.503	2.5165286E-007
3.504	3.3406195E-007
3.505	4.3577805E-007
3.506	5.5254628E-007
3.507	6.8444183E-007
3.508	8.3125752E-007
3.509	9.9276826E-007
3.51	1.1684760E-006
3.511	1.3578161E-006
3.512	1.5600064E-006
3.513	1.7739391E-006
3.514	1.9988206E-006
3.515	2.2333913E-006
3.516	2.4761791E-006
3.517	2.7187848E-006
3.518	2.9739494E-006
3.519	3.2178534E-006
3.52	3.4788511E-006
3.521	3.7402685E-006
3.522	3.9997203E-006
3.523	4.2569382E-006
3.524	4.5086376E-006
3.525	4.7538861E-006
3.526	4.9906744E-006
3.527	5.2170490E-006
3.528	5.4435159E-006
3.529	5.6332710E-006
3.53	5.8299956E-006
3.531	6.0001903E-006
3.532	6.1475939E-006
3.533	6.2817448E-006
3.534	6.3970533E-006
3.535	6.4915662E-006
3.536	6.5648187E-006
3.537	6.6174357E-006
3.538	6.6483058E-006
3.539	6.6575353E-006
3.54	6.6451712E-006
3.541	6.6112680E-006
3.542	6.5568152E-006
3.543	6.4805372E-006
3.544	6.3850739E-006
3.545	6.2646382E-006
3.546	6.1311380E-006
3.547	5.9847657E-006
3.548	5.8196024E-006
3.549	5.6388544E-006
3.55	5.4459183E-006
3.551	5.2404507E-006
3.552	5.0251169E-006
3.553	4.7887384E-006
3.554	4.5580009E-006
3.555	4.3208283E-006
3.556	4.0802661E-006
3.557	3.8377293E-006
3.558	3.5941753E-006
3.559	3.3515666E-006
3.56	3.0972747E-006
3.561	2.8668198E-006
3.562	2.6346693E-006
3.563	2.4082149E-006
3.564	2.1887042E-006
3.565	1.9661770E-006
3.566	1.7642667E-006
3.567	1.5723714E-006
3.568	1.3907817E-006
3.569	1.2201543E-006
3.57	1.0525790E-006
3.571	9.0561343E-007
3.572	7.7046110E-007
3.573	6.4744324E-007
3.574	5.3037769E-007
3.575	4.3415866E-007
3.576	3.4659882E-007
3.577	2.6633299E-007
3.578	2.0138953E-007
3.579	1.4675811E-007
3.58	1.0187799E-007
3.581	6.4448464E-008
3.582	3.7734274E-008
3.583	1.8809502E-008
3.584	6.5165304E-009
3.585	1.3694132E-009
3.586	1.8013556E-009
3.587	7.0673134E-009
3.588	1.7054340E-008
3.589	2.9562878E-008
3.59	4.5043009E-008
3.591	6.3537932E-008
3.592	8.2420300E-008
3.593	1.0202682E-007
3.594	1.2292966E-007
3.595	1.4237369E-007
3.596	1.6208841E-007
3.597	1.7947242E-007
3.598	1.9533330E-007
3.599	2.1014226E-007
3.6	2.2201236E-007
3.601	2.3166642E-007
3.602	2.3942692E-007
3.603	2.4416420E-007
3.604	2.4669995E-007
3.605	2.4671760E-007
3.606	2.4424179E-007
3.607	2.3966871E-007
3.608	2.3304739E-007
3.609	2.2407461E-007
3.61	2.1389491E-007
3.611	2.0158998E-007
3.612	1.8872076E-007
3.613	1.7494420E-007
3.614	1.5966513E-007
3.615	1.4473933E-007
3.616	1.2882457E-007
3.617	1.1420703E-007
3.618	9.8649977E-008
3.619	8.4463743E-008
3.62	7.0224068E-008
3.621	5.7632821E-008
3.622	4.5472039E-008
3.623	3.5128959E-008
3.624	2.5574593E-008
3.625	1.7887915E-008
3.626	1.1270981E-008
3.627	6.4374133E-009
3.628	2.8498479E-009
3.629	8.5561697E-010
3.63	1.7802193E-010
3.631	7.8065798E-010
3.632	2.6704561E-009
3.633	5.7283835E-009
3.634	9.5747668E-009
3.635	1.4496462E-008
3.636	1.9829242E-008
3.637	2.6003596E-008
3.638	3.2216523E-008
3.639	3.9005858E-008
3.64	4.5864855E-008
3.641	5.2259118E-008
3.642	5.8796005E-008
3.643	6.4461801E-008
3.644	7.0133225E-008
3.645	7.5190535E-008
3.646	7.9328458E-008
3.647	8.2921638E-008
3.648	8.5530459E-008
3.649	8.7434408E-008
3.65	8.8421551E-008
3.651	8.8496527E-008
3.652	8.7704933E-008
3.653	8.6027043E-008
3.654	8.3670514E-008
3.655	8.0451088E-008
3.656	7.6536622E-008
3.657	7.2387827E-008
3.658	6.7393295E-008
3.659	6.1995955E-008
3.66	5.6593038E-008
3.661	5.0697835E-008
3.662	4.4725553E-008
3.663	3.8785455E-008
3.664	3.3274443E-008
3.665	2.7686838E-008
3.666	2.2437016E-008
3.667	1.7832466E-008
3.668	1.3457482E-008
3.669	9.6311714E-009
3.67	6.4871792E-009
3.671	4.0143617E-009
3.672	2.0572650E-009
3.673	7.8110157E-010
3.674	1.8692521E-010
3.675	2.4022356E-010
3.676	9.2276370E-010
3.677	2.2100572E-009
3.678	4.0550603E-009
3.679	6.2619585E-009
3.68	9.0147978E-009
3.681	1.2129220E-008
3.682	1.5529372E-008
3.683	1.9031395E-008
3.684	2.2549608E-008
3.685	2.6302210E-008
3.686	3.0010550E-008
3.687	3.3599452E-008
3.688	3.6985814E-008
3.689	4.0109779E-008
3.69	4.2763482E-008
3.691	4.5186052E-008
3.692	4.7183732E-008
3.693	4.8716164E-008
3.694	4.9753506E-008
3.695	5.0278690E-008
3.696	5.0306138E-008
3.697	4.9827591E-008
3.698	4.8915023E-008
3.699	4.7496087E-008
3.7	4.5638011E-008
3.701	4.3387161E-008
3.702	4.0785910E-008
3.703	3.7889414E-008
3.704	3.4761307E-008
3.705	3.1464189E-008
3.706	2.8052590E-008
3.707	2.4604368E-008
3.708	2.1444277E-008
3.709	1.8102433E-008
3.71	1.4906249E-008
3.711	1.1913119E-008
3.712	9.1774472E-009
3.713	6.7407453E-009
3.714	4.6484749E-009
3.715	2.9307954E-009
3.716	1.6112439E-009
3.717	7.0712147E-010
3.718	2.2546597E-010
3.719	1.6545029E-010
3.72	5.1763194E-010
3.721	1.2402596E-009
3.722	2.3484759E-009
3.723	3.7962473E-009
3.724	5.5464575E-009
3.725	7.5567401E-009
3.726	9.7774890E-009
3.727	1.2161441E-008
3.728	1.4651829E-008
3.729	1.7195495E-008
3.73	1.9741057E-008
3.731	2.2231404E-008
3.732	2.4616137E-008
3.733	2.6904157E-008
3.734	2.8927078E-008
3.735	3.0712688E-008
3.736	3.2221298E-008
3.737	3.3427909E-008
3.738	3.4309160E-008
3.739	3.4851997E-008
3.74	3.5041641E-008
3.741	3.4881065E-008
3.742	3.4379827E-008
3.743	3.3542506E-008
3.744	3.2324209E-008
3.745	3.0912226E-008
3.746	2.9213687E-008
3.747	2.7290087E-008
3.748	2.5182523E-008
3.749	2.2937870E-008
3.75	2.0593209E-008
3.751	1.8072937E-008
3.752	1.5675475E-008
3.753	1.3320261E-008
3.754	1.1051382E-008
3.755	8.9126795E-009
3.756	6.9409190E-009
3.757	5.1708176E-009
3.758	3.5972714E-009
3.759	2.3251820E-009
3.76	1.3324613E-009
3.761	6.3238015E-010
3.762	2.3419816E-010
3.763	1.4245154E-010
3.764	3.6283232E-010
3.765	8.7309687E-010
3.766	1.6580181E-009
3.767	2.7572133E-009
3.768	4.0357722E-009
3.769	5.5112883E-009
3.77	7.1077477E-009
3.771	8.9690761E-009
3.772	1.0830692E-008
3.773	1.2742261E-008
3.774	1.4665412E-008
3.775	1.6658953E-008
3.776	1.8481920E-008
3.777	2.0199462E-008
3.778	2.1856065E-008
3.779	2.3256005E-008
3.78	2.4455703E-008
3.781	2.5431401E-008
3.782	2.6186015E-008
3.783	2.6666015E-008
3.784	2.6884763E-008
3.785	2.6828930E-008
3.786	2.6509502E-008
3.787	2.5938869E-008
3.788	2.5075760E-008
3.789	2.4027729E-008
3.79	2.2708962E-008
3.791	2.1277105E-008
3.792	1.9700273E-008
3.793	1.7914978E-008
3.794	1.6183606E-008
3.795	1.4360800E-008
3.796	1.2431726E-008
3.797	1.0621443E-008
3.798	8.8707335E-009
3.799	7.1259301E-009
3.8	5.5919678E-009
3.801	4.1401775E-009
3.802	2.9390130E-009
3.803	1.8855177E-009
3.804	1.1022916E-009
3.805	5.5457805E-010
3.806	2.0865742E-010
3.807	1.2082900E-010
3.808	2.7930958E-010
3.809	6.6148814E-010
3.81	1.2958308E-009
3.811	2.1030386E-009
3.812	3.1477669E-009
3.813	4.3021990E-009
3.814	5.6598370E-009
3.815	7.0577668E-009
3.816	8.5301641E-009
3.817	1.0086479E-008
3.818	1.1618495E-008
3.819	1.3210301E-008
3.82	1.4673702E-008
3.821	1.6131171E-008
3.822	1.7406467E-008
3.823	1.8609208E-008
3.824	1.9642986E-008
3.825	2.0447168E-008
3.826	2.1093825E-008
3.827	2.1501718E-008
3.828	2.1707555E-008
3.829	2.1698456E-008
3.83	2.1464057E-008
3.831	2.1036380E-008
3.832	2.0378740E-008
3.833	1.9568752E-008
3.834	1.8543997E-008
3.835	1.7360252E-008
3.836	1.6111715E-008
3.837	1.4695807E-008
3.838	1.3283661E-008
3.839	1.1749327E-008
3.84	1.0239165E-008
3.841	8.7848457E-009
3.842	7.3000681E-009
3.843	5.9591931E-009
3.844	4.6497757E-009
3.845	3.4685577E-009
3.846	2.4868687E-009
3.847	1.6192405E-009
3.848	9.3743036E-010
3.849	4.7266518E-010
3.85	1.8262421E-010
3.851	1.0013912E-010
3.852	2.0879726E-010
3.853	5.2009469E-010
3.854	1.0236996E-009
3.855	1.6687424E-009
3.856	2.5067766E-009
3.857	3.4886423E-009
3.858	4.5337405E-009
3.859	5.7275980E-009
3.86	6.9927588E-009
3.861	8.3012290E-009
3.862	9.5232613E-009
3.863	1.0830437E-008
3.864	1.2101916E-008
3.865	1.3244295E-008
3.866	1.4359660E-008
3.867	1.5359463E-008
3.868	1.6224618E-008
3.869	1.6904652E-008
3.87	1.7459040E-008
3.871	1.7837230E-008
3.872	1.8032132E-008
3.873	1.8038792E-008
3.874	1.7876873E-008
3.875	1.7526855E-008
3.876	1.7004245E-008
3.877	1.6318754E-008
3.878	1.5486219E-008
3.879	1.4573981E-008
3.88	1.3502706E-008
3.881	1.2347988E-008
3.882	1.1128036E-008
3.883	9.8672750E-009
3.884	8.6880920E-009
3.885	7.4254398E-009
3.886	6.1968977E-009
3.887	5.0279430E-009
3.888	3.9421106E-009
3.889	2.9597020E-009
3.89	2.0988904E-009
3.891	1.4093264E-009
3.892	8.3036716E-010
3.893	4.1182360E-010
3.894	1.6052702E-010
3.895	7.9254811E-011
3.896	1.6361561E-010
3.897	4.1405904E-010
3.898	8.2322726E-010
3.899	1.3499393E-009
3.9	2.0361721E-009
3.901	2.8429528E-009
3.902	3.7512855E-009
3.903	4.7425508E-009
3.904	5.7925797E-009
3.905	6.8814110E-009
3.906	7.9565714E-009
3.907	9.0516190E-009
3.908	1.0116729E-008
3.909	1.1127846E-008
3.91	1.2065128E-008
3.911	1.2909057E-008
3.912	1.3643177E-008
3.913	1.4253481E-008
3.914	1.4726623E-008
3.915	1.5055685E-008
3.916	1.5232187E-008
3.917	1.5254010E-008
3.918	1.5126920E-008
3.919	1.4846199E-008
3.92	1.4421600E-008
3.921	1.3861701E-008
3.922	1.3178928E-008
3.923	1.2383566E-008
3.924	1.1496486E-008
3.925	1.0536279E-008
3.926	9.5202619E-009
3.927	8.4673681E-009
3.928	7.4275177E-009
3.929	6.3676908E-009
3.93	5.3355906E-009
3.931	4.3513149E-009
3.932	3.4329426E-009
3.933	2.5980655E-009
3.934	1.8286997E-009
3.935	1.2124183E-009
3.936	7.2029421E-010
3.937	3.6113940E-010
3.938	1.4416288E-010
3.939	6.1246751E-011
3.94	1.1976392E-010
3.941	3.1688735E-010
3.942	6.4695027E-010
3.943	1.1021156E-009
3.944	1.7028523E-009
3.945	2.3785163E-009
3.946	3.1404561E-009
3.947	3.9715902E-009
3.948	4.8551314E-009
3.949	5.7481251E-009
3.95	6.7272059E-009
3.951	7.6538935E-009
3.952	8.5561789E-009
3.953	9.4166532E-009
3.954	1.0215281E-008
3.955	1.0940271E-008
3.956	1.1605579E-008
3.957	1.2132609E-008
3.958	1.2545413E-008
3.959	1.2833739E-008
3.96	1.3010144E-008
3.961	1.3043502E-008
3.962	1.2949007E-008
3.963	1.2729136E-008
3.964	1.2385608E-008
3.965	1.1900961E-008
3.966	1.1333547E-008
3.967	1.0673260E-008
3.968	9.8936743E-009
3.969	9.1056469E-009
3.97	8.2495166E-009
3.971	7.3624840E-009
3.972	6.4158066E-009
3.973	5.5182503E-009
3.974	4.6422497E-009
3.975	3.8033146E-009
3.976	2.9811289E-009
3.977	2.2691580E-009
3.978	1.6385376E-009
3.979	1.0780052E-009
3.98	6.5917810E-010
3.981	3.3897168E-010
3.982	1.2735418E-010
3.983	4.7243223E-011
3.984	8.5829122E-011
3.985	2.5216837E-010
3.986	5.2553967E-010
3.987	9.0446639E-010
3.988	1.4070388E-009
3.989	1.9736568E-009
3.99	2.6314158E-009
3.991	3.3345537E-009
3.992	4.0822261E-009
3.993	4.9001616E-009
3.994	5.6936700E-009
3.995	6.4857839E-009
3.996	7.2962143E-009
3.997	8.0339531E-009
3.998	8.7562286E-009
3.999	9.3792032E-009
4	9.9401998E-009
4.001	1.0402434E-008
4.002	1.0771260E-008
4.003	1.1047419E-008
4.004	1.1201474E-008
4.005	1.1248485E-008
4.006	1.1179379E-008
4.007	1.0993341E-008
4.008	1.0708099E-008
4.009	1.0327420E-008
4.01	9.8434230E-009
4.011	9.2892334E-009
4.012	8.6359790E-009
4.013	7.9534992E-009
4.014	7.1920576E-009
4.015	6.4363226E-009
4.016	5.6300227E-009
4.017	4.8247530E-009
4.018	4.0735126E-009
4.019	3.3534762E-009
4.02	2.6614895E-009
4.021	2.0143143E-009
4.022	1.4676305E-009
4.023	9.7786512E-010
4.024	6.0022237E-010
4.025	3.0359212E-010
4.026	1.2107662E-010
4.027	3.7047383E-011
4.028	6.0249195E-011
4.029	1.9142618E-010
4.03	4.2111836E-010
4.031	7.3668194E-010
4.032	1.1574580E-009
4.033	1.6343394E-009
4.034	2.2043538E-009
4.035	2.8322056E-009
4.036	3.4719547E-009
4.037	4.1718673E-009
4.038	4.8530149E-009
4.039	5.5681046E-009
4.04	6.2505285E-009
4.041	6.8885218E-009
4.042	7.5173041E-009
4.043	8.0622335E-009
4.044	8.5676515E-009
4.045	8.9963041E-009
4.046	9.3218917E-009
4.047	9.5711368E-009
4.048	9.7252180E-009
4.049	9.7741193E-009
4.05	9.7281943E-009
4.051	9.5832071E-009
4.052	9.3399173E-009
4.053	9.0221342E-009
4.054	8.6053324E-009
4.055	8.1122709E-009
4.056	7.5827620E-009
4.057	6.9718551E-009
4.058	6.3211951E-009
4.059	5.6577676E-009
4.06	4.9973097E-009
4.061	4.3032915E-009
4.062	3.6222325E-009
4.063	2.9985947E-009
4.064	2.3820181E-009
4.065	1.8173286E-009
4.066	1.3158772E-009
4.067	9.0506835E-010
4.068	5.5218441E-010
4.069	2.9143987E-010
4.07	1.1435378E-010
4.071	3.1273251E-011
4.072	4.0250671E-011
4.073	1.4109326E-010
4.074	3.3261760E-010
4.075	6.1011174E-010
4.076	9.6658825E-010
4.077	1.3723901E-009
4.078	1.8465929E-009
4.079	2.3832183E-009
4.08	2.9599083E-009
4.081	3.5639491E-009
4.082	4.1825130E-009
4.083	4.7729256E-009
4.084	5.3820894E-009
4.085	5.9687997E-009
4.086	6.5176060E-009
4.087	7.0203270E-009
4.088	7.4555491E-009
4.089	7.8367135E-009
4.09	8.1428526E-009
4.091	8.3597680E-009
4.092	8.5071896E-009
4.093	8.5667917E-009
4.094	8.5388532E-009
4.095	8.4236671E-009
4.096	8.2240232E-009
4.097	7.9529530E-009
4.098	7.6018747E-009
4.099	7.1838211E-009
4.1	6.7097412E-009
4.101	6.1845800E-009
4.102	5.6505947E-009
4.103	5.0644213E-009
4.104	4.4643156E-009
4.105	3.8604751E-009
4.106	3.2803478E-009
4.107	2.7076827E-009
4.108	2.1664666E-009
4.109	1.6684656E-009
4.11	1.2223955E-009
4.111	8.3763013E-010
4.112	5.2115778E-010
4.113	2.7828848E-010
4.114	1.1369090E-010
4.115	2.9775744E-011
4.116	2.6677062E-011
4.117	1.0364549E-010
4.118	2.5935121E-010
4.119	4.9007542E-010
4.12	7.9055235E-010
4.121	1.1538346E-009
4.122	1.5719849E-009
4.123	2.0362168E-009
4.124	2.5364275E-009
4.125	3.0752374E-009
4.126	3.6164889E-009
4.127	4.1608970E-009
4.128	4.6971551E-009
4.129	5.2140603E-009
4.13	5.7017884E-009
4.131	6.1510312E-009
4.132	6.5516099E-009
4.133	6.8956805E-009
4.134	7.1718191E-009
4.135	7.3865198E-009
4.136	7.5341919E-009
4.137	7.5985431E-009
4.138	7.5861362E-009
4.139	7.4979889E-009
4.14	7.3365767E-009
4.141	7.1039707E-009
4.142	6.8075985E-009
4.143	6.4420624E-009
4.144	6.0310685E-009
4.145	5.5791354E-009
4.146	5.0920677E-009
4.147	4.5792792E-009
4.148	4.0528514E-009
4.149	3.4972618E-009
4.15	2.9733214E-009
4.151	2.4663795E-009
4.152	1.9966353E-009
4.153	1.5518407E-009
4.154	1.1331315E-009
4.155	7.8660584E-010
4.156	4.9870652E-010
4.157	2.7468428E-010
4.158	1.1835277E-010
4.159	3.0067612E-011
4.16	1.8942408E-011
4.161	7.6773844E-011
4.162	2.0471297E-010
4.163	4.0984230E-010
4.164	6.6916889E-010
4.165	9.8486419E-010
4.166	1.3686990E-009
4.167	1.7775422E-009
4.168	2.2196744E-009
4.169	2.6863900E-009
4.17	3.1786691E-009
4.171	3.6647216E-009
4.172	4.1455617E-009
4.173	4.6125064E-009
4.174	5.0752651E-009
4.175	5.4836962E-009
4.176	5.8505907E-009
4.177	6.1851511E-009
4.178	6.4468013E-009
4.179	6.6443602E-009
4.18	6.7922401E-009
4.181	6.8630586E-009
4.182	6.8670118E-009
4.183	6.7999655E-009
4.184	6.6686505E-009
4.185	6.4745467E-009
4.186	6.2076304E-009
4.187	5.9053402E-009
4.188	5.5314118E-009
4.189	5.1333684E-009
4.19	4.7021080E-009
4.191	4.2254129E-009
4.192	3.7552650E-009
4.193	3.2570693E-009
4.194	2.7851572E-009
4.195	2.3261644E-009
4.196	1.8793986E-009
4.197	1.4732870E-009
4.198	1.0890984E-009
4.199	7.6831908E-010
4.2	4.8723192E-010
4.201	2.7646022E-010
4.202	1.2019991E-010
4.203	3.5178256E-011
4.204	1.4120578E-011
4.205	5.9048343E-011
4.206	1.6654138E-010
4.207	3.4401132E-010
4.208	5.7161093E-010
4.209	8.6565444E-010
4.21	1.1936988E-009
4.211	1.5795172E-009
4.212	1.9805018E-009
4.213	2.4157003E-009
4.214	2.8564180E-009
4.215	3.3251337E-009
4.216	3.7704453E-009
4.217	4.2243862E-009
4.218	4.6565929E-009
4.219	5.0403997E-009
4.22	5.4049720E-009
4.221	5.7090856E-009
4.222	5.9703718E-009
4.223	6.1711285E-009
4.224	6.3217893E-009
4.225	6.4021179E-009
4.226	6.4225523E-009
4.227	6.3758483E-009
4.228	6.2676184E-009
4.229	6.0921481E-009
4.23	5.8683125E-009
4.231	5.5877543E-009
4.232	5.2516462E-009
4.233	4.8904183E-009
4.234	4.4777808E-009
4.235	4.0599129E-009
4.236	3.6057062E-009
4.237	3.1437657E-009
4.238	2.7029530E-009
4.239	2.2635194E-009
4.24	1.8334148E-009
4.241	1.4494520E-009
4.242	1.0837965E-009
4.243	7.6248619E-010
4.244	5.0332588E-010
4.245	2.8715930E-010
4.246	1.3745358E-010
4.247	4.4503727E-011
4.248	1.4368448E-011
4.249	5.0536186E-011
4.25	1.4610534E-010
4.251	3.0823852E-010
4.252	5.3034477E-010
4.253	7.9395840E-010
4.254	1.1187481E-009
4.255	1.4869602E-009
4.256	1.8807678E-009
4.257	2.2907356E-009
4.258	2.7389080E-009
4.259	3.1964527E-009
4.26	3.6536938E-009
4.261	4.0821266E-009
4.262	4.5123842E-009
4.263	4.9173479E-009
4.264	5.2777605E-009
4.265	5.5908957E-009
4.266	5.8700156E-009
4.267	6.0952337E-009
4.268	6.2610486E-009
4.269	6.3631891E-009
4.27	6.3999614E-009
4.271	6.3747345E-009
4.272	6.2870025E-009
4.273	6.1336545E-009
4.274	5.9206293E-009
4.275	5.6638827E-009
4.276	5.3468177E-009
4.277	4.9847593E-009
4.278	4.5850412E-009
4.279	4.1578416E-009
4.28	3.7099217E-009
4.281	3.2619827E-009
4.282	2.8229994E-009
4.283	2.3710629E-009
4.284	1.9359812E-009
4.285	1.5272752E-009
4.286	1.1534343E-009
4.287	8.2227286E-010
4.288	5.4113919E-010
4.289	3.2030295E-010
4.29	1.6081786E-010
4.291	5.6931307E-011
4.292	2.0301393E-011
4.293	5.2274459E-011
4.294	1.5284461E-010
4.295	3.2033806E-010
4.296	5.5216859E-010
4.297	8.3693835E-010
4.298	1.1826662E-009
4.299	1.5769013E-009
4.3	2.0126922E-009
4.301	2.4812843E-009
4.302	2.9737479E-009
4.303	3.4805656E-009
4.304	3.9920947E-009
4.305	4.4640287E-009
4.306	4.9782320E-009
4.307	5.4236171E-009
4.308	5.8766405E-009
4.309	6.2493926E-009
4.31	6.5903945E-009
4.311	6.8861845E-009
4.312	7.0948407E-009
4.313	7.2507862E-009
4.314	7.3308013E-009
4.315	7.3374915E-009
4.316	7.2695050E-009
4.317	7.1301933E-009
4.318	6.9191732E-009
4.319	6.6422330E-009
4.32	6.3032775E-009
4.321	5.9198260E-009
4.322	5.4801546E-009
4.323	5.0024176E-009
4.324	4.4951669E-009
4.325	3.9706789E-009
4.326	3.4374430E-009
4.327	2.9073095E-009
4.328	2.3918307E-009
4.329	1.9142470E-009
4.33	1.4416853E-009
4.331	1.0384327E-009
4.332	6.9238609E-010
4.333	4.1233658E-010
4.334	2.0616117E-010
4.335	8.0083280E-011
4.336	3.9216731E-011
4.337	8.4898068E-011
4.338	2.2972275E-010
4.339	4.6123272E-010
4.34	7.8177298E-010
4.341	1.1888145E-009
4.342	1.6773247E-009
4.343	2.2398985E-009
4.344	2.8999882E-009
4.345	3.5729544E-009
4.346	4.3078048E-009
4.347	5.0770135E-009
4.348	5.8669003E-009
4.349	6.7031420E-009
4.35	7.4958377E-009
4.351	8.2679259E-009
4.352	9.0056584E-009
4.353	9.6794217E-009
4.354	1.0335278E-008
4.355	1.0887563E-008
4.356	1.1353043E-008
4.357	1.1722895E-008
4.358	1.1997154E-008
4.359	1.2148005E-008
4.36	1.2178188E-008
4.361	1.2095605E-008
4.362	1.1877368E-008
4.363	1.1551978E-008
4.364	1.1108853E-008
4.365	1.0531450E-008
4.366	9.8787147E-009
4.367	9.1399821E-009
4.368	8.3436476E-009
4.369	7.4346791E-009
4.37	6.5214638E-009
4.371	5.5906719E-009
4.372	4.6178403E-009
4.373	3.7123098E-009
4.374	2.8551801E-009
4.375	2.0378215E-009
4.376	1.3712179E-009
4.377	8.1201335E-010
4.378	3.8709988E-010
4.379	1.5989399E-010
4.38	1.3162256E-010
4.381	3.4024059E-010
4.382	7.8950169E-010
4.383	1.5028512E-009
4.384	2.5246567E-009
4.385	3.8244958E-009
4.386	5.5152443E-009
4.387	7.4600930E-009
4.388	9.7359090E-009
4.389	1.2467361E-008
4.39	1.5419227E-008
4.391	1.8779712E-008
4.392	2.2391420E-008
4.393	2.6318359E-008
4.394	3.0740146E-008
4.395	3.5265074E-008
4.396	4.0277815E-008
4.397	4.5323418E-008
4.398	5.0816407E-008
4.399	5.6133963E-008
4.4	6.1990455E-008
4.401	6.7709905E-008
4.402	7.3794673E-008
4.403	7.9643698E-008
4.404	8.5780421E-008
4.405	9.1614481E-008
4.406	9.7521543E-008
4.407	1.0318720E-007
4.408	1.0868398E-007
4.409	1.1424537E-007
4.41	1.1958271E-007
4.411	1.2439602E-007
4.412	1.2910830E-007
4.413	1.3328258E-007
4.414	1.3719017E-007
4.415	1.4064543E-007
4.416	1.4378270E-007
4.417	1.4634909E-007
4.418	1.4857719E-007
4.419	1.5021338E-007
4.42	1.5141590E-007
4.421	1.5208875E-007
4.422	1.5225444E-007
4.423	1.5193820E-007
4.424	1.5113692E-007
4.425	1.4977830E-007
4.426	1.4800393E-007
4.427	1.4571212E-007
4.428	1.4293593E-007
4.429	1.3990861E-007
4.43	1.3632281E-007
4.431	1.3232953E-007
4.432	1.2818606E-007
4.433	1.2351944E-007
4.434	1.1879668E-007
4.435	1.1363766E-007
4.436	1.0836030E-007
4.437	1.0306036E-007
4.438	9.7387556E-008
4.439	9.1627356E-008
4.44	8.6069790E-008
4.441	8.0243311E-008
4.442	7.4441338E-008
4.443	6.9058721E-008
4.444	6.3405679E-008
4.445	5.7891537E-008
4.446	5.2743200E-008
4.447	4.7543338E-008
4.448	4.2557328E-008
4.449	3.7805503E-008
4.45	3.3490359E-008
4.451	2.9336116E-008
4.452	2.5369989E-008
4.453	2.1846267E-008
4.454	1.8457422E-008
4.455	1.5373942E-008
4.456	1.2594898E-008
4.457	1.0217926E-008
4.458	8.0749523E-009
4.459	6.1736616E-009
4.46	4.5568345E-009
4.461	3.2650893E-009
4.462	2.1691244E-009
4.463	1.3172136E-009
4.464	6.9339068E-010
4.465	2.8611932E-010
4.466	6.4551468E-011
4.467	1.0000000E-012
4.468	8.8720919E-011
4.469	3.0742800E-010
4.47	6.3629335E-010
4.471	1.0354754E-009
4.472	1.5105398E-009
4.473	2.0477045E-009
4.474	2.6178955E-009
4.475	3.2051839E-009
4.476	3.7933106E-009
4.477	4.3659760E-009
4.478	4.8882463E-009
4.479	5.3963971E-009
4.48	5.8472156E-009
4.481	6.2504468E-009
4.482	6.5897829E-009
4.483	6.8612320E-009
4.484	7.0600601E-009
4.485	7.1860513E-009
4.486	7.2343327E-009
4.487	7.2166446E-009
4.488	7.1281328E-009
4.489	6.9723374E-009
4.49	6.7557449E-009
4.491	6.4807577E-009
4.492	6.1564811E-009
4.493	5.7881757E-009
4.494	5.3945430E-009
4.495	4.9650368E-009
4.496	4.5157882E-009
4.497	4.0545474E-009
4.498	3.5915662E-009
4.499	3.1323022E-009
4.5	2.6850979E-009
