theta_deg	R
0.001	9.9992120E-001
0.002	9.9985623E-001
0.003	9.9979138E-001
0.004	9.9971700E-001
0.005	9.9965197E-001
0.006	9.9957794E-001
0.007	9.9951285E-001
0.008	9.9943870E-001
0.009	9.9937356E-001
0.01	9.9929941E-001
0.011	9.9923432E-001
0.012	9.9915999E-001
0.013	9.9909514E-001
0.014	9.9094844E-001
0.015	9.9087530E-001
0.016	9.9081171E-001
0.017	9.9074799E-001
0.018	9.9067485E-001
0.019	9.9061084E-001
0.02	9.9053788E-001
0.021	9.9047422E-001
0.022	9.9040133E-001
0.023	9.9033731E-001
0.024	9.9026436E-001
0.025	9.8683500E-001
0.026	9.8676270E-001
0.027	9.8669910E-001
0.028	9.8663580E-001
0.029	9.8656338E-001
0.03	9.8650002E-001
0.031	9.8642761E-001
0.032	9.8375624E-001
0.033	9.8369330E-001
0.034	9.8362106E-001
0.035	9.8355818E-001
0.036	9.8349524E-001
0.037	9.8342288E-001
0.038	9.8113900E-001
0.039	9.8107618E-001
0.04	9.8101360E-001
0.041	9.8094153E-001
0.042	9.7890109E-001
0.043	9.7883862E-001
0.044	9.7877592E-001
0.045	9.7870451E-001
0.046	9.7864187E-001
0.047	9.7677135E-001
0.048	9.7670913E-001
0.049	9.7664672E-001
0.05	9.7658461E-001
0.051	9.7484112E-001
0.052	9.7477889E-001
0.053	9.7471696E-001
0.054	9.7464567E-001
0.055	9.7300982E-001
0.056	9.7294766E-001
0.057	9.7288591E-001
0.058	9.7132891E-001
0.059	9.7125828E-001
0.06	9.7119606E-001
0.061	9.6970391E-001
0.062	9.6964240E-001
0.063	9.6958077E-001
0.064	9.6951926E-001
0.065	9.6807653E-001
0.066	9.6801496E-001
0.067	9.6795374E-001
0.068	9.6656173E-001
0.069	9.6650022E-001
0.07	9.6515161E-001
0.071	9.6509063E-001
0.072	9.6502000E-001
0.073	9.6371031E-001
0.074	9.6364939E-001
0.075	9.6358824E-001
0.076	9.6230292E-001
0.077	9.6224177E-001
0.078	9.6098202E-001
0.079	9.6092111E-001
0.08	9.6086025E-001
0.081	9.5962912E-001
0.082	9.5956838E-001
0.083	9.5835161E-001
0.084	9.5829082E-001
0.085	9.5823920E-001
0.086	9.5704651E-001
0.087	9.5698625E-001
0.088	9.5581174E-001
0.089	9.5575142E-001
0.09	9.5458257E-001
0.091	9.5453101E-001
0.092	9.5338124E-001
0.093	9.5333016E-001
0.094	9.5219398E-001
0.095	9.5213383E-001
0.096	9.5100069E-001
0.097	9.5094019E-001
0.098	9.4982284E-001
0.099	9.4977170E-001
0.1	9.4866234E-001
0.101	9.4861132E-001
0.102	9.4750875E-001
0.103	9.4744837E-001
0.104	9.4636095E-001
0.105	9.4631004E-001
0.106	9.4521093E-001
0.107	9.4516021E-001
0.108	9.4408268E-001
0.109	9.4402260E-001
0.11	9.4294113E-001
0.111	9.4288999E-001
0.112	9.4181156E-001
0.113	9.4074416E-001
0.114	9.4069350E-001
0.115	9.3961954E-001
0.116	9.3956876E-001
0.117	9.3851453E-001
0.118	9.3744314E-001
0.119	9.3739277E-001
0.12	9.3633133E-001
0.121	9.3628049E-001
0.122	9.3521935E-001
0.123	9.3415791E-001
0.124	9.3410742E-001
0.125	9.3303615E-001
0.126	9.3197358E-001
0.127	9.3192267E-001
0.128	9.3086749E-001
0.129	9.2981076E-001
0.13	9.2976022E-001
0.131	9.2870134E-001
0.132	9.2762053E-001
0.133	9.2757928E-001
0.134	9.2650545E-001
0.135	9.2543864E-001
0.136	9.2538756E-001
0.137	9.2431641E-001
0.138	9.2323160E-001
0.139	9.2319041E-001
0.14	9.2210209E-001
0.141	9.2101824E-001
0.142	9.1993070E-001
0.143	9.1988862E-001
0.144	9.1878438E-001
0.145	9.1769594E-001
0.146	9.1764480E-001
0.147	9.1655034E-001
0.148	9.1545105E-001
0.149	9.1432363E-001
0.15	9.1428185E-001
0.151	9.1316932E-001
0.152	9.1204786E-001
0.153	9.1090989E-001
0.154	9.0977436E-001
0.155	9.0973252E-001
0.156	9.0858918E-001
0.157	9.0745050E-001
0.158	9.0629202E-001
0.159	9.0511173E-001
0.16	9.0506935E-001
0.161	9.0390247E-001
0.162	9.0272647E-001
0.163	9.0152836E-001
0.164	9.0032053E-001
0.165	8.9911264E-001
0.166	8.9906931E-001
0.167	8.9785051E-001
0.168	8.9662069E-001
0.169	8.9538026E-001
0.17	8.9415187E-001
0.171	8.9287418E-001
0.172	8.9159381E-001
0.173	8.9155984E-001
0.174	8.9029586E-001
0.175	8.8899982E-001
0.176	8.8769072E-001
0.177	8.8636690E-001
0.178	8.8503987E-001
0.179	8.8368720E-001
0.18	8.8234603E-001
0.181	8.8096833E-001
0.182	8.7957466E-001
0.183	8.7819600E-001
0.184	8.7677962E-001
0.185	8.7674284E-001
0.186	8.7530833E-001
0.187	8.7386596E-001
0.188	8.7240529E-001
0.189	8.7091941E-001
0.19	8.6943090E-001
0.191	8.6791945E-001
0.192	8.6639506E-001
0.193	8.6486542E-001
0.194	8.6329418E-001
0.195	8.6172611E-001
0.196	8.6013103E-001
0.197	8.5852408E-001
0.198	8.5688710E-001
0.199	8.5525149E-001
0.2	8.5358405E-001
0.201	8.5195190E-001
0.202	8.5028642E-001
0.203	8.4863782E-001
0.204	8.4698713E-001
0.205	8.4533012E-001
0.206	8.4374887E-001
0.207	8.4213334E-001
0.208	7.8216594E-001
0.209	7.9298419E-001
0.21	8.0343878E-001
0.211	8.0723113E-001
0.212	8.0866796E-001
0.213	8.0893517E-001
0.214	8.0856985E-001
0.215	8.0772728E-001
0.216	8.0656111E-001
0.217	8.0517638E-001
0.218	8.0355901E-001
0.219	7.9997087E-001
0.22	7.9789960E-001
0.221	7.9574478E-001
0.222	7.9349935E-001
0.223	7.9116225E-001
0.224	7.8867042E-001
0.225	7.8612304E-001
0.226	7.8068954E-001
0.227	7.7785844E-001
0.228	7.7488691E-001
0.229	7.7181482E-001
0.23	7.6863348E-001
0.231	7.6537299E-001
0.232	7.5850767E-001
0.233	7.5489527E-001
0.234	7.5114012E-001
0.235	7.4725431E-001
0.236	7.4326360E-001
0.237	7.3481548E-001
0.238	7.3038614E-001
0.239	7.2575873E-001
0.24	7.2098005E-001
0.241	7.1603584E-001
0.242	7.0552337E-001
0.243	6.9997770E-001
0.244	6.9418442E-001
0.245	6.8816870E-001
0.246	6.7541313E-001
0.247	6.6861159E-001
0.248	6.6152877E-001
0.249	6.5413487E-001
0.25	6.3845301E-001
0.251	6.3013047E-001
0.252	6.2141025E-001
0.253	6.0295594E-001
0.254	5.9327382E-001
0.255	5.8315444E-001
0.256	5.7274145E-001
0.257	5.5131012E-001
0.258	5.4162973E-001
0.259	5.2665567E-001
0.26	4.9927336E-001
0.261	4.8574281E-001
0.262	4.7225052E-001
0.263	4.4576433E-001
0.264	4.3275145E-001
0.265	4.2001489E-001
0.266	3.9535806E-001
0.267	3.8345116E-001
0.268	3.6058825E-001
0.269	3.4961835E-001
0.27	3.3900908E-001
0.271	3.1884548E-001
0.272	3.0935973E-001
0.273	3.0030623E-001
0.274	2.8351638E-001
0.275	2.7581444E-001
0.276	2.6174477E-001
0.277	2.5531179E-001
0.278	2.4923319E-001
0.279	2.3789614E-001
0.28	2.3253533E-001
0.281	2.2218698E-001
0.282	2.1712275E-001
0.283	2.0707071E-001
0.284	2.0208159E-001
0.285	1.9219647E-001
0.286	1.8735515E-001
0.287	1.8259825E-001
0.288	1.7350715E-001
0.289	1.6923054E-001
0.29	1.6135223E-001
0.291	1.5778612E-001
0.292	1.5143473E-001
0.293	1.4864595E-001
0.294	1.4376962E-001
0.295	1.4163491E-001
0.296	1.3782936E-001
0.297	1.3609043E-001
0.298	1.3277571E-001
0.299	1.3113831E-001
0.3	1.2777105E-001
0.301	1.2416209E-001
0.302	1.2223107E-001
0.303	1.1812394E-001
0.304	1.1594781E-001
0.305	1.1141393E-001
0.306	1.0908411E-001
0.307	1.0438342E-001
0.308	1.0205052E-001
0.309	9.7538196E-002
0.31	9.3335673E-002
0.311	9.1395751E-002
0.312	8.7888308E-002
0.313	8.6338125E-002
0.314	8.3660021E-002
0.315	8.1528299E-002
0.316	8.0650210E-002
0.317	7.9222739E-002
0.318	7.8642957E-002
0.319	7.7684514E-002
0.32	7.6886572E-002
0.321	7.6503590E-002
0.322	7.5717881E-002
0.323	7.4804403E-002
0.324	7.4272133E-002
0.325	7.3036306E-002
0.326	7.1532086E-002
0.327	7.0675887E-002
0.328	6.8763070E-002
0.329	6.6614002E-002
0.33	6.5463819E-002
0.331	6.3052066E-002
0.332	6.0564183E-002
0.333	5.9307553E-002
0.334	5.6830242E-002
0.335	5.4465357E-002
0.336	5.3342521E-002
0.337	5.1274098E-002
0.338	4.9464267E-002
0.339	4.7952328E-002
0.34	4.7312617E-002
0.341	4.6268549E-002
0.342	4.5538265E-002
0.343	4.5076575E-002
0.344	4.4935059E-002
0.345	4.4805627E-002
0.346	4.4822346E-002
0.347	4.4928446E-002
0.348	4.4989847E-002
0.349	4.5106098E-002
0.35	4.5156144E-002
0.351	4.5090739E-002
0.352	4.4869788E-002
0.353	4.4688702E-002
0.354	4.4186726E-002
0.355	4.3483518E-002
0.356	4.2582054E-002
0.357	4.1498505E-002
0.358	4.0256172E-002
0.359	3.9584551E-002
0.36	3.8172457E-002
0.361	3.6696278E-002
0.362	3.5204288E-002
0.363	3.3736899E-002
0.364	3.2340758E-002
0.365	3.1680405E-002
0.366	3.0459510E-002
0.367	2.9395277E-002
0.368	2.8508639E-002
0.369	2.7813911E-002
0.37	2.7312787E-002
0.371	2.7001709E-002
0.372	2.6869783E-002
0.373	2.6892519E-002
0.374	2.6953455E-002
0.375	2.7162049E-002
0.376	2.7457241E-002
0.377	2.7801583E-002
0.378	2.8162722E-002
0.379	2.8506095E-002
0.38	2.8800812E-002
0.381	2.9019877E-002
0.382	2.9139228E-002
0.383	2.9141949E-002
0.384	2.9016135E-002
0.385	2.8755004E-002
0.386	2.8358106E-002
0.387	2.7831227E-002
0.388	2.7183453E-002
0.389	2.6430089E-002
0.39	2.5589541E-002
0.391	2.4682827E-002
0.392	2.3734113E-002
0.393	2.2767199E-002
0.394	2.1805724E-002
0.395	2.0877702E-002
0.396	2.0000525E-002
0.397	1.9198479E-002
0.398	1.8486017E-002
0.399	1.7877126E-002
0.4	1.7383955E-002
0.401	1.7009282E-002
0.402	1.6756553E-002
0.403	1.6622584E-002
0.404	1.6601222E-002
0.405	1.6683180E-002
0.406	1.6854711E-002
0.407	1.7100608E-002
0.408	1.7405005E-002
0.409	1.7748486E-002
0.41	1.8297816E-002
0.411	1.8657630E-002
0.412	1.8992072E-002
0.413	1.9284986E-002
0.414	1.9522494E-002
0.415	1.9692147E-002
0.416	1.9784370E-002
0.417	1.9792067E-002
0.418	1.9712174E-002
0.419	1.9425556E-002
0.42	1.9124316E-002
0.421	1.8741889E-002
0.422	1.8285995E-002
0.423	1.7765349E-002
0.424	1.7191278E-002
0.425	1.6259106E-002
0.426	1.5608062E-002
0.427	1.4950425E-002
0.428	1.4300302E-002
0.429	1.3670440E-002
0.43	1.3073691E-002
0.431	1.2266768E-002
0.432	1.1801845E-002
0.433	1.1401970E-002
0.434	1.1076937E-002
0.435	1.0731914E-002
0.436	1.0600338E-002
0.437	1.0543892E-002
0.438	1.0562730E-002
0.439	1.0649003E-002
0.44	1.0892708E-002
0.441	1.1118693E-002
0.442	1.1384107E-002
0.443	1.1679509E-002
0.444	1.2154985E-002
0.445	1.2476692E-002
0.446	1.2790212E-002
0.447	1.3224628E-002
0.448	1.3475523E-002
0.449	1.3686367E-002
0.45	1.3850315E-002
0.451	1.3998365E-002
0.452	1.4024539E-002
0.453	1.3991544E-002
0.454	1.3829490E-002
0.455	1.3646675E-002
0.456	1.3408355E-002
0.457	1.2956629E-002
0.458	1.2598900E-002
0.459	1.2203723E-002
0.46	1.1558296E-002
0.461	1.1102603E-002
0.462	1.0637113E-002
0.463	9.9386415E-003
0.464	9.4837015E-003
0.465	8.8383583E-003
0.466	8.4424727E-003
0.467	8.0815461E-003
0.468	7.6177465E-003
0.469	7.3662936E-003
0.47	7.1638431E-003
0.471	6.9595636E-003
0.472	6.8871281E-003
0.473	6.8766973E-003
0.474	6.9305846E-003
0.475	7.0961770E-003
0.476	7.2557270E-003
0.477	7.4489852E-003
0.478	7.7909506E-003
0.479	8.0436058E-003
0.48	8.4447283E-003
0.481	8.7163150E-003
0.482	9.1153029E-003
0.483	9.3653025E-003
0.484	9.7044641E-003
0.485	9.8975310E-003
0.486	1.0129476E-002
0.487	1.0238505E-002
0.488	1.0329819E-002
0.489	1.0337912E-002
0.49	1.0273099E-002
0.491	1.0177140E-002
0.492	9.9594546E-003
0.493	9.7667594E-003
0.494	9.4157094E-003
0.495	9.1438740E-003
0.496	8.6927293E-003
0.497	8.3681084E-003
0.498	7.8600701E-003
0.499	7.5133191E-003
0.5	6.9956710E-003
0.501	6.6590956E-003
0.502	6.1795609E-003
0.503	5.7437583E-003
0.504	5.4834448E-003
0.505	5.1471354E-003
0.506	4.9628774E-003
0.507	4.7521587E-003
0.508	4.6569821E-003
0.509	4.5826491E-003
0.51	4.5899213E-003
0.511	4.6378351E-003
0.512	4.7711465E-003
0.513	4.8962380E-003
0.514	5.1322132E-003
0.515	5.4149344E-003
0.516	5.6228600E-003
0.517	5.9544472E-003
0.518	6.2966743E-003
0.519	6.5231659E-003
0.52	6.8519670E-003
0.521	7.1550859E-003
0.522	7.3363762E-003
0.523	7.5709987E-003
0.524	7.7520488E-003
0.525	7.8392467E-003
0.526	7.9166926E-003
0.527	7.9266410E-003
0.528	7.8950068E-003
0.529	7.7919723E-003
0.53	7.6242266E-003
0.531	7.4781887E-003
0.532	7.2142454E-003
0.533	6.9026807E-003
0.534	6.5522171E-003
0.535	6.3017984E-003
0.536	5.9102094E-003
0.537	5.5089588E-003
0.538	5.1093735E-003
0.539	4.8490078E-003
0.54	4.4768294E-003
0.541	4.1349540E-003
0.542	3.8318590E-003
0.543	3.6551708E-003
0.544	3.4331381E-003
0.545	3.2672579E-003
0.546	3.1608841E-003
0.547	3.1142628E-003
0.548	3.1159671E-003
0.549	3.1673040E-003
0.55	3.2738245E-003
0.551	3.4304410E-003
0.552	3.6303485E-003
0.553	3.7839056E-003
0.554	4.0391157E-003
0.555	4.3160180E-003
0.556	4.6050092E-003
0.557	4.8968489E-003
0.558	5.1819044E-003
0.559	5.3631826E-003
0.56	5.6173783E-003
0.561	5.8422107E-003
0.562	6.0309730E-003
0.563	6.1781011E-003
0.564	6.2788469E-003
0.565	6.3304780E-003
0.566	6.3309846E-003
0.567	6.2804981E-003
0.568	6.2181032E-003
0.569	6.0854196E-003
0.57	5.9076031E-003
0.571	5.6892796E-003
0.572	5.4359604E-003
0.573	5.1540863E-003
0.574	4.8508705E-003
0.575	4.5335055E-003
0.576	4.2100637E-003
0.577	3.8883665E-003
0.578	3.5760133E-003
0.579	3.2806727E-003
0.58	3.0090176E-003
0.581	2.7673179E-003
0.582	2.5607438E-003
0.583	2.3938681E-003
0.584	2.2694380E-003
0.585	2.1902730E-003
0.586	2.1630377E-003
0.587	2.1601056E-003
0.588	2.2025185E-003
0.589	2.2874484E-003
0.59	2.4625312E-003
0.591	2.6339476E-003
0.592	2.8344973E-003
0.593	3.0583167E-003
0.594	3.2992091E-003
0.595	3.5505816E-003
0.596	3.8057603E-003
0.597	4.0580397E-003
0.598	4.3009226E-003
0.599	4.5280140E-003
0.6	4.7339201E-003
0.601	4.9134050E-003
0.602	5.0618169E-003
0.603	5.1759076E-003
0.604	5.2529899E-003
0.605	5.2903732E-003
0.606	5.2880039E-003
0.607	5.2228542E-003
0.608	5.1284921E-003
0.609	4.9974383E-003
0.61	4.8328419E-003
0.611	4.6381028E-003
0.612	4.4177268E-003
0.613	4.1762590E-003
0.614	3.9192806E-003
0.615	3.6518152E-003
0.616	3.2893715E-003
0.617	3.0200586E-003
0.618	2.7595100E-003
0.619	2.5129425E-003
0.62	2.2853345E-003
0.621	2.0814529E-003
0.622	1.8527935E-003
0.623	1.7179425E-003
0.624	1.6173096E-003
0.625	1.5523005E-003
0.626	1.5241116E-003
0.627	1.5436505E-003
0.628	1.5998348E-003
0.629	1.6900079E-003
0.63	1.8115129E-003
0.631	1.9614855E-003
0.632	2.1995052E-003
0.633	2.4008218E-003
0.634	2.6167757E-003
0.635	2.8426077E-003
0.636	3.1507369E-003
0.637	3.3801028E-003
0.638	3.6026689E-003
0.639	3.8139324E-003
0.64	4.0704124E-003
0.641	4.2383657E-003
0.642	4.3816441E-003
0.643	4.4972254E-003
0.644	4.6052313E-003
0.645	4.6486412E-003
0.646	4.6591307E-003
0.647	4.6222652E-003
0.648	4.5565153E-003
0.649	4.4596884E-003
0.65	4.2854799E-003
0.651	4.1240789E-003
0.652	3.9399792E-003
0.653	3.6651462E-003
0.654	3.4417440E-003
0.655	3.2084333E-003
0.656	2.8893035E-003
0.657	2.6494286E-003
0.658	2.4140961E-003
0.659	2.1151390E-003
0.66	1.9066439E-003
0.661	1.7159997E-003
0.662	1.4955744E-003
0.663	1.3590873E-003
0.664	1.2200024E-003
0.665	1.1497791E-003
0.666	1.1102298E-003
0.667	1.1060906E-003
0.668	1.1389524E-003
0.669	1.2292287E-003
0.67	1.3298813E-003
0.671	1.5043352E-003
0.672	1.6616920E-003
0.673	1.8386015E-003
0.674	2.0992989E-003
0.675	2.3084402E-003
0.676	2.5984591E-003
0.677	2.8188566E-003
0.678	3.1095769E-003
0.679	3.3197284E-003
0.68	3.5831903E-003
0.681	3.7629311E-003
0.682	3.9738077E-003
0.683	4.1061575E-003
0.684	4.2446926E-003
0.685	4.3173269E-003
0.686	4.3712240E-003
0.687	4.3773749E-003
0.688	4.3413080E-003
0.689	4.2806715E-003
0.69	4.1578808E-003
0.691	4.0358002E-003
0.692	3.8375899E-003
0.693	3.6649939E-003
0.694	3.4092593E-003
0.695	3.2015378E-003
0.696	2.9105346E-003
0.697	2.6859548E-003
0.698	2.3854934E-003
0.699	2.0914713E-003
0.7	1.8800716E-003
0.701	1.6170371E-003
0.702	1.4378568E-003
0.703	1.2287184E-003
0.704	1.0971951E-003
0.705	9.5976260E-004
0.706	8.6886773E-004
0.707	8.3284982E-004
0.708	8.2883169E-004
0.709	8.5894048E-004
0.71	9.4174023E-004
0.711	1.0715412E-003
0.712	1.1975165E-003
0.713	1.3998530E-003
0.714	1.6363916E-003
0.715	1.8321162E-003
0.716	2.1121276E-003
0.717	2.4067704E-003
0.718	2.6322622E-003
0.719	2.9330335E-003
0.72	3.2260790E-003
0.721	3.4358986E-003
0.722	3.6970256E-003
0.723	3.9301710E-003
0.724	4.0825773E-003
0.725	4.2524636E-003
0.726	4.3795970E-003
0.727	4.4609350E-003
0.728	4.4901264E-003
0.729	4.4865939E-003
0.73	4.4343709E-003
0.731	4.3633971E-003
0.732	4.2296923E-003
0.733	4.0540760E-003
0.734	3.8404167E-003
0.735	3.6583750E-003
0.736	3.3922396E-003
0.737	3.1051049E-003
0.738	2.8043555E-003
0.739	2.5742541E-003
0.74	2.2681530E-003
0.741	1.9697323E-003
0.742	1.6867225E-003
0.743	1.4262435E-003
0.744	1.2496291E-003
0.745	1.0445229E-003
0.746	8.7903388E-004
0.747	7.5717655E-004
0.748	6.8273814E-004
0.749	6.5767125E-004
0.75	6.7196722E-004
0.751	7.3558331E-004
0.752	8.4873755E-004
0.753	1.0090533E-003
0.754	1.2133598E-003
0.755	1.4570903E-003
0.756	1.6623953E-003
0.757	1.9615476E-003
0.758	2.2833906E-003
0.759	2.6206688E-003
0.76	2.9657171E-003
0.761	3.3106992E-003
0.762	3.6477817E-003
0.763	3.9690267E-003
0.764	4.2675873E-003
0.765	4.4720052E-003
0.766	4.7145225E-003
0.767	4.9172807E-003
0.768	5.0753020E-003
0.769	5.1846961E-003
0.77	5.2434206E-003
0.771	5.2500721E-003
0.772	5.2040336E-003
0.773	5.1064640E-003
0.774	4.9591684E-003
0.775	4.7650915E-003
0.776	4.5292587E-003
0.777	4.2562815E-003
0.778	3.9523798E-003
0.779	3.6242274E-003
0.78	3.2790573E-003
0.781	2.9251087E-003
0.782	2.5702887E-003
0.783	2.2227920E-003
0.784	1.8907432E-003
0.785	1.5821432E-003
0.786	1.3044518E-003
0.787	1.0646440E-003
0.788	8.6896209E-004
0.789	7.2290329E-004
0.79	6.3062349E-004
0.791	5.9553684E-004
0.792	6.1994686E-004
0.793	7.0442981E-004
0.794	8.4892916E-004
0.795	1.0517306E-003
0.796	1.3098284E-003
0.797	1.6194643E-003
0.798	1.9752786E-003
0.799	2.3712749E-003
0.8	2.8002660E-003
0.801	3.2544534E-003
0.802	3.8454172E-003
0.803	4.3251831E-003
0.804	4.8017367E-003
0.805	5.2662292E-003
0.806	5.7084295E-003
0.807	6.1209439E-003
0.808	6.4952406E-003
0.809	6.8235751E-003
0.81	7.1607018E-003
0.811	7.3636114E-003
0.812	7.5029577E-003
0.813	7.5745797E-003
0.814	7.5784312E-003
0.815	7.5130309E-003
0.816	7.3785884E-003
0.817	7.1189511E-003
0.818	6.8407715E-003
0.819	6.5057264E-003
0.82	6.1197067E-003
0.821	5.6908927E-003
0.822	5.1076561E-003
0.823	4.6135113E-003
0.824	4.1066338E-003
0.825	3.5978393E-003
0.826	3.0979451E-003
0.827	2.5028689E-003
0.828	2.0639689E-003
0.829	1.6698338E-003
0.83	1.3312700E-003
0.831	1.0003310E-003
0.832	8.1973686E-004
0.833	7.2268548E-004
0.834	7.1439572E-004
0.835	8.3668029E-004
0.836	1.0441055E-003
0.837	1.3495232E-003
0.838	1.7527883E-003
0.839	2.3904352E-003
0.84	3.0013151E-003
0.841	3.6952395E-003
0.842	4.6671177E-003
0.843	5.5154804E-003
0.844	6.4151175E-003
0.845	7.5922431E-003
0.846	8.5591841E-003
0.847	9.5321825E-003
0.848	1.0738122E-002
0.849	1.1672501E-002
0.85	1.2563327E-002
0.851	1.3597134E-002
0.852	1.4340437E-002
0.853	1.4994510E-002
0.854	1.5673324E-002
0.855	1.6088620E-002
0.856	1.6380269E-002
0.857	1.6564874E-002
0.858	1.6558930E-002
0.859	1.6361462E-002
0.86	1.6046917E-002
0.861	1.5595598E-002
0.862	1.4852830E-002
0.863	1.4121818E-002
0.864	1.3055627E-002
0.865	1.2097100E-002
0.866	1.1062232E-002
0.867	9.6926084E-003
0.868	8.5604172E-003
0.869	7.1400888E-003
0.87	6.0318508E-003
0.871	4.7289315E-003
0.872	3.7889478E-003
0.873	2.9750983E-003
0.874	2.1858390E-003
0.875	1.7758026E-003
0.876	1.5967174E-003
0.877	1.7607601E-003
0.878	2.4009419E-003
0.879	3.2972160E-003
0.88	4.9433857E-003
0.881	6.7097736E-003
0.882	9.5131509E-003
0.883	1.2249388E-002
0.884	1.6305158E-002
0.885	2.0061320E-002
0.886	2.5396030E-002
0.887	3.0164380E-002
0.888	3.6730111E-002
0.889	4.2432088E-002
0.89	5.0097525E-002
0.891	5.8286786E-002
0.892	6.5169103E-002
0.893	7.4122839E-002
0.894	8.1506088E-002
0.895	9.0948239E-002
0.896	9.8599426E-002
0.897	1.0822447E-001
0.898	1.1780757E-001
0.899	1.2539043E-001
0.9	1.3469572E-001
0.901	1.4194337E-001
0.902	1.5068766E-001
0.903	1.5904894E-001
0.904	1.6537909E-001
0.905	1.7287061E-001
0.906	1.7844860E-001
0.907	1.8487696E-001
0.908	1.9071130E-001
0.909	1.9488408E-001
0.91	1.9954240E-001
0.911	2.0350841E-001
0.912	2.0619667E-001
0.913	2.0892669E-001
0.914	2.1100765E-001
0.915	2.1215612E-001
0.916	2.1301872E-001
0.917	2.1322162E-001
0.918	2.1292727E-001
0.919	2.1201196E-001
0.92	2.1046056E-001
0.921	2.0883128E-001
0.922	2.0624349E-001
0.923	2.0314240E-001
0.924	1.9950567E-001
0.925	1.9623323E-001
0.926	1.9173191E-001
0.927	1.8679161E-001
0.928	1.8143198E-001
0.929	1.7686111E-001
0.93	1.7083804E-001
0.931	1.6449134E-001
0.932	1.5783738E-001
0.933	1.5234274E-001
0.934	1.4525440E-001
0.935	1.3799943E-001
0.936	1.3056867E-001
0.937	1.2454173E-001
0.938	1.1693786E-001
0.939	1.0931439E-001
0.94	1.0167370E-001
0.941	9.4087519E-002
0.942	8.8071510E-002
0.943	8.0672517E-002
0.944	7.3429205E-002
0.945	6.6395640E-002
0.946	5.9598695E-002
0.947	5.3086225E-002
0.948	4.8096132E-002
0.949	4.2173497E-002
0.95	3.6610123E-002
0.951	3.1440407E-002
0.952	2.6677981E-002
0.953	2.2341885E-002
0.954	1.8438108E-002
0.955	1.5629180E-002
0.956	1.2512251E-002
0.957	9.8269377E-003
0.958	7.5614960E-003
0.959	5.7001086E-003
0.96	4.2231213E-003
0.961	3.1060737E-003
0.962	2.3216649E-003
0.963	1.8386022E-003
0.964	1.6270818E-003
0.965	1.6511364E-003
0.966	1.8178466E-003
0.967	2.1815114E-003
0.968	2.6856971E-003
0.969	3.2981206E-003
0.97	3.9868318E-003
0.971	4.7226562E-003
0.972	5.4779346E-003
0.973	6.2285652E-003
0.974	6.9518960E-003
0.975	7.6289116E-003
0.976	8.2443533E-003
0.977	8.7839458E-003
0.978	9.2384461E-003
0.979	9.5989378E-003
0.98	9.8611163E-003
0.981	1.0022680E-002
0.982	1.0083302E-002
0.983	1.0045443E-002
0.984	9.9128429E-003
0.985	9.6903648E-003
0.986	9.3874354E-003
0.987	9.0100095E-003
0.988	8.5680941E-003
0.989	8.0709755E-003
0.99	7.5304420E-003
0.991	6.9565834E-003
0.992	6.2398319E-003
0.993	5.6304862E-003
0.994	5.0216112E-003
0.995	4.4228737E-003
0.996	3.8439655E-003
0.997	3.2928223E-003
0.998	2.7768130E-003
0.999	2.3023509E-003
1	1.8747577E-003
1.001	1.4983132E-003
1.002	1.1761056E-003
1.003	8.6366013E-004
1.004	6.6580914E-004
1.005	5.2455801E-004
1.006	4.3818142E-004
1.007	4.0437843E-004
1.008	4.1997715E-004
1.009	4.8076321E-004
1.01	6.0703186E-004
1.011	7.5050339E-004
1.012	9.2292042E-004
1.013	1.1183395E-003
1.014	1.3308862E-003
1.015	1.5545918E-003
1.016	1.8297905E-003
1.017	2.0578904E-003
1.018	2.2795240E-003
1.019	2.4895961E-003
1.02	2.6840477E-003
1.021	2.8914006E-003
1.022	3.0383482E-003
1.023	3.1595700E-003
1.024	3.2526844E-003
1.025	3.3262030E-003
1.026	3.3542938E-003
1.027	3.3528141E-003
1.028	3.3217855E-003
1.029	3.2480180E-003
1.03	3.1575887E-003
1.031	3.0427645E-003
1.032	2.9069146E-003
1.033	2.7195637E-003
1.034	2.5465006E-003
1.035	2.3618781E-003
1.036	2.1295296E-003
1.037	1.9308485E-003
1.038	1.7313177E-003
1.039	1.5339884E-003
1.04	1.3047642E-003
1.041	1.1231703E-003
1.042	9.5304806E-004
1.043	7.6736393E-004
1.044	6.3012232E-004
1.045	5.1056163E-004
1.046	3.9218384E-004
1.047	3.1519614E-004
1.048	2.5843797E-004
1.049	2.1698781E-004
1.05	2.0422925E-004
1.051	2.1383753E-004
1.052	2.4134832E-004
1.053	2.8513250E-004
1.054	3.5686474E-004
1.055	4.3043739E-004
1.056	5.1439722E-004
1.057	6.2593265E-004
1.058	7.2515925E-004
1.059	8.4864115E-004
1.06	9.5245027E-004
1.061	1.0548922E-003
1.062	1.1732160E-003
1.063	1.2656398E-003
1.064	1.3668623E-003
1.065	1.4339857E-003
1.066	1.5106853E-003
1.067	1.5618302E-003
1.068	1.6069378E-003
1.069	1.6302745E-003
1.07	1.6409602E-003
1.071	1.6353526E-003
1.072	1.6168645E-003
1.073	1.5785076E-003
1.074	1.5337786E-003
1.075	1.4663721E-003
1.076	1.3996653E-003
1.077	1.3093048E-003
1.078	1.2267687E-003
1.079	1.1213780E-003
1.08	1.0297407E-003
1.081	9.1785024E-004
1.082	8.0593838E-004
1.083	7.1449840E-004
1.084	6.0910819E-004
1.085	5.2629760E-004
1.086	4.3478535E-004
1.087	3.6615576E-004
1.088	2.9434275E-004
1.089	2.4401420E-004
1.09	1.9584213E-004
1.091	1.6620326E-004
1.092	1.4351912E-004
1.093	1.3473736E-004
1.094	1.3778477E-004
1.095	1.5326393E-004
1.096	1.7534093E-004
1.097	2.1187252E-004
1.098	2.5801014E-004
1.099	3.0262501E-004
1.1	3.6214752E-004
1.101	4.1547554E-004
1.102	4.8237614E-004
1.103	5.5070431E-004
1.104	6.0731673E-004
1.105	6.7346054E-004
1.106	7.3600962E-004
1.107	7.8422885E-004
1.108	8.3629461E-004
1.109	8.8078622E-004
1.11	9.1140560E-004
1.111	9.3976321E-004
1.112	9.5839851E-004
1.113	9.6615124E-004
1.114	9.6628594E-004
1.115	9.5643598E-004
1.116	9.4073114E-004
1.117	9.1362803E-004
1.118	8.7809941E-004
1.119	8.3500822E-004
1.12	7.9408922E-004
1.121	7.4005383E-004
1.122	6.8179454E-004
1.123	6.3091697E-004
1.124	5.6839088E-004
1.125	5.0544593E-004
1.126	4.4347532E-004
1.127	3.9344572E-004
1.128	3.3647090E-004
1.129	2.8385519E-004
1.13	2.3657556E-004
1.131	1.9548080E-004
1.132	1.6644546E-004
1.133	1.3833713E-004
1.134	1.1792320E-004
1.135	1.0534123E-004
1.136	1.0062024E-004
1.137	1.0256860E-004
1.138	1.1168982E-004
1.139	1.2776896E-004
1.14	1.5017258E-004
1.141	1.7817781E-004
1.142	2.0517275E-004
1.143	2.4118794E-004
1.144	2.8022341E-004
1.145	3.2125096E-004
1.146	3.6322532E-004
1.147	4.0513455E-004
1.148	4.4594004E-004
1.149	4.7840056E-004
1.15	5.1477848E-004
1.151	5.4759486E-004
1.152	5.7609921E-004
1.153	5.9965195E-004
1.154	6.1784475E-004
1.155	6.3025107E-004
1.156	6.3669105E-004
1.157	6.3713058E-004
1.158	6.3283794E-004
1.159	6.2238454E-004
1.16	6.0639076E-004
1.161	5.8521016E-004
1.162	5.5943377E-004
1.163	5.2950392E-004
1.164	4.9620133E-004
1.165	4.6019573E-004
1.166	4.2228043E-004
1.167	3.8327210E-004
1.168	3.4390396E-004
1.169	3.0503565E-004
1.17	2.6740873E-004
1.171	2.3174853E-004
1.172	1.9870627E-004
1.173	1.6889589E-004
1.174	1.4281398E-004
1.175	1.2090609E-004
1.176	1.0349946E-004
1.177	9.0805799E-005
1.178	8.2978462E-005
1.179	8.0025944E-005
1.18	8.1869905E-005
1.181	8.8319110E-005
1.182	9.9125995E-005
1.183	1.1392423E-004
1.184	1.3227529E-004
1.185	1.5370126E-004
1.186	1.7763629E-004
1.187	2.0350487E-004
1.188	2.3068496E-004
1.189	2.5855334E-004
1.19	2.8646310E-004
1.191	3.1829841E-004
1.192	3.4421450E-004
1.193	3.6835001E-004
1.194	3.9016100E-004
1.195	4.0921051E-004
1.196	4.2512463E-004
1.197	4.3759352E-004
1.198	4.4639304E-004
1.199	4.5136473E-004
1.2	4.5229596E-004
1.201	4.4884786E-004
1.202	4.4162042E-004
1.203	4.3080642E-004
1.204	4.1663251E-004
1.205	3.9944466E-004
1.206	3.7953409E-004
1.207	3.5354725E-004
1.208	3.2933929E-004
1.209	3.0385397E-004
1.21	2.7761870E-004
1.211	2.5113631E-004
1.212	2.2490398E-004
1.213	1.9528349E-004
1.214	1.7123790E-004
1.215	1.4889396E-004
1.216	1.2863603E-004
1.217	1.0810431E-004
1.218	9.3462295E-005
1.219	8.1793507E-005
1.22	7.3230025E-005
1.221	6.7885456E-005
1.222	6.5750130E-005
1.223	6.7364868E-005
1.224	7.2063805E-005
1.225	7.9656151E-005
1.226	9.1910784E-005
1.227	1.0498788E-004
1.228	1.2011959E-004
1.229	1.3990140E-004
1.23	1.5823243E-004
1.231	1.7741810E-004
1.232	1.9704345E-004
1.233	2.1998859E-004
1.234	2.3918966E-004
1.235	2.5756075E-004
1.236	2.7751192E-004
1.237	2.9289021E-004
1.238	3.0643045E-004
1.239	3.1954210E-004
1.24	3.2821464E-004
1.241	3.3436454E-004
1.242	3.3827385E-004
1.243	3.3871905E-004
1.244	3.3651671E-004
1.245	3.3069018E-004
1.246	3.2299929E-004
1.247	3.1300180E-004
1.248	2.9872221E-004
1.249	2.8446055E-004
1.25	2.6593372E-004
1.251	2.4870611E-004
1.252	2.3060567E-004
1.253	2.0884565E-004
1.254	1.8999548E-004
1.255	1.6827049E-004
1.256	1.5023114E-004
1.257	1.3306111E-004
1.258	1.1453044E-004
1.259	1.0020762E-004
1.26	8.5660497E-005
1.261	7.5244781E-005
1.262	6.5717250E-005
1.263	5.9903112E-005
1.264	5.6341767E-005
1.265	5.5049048E-005
1.266	5.6359291E-005
1.267	6.0609884E-005
1.268	6.6462315E-005
1.269	7.5659387E-005
1.27	8.5351312E-005
1.271	9.8489953E-005
1.272	1.1102577E-004
1.273	1.2680252E-004
1.274	1.4097398E-004
1.275	1.5790570E-004
1.276	1.7241073E-004
1.277	1.8897238E-004
1.278	2.0252637E-004
1.279	2.1726804E-004
1.28	2.2868798E-004
1.281	2.4036989E-004
1.282	2.4995583E-004
1.283	2.5633318E-004
1.284	2.6154771E-004
1.285	2.6394523E-004
1.286	2.6436945E-004
1.287	2.6263265E-004
1.288	2.5829813E-004
1.289	2.5155119E-004
1.29	2.4394867E-004
1.291	2.3322357E-004
1.292	2.2258986E-004
1.293	2.0879529E-004
1.294	1.9382981E-004
1.295	1.8029888E-004
1.296	1.6406865E-004
1.297	1.5001839E-004
1.298	1.3382155E-004
1.299	1.1816299E-004
1.3	1.0542170E-004
1.301	9.1662019E-005
1.302	7.9356563E-005
1.303	7.0144866E-005
1.304	6.1168546E-005
1.305	5.4251101E-005
1.306	5.0036222E-005
1.307	4.7207268E-005
1.308	4.6625053E-005
1.309	4.7886955E-005
1.31	5.1366376E-005
1.311	5.6862511E-005
1.312	6.3057116E-005
1.313	7.1826871E-005
1.314	8.2041464E-005
1.315	9.3417846E-005
1.316	1.0386646E-004
1.317	1.1662079E-004
1.318	1.2966187E-004
1.319	1.4082098E-004
1.32	1.5355962E-004
1.321	1.6569576E-004
1.322	1.7695597E-004
1.323	1.8568439E-004
1.324	1.9463491E-004
1.325	2.0203022E-004
1.326	2.0772735E-004
1.327	2.1159490E-004
1.328	2.1336846E-004
1.329	2.1365975E-004
1.33	2.1200546E-004
1.331	2.0847244E-004
1.332	2.0312535E-004
1.333	1.9719865E-004
1.334	1.8888936E-004
1.335	1.7923868E-004
1.336	1.6846175E-004
1.337	1.5681639E-004
1.338	1.4630811E-004
1.339	1.3371809E-004
1.34	1.2101719E-004
1.341	1.0846394E-004
1.342	9.6334232E-005
1.343	8.4876716E-005
1.344	7.4327909E-005
1.345	6.6163229E-005
1.346	5.7838766E-005
1.347	5.0954510E-005
1.348	4.5630648E-005
1.349	4.1952499E-005
1.35	3.9979757E-005
1.351	3.9717484E-005
1.352	4.1149484E-005
1.353	4.4207314E-005
1.354	4.8802794E-005
1.355	5.3866250E-005
1.356	6.0951188E-005
1.357	6.9134454E-005
1.358	7.8214565E-005
1.359	8.7976623E-005
1.36	9.8191143E-005
1.361	1.0862372E-004
1.362	1.1903561E-004
1.363	1.2919116E-004
1.364	1.3886715E-004
1.365	1.4785919E-004
1.366	1.5595602E-004
1.367	1.6300201E-004
1.368	1.6882185E-004
1.369	1.7332911E-004
1.37	1.7640588E-004
1.371	1.7800269E-004
1.372	1.7811000E-004
1.373	1.7669165E-004
1.374	1.7381403E-004
1.375	1.6952361E-004
1.376	1.6393195E-004
1.377	1.5716285E-004
1.378	1.4934911E-004
1.379	1.4066572E-004
1.38	1.3129399E-004
1.381	1.2142801E-004
1.382	1.1127553E-004
1.383	1.0103248E-004
1.384	9.0919806E-005
1.385	8.1130624E-005
1.386	7.0592345E-005
1.387	6.2135092E-005
1.388	5.4562890E-005
1.389	4.8017144E-005
1.39	4.2615749E-005
1.391	3.8449802E-005
1.392	3.5593152E-005
1.393	3.4083329E-005
1.394	3.3926164E-005
1.395	3.5114248E-005
1.396	3.8059487E-005
1.397	4.1945375E-005
1.398	4.6947949E-005
1.399	5.2947740E-005
1.4	5.9812373E-005
1.401	6.7385583E-005
1.402	7.6098797E-005
1.403	8.4596679E-005
1.404	9.3265029E-005
1.405	1.0191792E-004
1.406	1.1037706E-004
1.407	1.1846303E-004
1.408	1.2705744E-004
1.409	1.3380709E-004
1.41	1.3970910E-004
1.411	1.4465238E-004
1.412	1.4852639E-004
1.413	1.5156966E-004
1.414	1.5294606E-004
1.415	1.5310223E-004
1.416	1.5205068E-004
1.417	1.4939444E-004
1.418	1.4583899E-004
1.419	1.4122321E-004
1.42	1.3564009E-004
1.421	1.2823952E-004
1.422	1.2098320E-004
1.423	1.1316153E-004
1.424	1.0493401E-004
1.425	9.5240197E-005
1.426	8.6675718E-005
1.427	7.8206373E-005
1.428	6.9999885E-005
1.429	6.1140767E-005
1.43	5.3994645E-005
1.431	4.7554880E-005
1.432	4.1214891E-005
1.433	3.6658246E-005
1.434	3.3112912E-005
1.435	3.0370127E-005
1.436	2.9154578E-005
1.437	2.9056579E-005
1.438	3.0299147E-005
1.439	3.2536136E-005
1.44	3.5781944E-005
1.441	4.0645562E-005
1.442	4.5794277E-005
1.443	5.2566927E-005
1.444	5.9122078E-005
1.445	6.6128501E-005
1.446	7.4514057E-005
1.447	8.2004946E-005
1.448	8.9495697E-005
1.449	9.7866658E-005
1.45	1.0485692E-004
1.451	1.1229677E-004
1.452	1.1817298E-004
1.453	1.2403881E-004
1.454	1.2828714E-004
1.455	1.3164897E-004
1.456	1.3433502E-004
1.457	1.3560256E-004
1.458	1.3581877E-004
1.459	1.3488762E-004
1.46	1.3261495E-004
1.461	1.2959407E-004
1.462	1.2504685E-004
1.463	1.2017877E-004
1.464	1.1375755E-004
1.465	1.0747489E-004
1.466	9.9714867E-005
1.467	9.2549722E-005
1.468	8.4114145E-005
1.469	7.6656419E-005
1.47	6.9280177E-005
1.471	6.1119208E-005
1.472	5.3420172E-005
1.473	4.7198253E-005
1.474	4.0833038E-005
1.475	3.6014302E-005
1.476	3.1483691E-005
1.477	2.8438757E-005
1.478	2.6083497E-005
1.479	2.5033885E-005
1.48	2.5012414E-005
1.481	2.6010301E-005
1.482	2.8284518E-005
1.483	3.1702602E-005
1.484	3.5557292E-005
1.485	4.0856023E-005
1.486	4.6165012E-005
1.487	5.2876472E-005
1.488	6.0108701E-005
1.489	6.6722554E-005
1.49	7.4453681E-005
1.491	8.1216946E-005
1.492	8.8796973E-005
1.493	9.6040108E-005
1.494	1.0195039E-004
1.495	1.0810058E-004
1.496	1.1345995E-004
1.497	1.1739750E-004
1.498	1.2095252E-004
1.499	1.2315816E-004
1.5	1.2462422E-004
1.501	1.2492435E-004
1.502	1.2420895E-004
1.503	1.2231927E-004
1.504	1.1931609E-004
1.505	1.1527426E-004
1.506	1.1094871E-004
1.507	1.0522256E-004
1.508	9.8775883E-005
1.509	9.2661117E-005
1.51	8.5284060E-005
1.511	7.7639430E-005
1.512	6.9901405E-005
1.513	6.3186286E-005
1.514	5.5744185E-005
1.515	4.8693528E-005
1.516	4.2969514E-005
1.517	3.7073700E-005
1.518	3.1978958E-005
1.519	2.7803426E-005
1.52	2.4965328E-005
1.521	2.2722332E-005
1.522	2.1586429E-005
1.523	2.1580692E-005
1.524	2.2690165E-005
1.525	2.4560064E-005
1.526	2.7675329E-005
1.527	3.1761163E-005
1.528	3.6723217E-005
1.529	4.2446078E-005
1.53	4.7971655E-005
1.531	5.4761291E-005
1.532	6.1901257E-005
1.533	6.9236507E-005
1.534	7.6596771E-005
1.535	8.3825456E-005
1.536	8.9907066E-005
1.537	9.6456082E-005
1.538	1.0242833E-004
1.539	1.0770142E-004
1.54	1.1215374E-004
1.541	1.1569248E-004
1.542	1.1823488E-004
1.543	1.1959529E-004
1.544	1.2014036E-004
1.545	1.1961263E-004
1.546	1.1799674E-004
1.547	1.1534384E-004
1.548	1.1170925E-004
1.549	1.0716665E-004
1.55	1.0181771E-004
1.551	9.5784082E-005
1.552	8.9182053E-005
1.553	8.2162122E-005
1.554	7.4874122E-005
1.555	6.8389119E-005
1.556	6.1016039E-005
1.557	5.3822208E-005
1.558	4.6960777E-005
1.559	4.0579675E-005
1.56	3.4812550E-005
1.561	2.9779883E-005
1.562	2.5587720E-005
1.563	2.2328808E-005
1.564	2.0066618E-005
1.565	1.8850897E-005
1.566	1.8706516E-005
1.567	1.9637928E-005
1.568	2.1628068E-005
1.569	2.4629713E-005
1.57	2.8584433E-005
1.571	3.3410648E-005
1.572	3.9006081E-005
1.573	4.5254437E-005
1.574	5.2028925E-005
1.575	5.9186692E-005
1.576	6.6581670E-005
1.577	7.5000753E-005
1.578	8.2391016E-005
1.579	8.9538786E-005
1.58	9.6294811E-005
1.581	1.0252436E-004
1.582	1.0809400E-004
1.583	1.1290244E-004
1.584	1.1682905E-004
1.585	1.1980897E-004
1.586	1.2177604E-004
1.587	1.2268148E-004
1.588	1.2252193E-004
1.589	1.2107174E-004
1.59	1.1866432E-004
1.591	1.1526151E-004
1.592	1.1092379E-004
1.593	1.0609551E-004
1.594	1.0023332E-004
1.595	9.3740855E-005
1.596	8.5867207E-005
1.597	7.8500998E-005
1.598	7.0945942E-005
1.599	6.3362808E-005
1.6	5.5903645E-005
1.601	4.8718226E-005
1.602	4.1149684E-005
1.603	3.5026776E-005
1.604	2.9609550E-005
1.605	2.5010871E-005
1.606	2.1326079E-005
1.607	1.8375260E-005
1.608	1.6877531E-005
1.609	1.6474605E-005
1.61	1.7184753E-005
1.611	1.9005440E-005
1.612	2.2340115E-005
1.613	2.6391433E-005
1.614	3.1393509E-005
1.615	3.7256774E-005
1.616	4.4748187E-005
1.617	5.2062867E-005
1.618	5.9854196E-005
1.619	6.7974543E-005
1.62	7.7320423E-005
1.621	8.5633568E-005
1.622	9.3783288E-005
1.623	1.0258360E-004
1.624	1.0989524E-004
1.625	1.1657508E-004
1.626	1.2251243E-004
1.627	1.2816055E-004
1.628	1.3212879E-004
1.629	1.3505187E-004
1.63	1.3701263E-004
1.631	1.3751075E-004
1.632	1.3684396E-004
1.633	1.3473052E-004
1.634	1.3163291E-004
1.635	1.2689218E-004
1.636	1.2162412E-004
1.637	1.1547455E-004
1.638	1.0764923E-004
1.639	1.0002173E-004
1.64	9.1926981E-005
1.641	8.2446546E-005
1.642	7.3865172E-005
1.643	6.5313368E-005
1.644	5.5951066E-005
1.645	4.8025384E-005
1.646	3.9770614E-005
1.647	3.3183835E-005
1.648	2.6806310E-005
1.649	2.2178159E-005
1.65	1.8649160E-005
1.651	1.6090376E-005
1.652	1.5139724E-005
1.653	1.5620819E-005
1.654	1.7431836E-005
1.655	2.1023048E-005
1.656	2.5547764E-005
1.657	3.2068951E-005
1.658	3.9037837E-005
1.659	4.8067544E-005
1.66	5.7003679E-005
1.661	6.6649663E-005
1.662	7.8160600E-005
1.663	8.8779627E-005
1.664	1.0093755E-004
1.665	1.1172601E-004
1.666	1.2360017E-004
1.667	1.3371538E-004
1.668	1.4437635E-004
1.669	1.5404870E-004
1.67	1.6161808E-004
1.671	1.6881729E-004
1.672	1.7389971E-004
1.673	1.7802136E-004
1.674	1.8016575E-004
1.675	1.8085356E-004
1.676	1.7986540E-004
1.677	1.7698399E-004
1.678	1.7288538E-004
1.679	1.6665205E-004
1.68	1.5877617E-004
1.681	1.5054265E-004
1.682	1.4010562E-004
1.683	1.2993609E-004
1.684	1.1774796E-004
1.685	1.0502618E-004
1.686	9.3513227E-005
1.687	8.0623911E-005
1.688	6.9455040E-005
1.689	5.7516336E-005
1.69	4.6533536E-005
1.691	3.7810893E-005
1.692	2.9428566E-005
1.693	2.2804932E-005
1.694	1.8574552E-005
1.695	1.5852534E-005
1.696	1.5435349E-005
1.697	1.7091235E-005
1.698	2.1286773E-005
1.699	2.7974018E-005
1.7	3.5976249E-005
1.701	4.7223613E-005
1.702	6.0721806E-005
1.703	7.4455267E-005
1.704	9.1665228E-005
1.705	1.1048072E-004
1.706	1.3059143E-004
1.707	1.4926227E-004
1.708	1.7086363E-004
1.709	1.9269550E-004
1.71	2.1195078E-004
1.711	2.3312455E-004
1.712	2.5333185E-004
1.713	2.7219459E-004
1.714	2.8749483E-004
1.715	3.0276386E-004
1.716	3.1561311E-004
1.717	3.2577597E-004
1.718	3.3294337E-004
1.719	3.3666880E-004
1.72	3.3775630E-004
1.721	3.3546783E-004
1.722	3.2980772E-004
1.723	3.2076542E-004
1.724	3.1000751E-004
1.725	2.9507678E-004
1.726	2.7735194E-004
1.727	2.5714963E-004
1.728	2.3490377E-004
1.729	2.1376948E-004
1.73	1.8895292E-004
1.731	1.6360790E-004
1.732	1.3971016E-004
1.733	1.1512962E-004
1.734	9.1948794E-005
1.735	7.0893147E-005
1.736	5.4558201E-005
1.737	3.9534174E-005
1.738	2.8769584E-005
1.739	2.2994784E-005
1.74	2.2894810E-005
1.741	2.9121131E-005
1.742	4.2303906E-005
1.743	6.2992418E-005
1.744	8.8068402E-005
1.745	1.2420783E-004
1.746	1.6907083E-004
1.747	2.2291394E-004
1.748	2.8589100E-004
1.749	3.5811210E-004
1.75	4.3953210E-004
1.751	5.2999484E-004
1.752	6.2928232E-004
1.753	7.3712168E-004
1.754	8.5292570E-004
1.755	9.7629114E-004
1.756	1.1065585E-003
1.757	1.2431071E-003
1.758	1.3850913E-003
1.759	1.5315231E-003
1.76	1.6814899E-003
1.761	1.8343636E-003
1.762	1.9886489E-003
1.763	2.1434641E-003
1.764	2.2977651E-003
1.765	2.4506387E-003
1.766	2.6008342E-003
1.767	2.7469906E-003
1.768	2.8883470E-003
1.769	3.0240482E-003
1.77	3.1525258E-003
1.771	3.2732389E-003
1.772	3.3853983E-003
1.773	3.4883555E-003
1.774	3.5806282E-003
1.775	3.6625054E-003
1.776	3.7325989E-003
1.777	3.7910095E-003
1.778	3.8373461E-003
1.779	3.8746272E-003
1.78	3.8940443E-003
1.781	3.9011773E-003
1.782	3.8952788E-003
1.783	3.8769259E-003
1.784	3.8462628E-003
1.785	3.8039277E-003
1.786	3.7498265E-003
1.787	3.6849419E-003
1.788	3.6005771E-003
1.789	3.5140507E-003
1.79	3.4189189E-003
1.791	3.3149861E-003
1.792	3.2036272E-003
1.793	3.0857357E-003
1.794	2.9622493E-003
1.795	2.8195174E-003
1.796	2.6865017E-003
1.797	2.5505761E-003
1.798	2.4124256E-003
1.799	2.2732508E-003
1.8	2.1182727E-003
1.801	1.9791012E-003
1.802	1.8413732E-003
1.803	1.7055534E-003
1.804	1.5724894E-003
1.805	1.4287962E-003
1.806	1.3037248E-003
1.807	1.1830940E-003
1.808	1.0674880E-003
1.809	9.4562001E-004
1.81	8.4191794E-004
1.811	7.4424141E-004
1.812	6.5293151E-004
1.813	5.5896176E-004
1.814	4.8124985E-004
1.815	4.1007213E-004
1.816	3.4533918E-004
1.817	2.8095901E-004
1.818	2.2957649E-004
1.819	1.8425181E-004
1.82	1.4074845E-004
1.821	1.0742253E-004
1.822	7.9338904E-005
1.823	5.6186036E-005
1.824	3.5827681E-005
1.825	2.1932565E-005
1.826	1.1859385E-005
1.827	4.6936475E-006
1.828	1.4583629E-006
1.829	8.7789226E-007
1.83	2.9002829E-006
1.831	6.7283931E-006
1.832	1.2103356E-005
1.833	1.9490046E-005
1.834	2.7076918E-005
1.835	3.6185527E-005
1.836	4.4698114E-005
1.837	5.3271982E-005
1.838	6.2599109E-005
1.839	7.0616756E-005
1.84	7.8896519E-005
1.841	8.5629625E-005
1.842	9.1584843E-005
1.843	9.7168675E-005
1.844	1.0120167E-004
1.845	1.0439960E-004
1.846	1.0639977E-004
1.847	1.0740927E-004
1.848	1.0741928E-004
1.849	1.0642379E-004
1.85	1.0430058E-004
1.851	1.0153904E-004
1.852	9.7609518E-005
1.853	9.3383009E-005
1.854	8.8050256E-005
1.855	8.2767830E-005
1.856	7.6481861E-005
1.857	7.0543836E-005
1.858	6.3769461E-005
1.859	5.7602534E-005
1.86	5.0790077E-005
1.861	4.4768884E-005
1.862	3.8306775E-005
1.863	3.2765452E-005
1.864	2.6993346E-005
1.865	2.2190801E-005
1.866	1.7351851E-005
1.867	1.3475247E-005
1.868	9.7324346E-006
1.869	6.8898466E-006
1.87	4.3217515E-006
1.871	2.5387271E-006
1.872	1.1339065E-006
1.873	3.1230186E-007
1.874	4.5748425E-008
1.875	2.3758622E-007
1.876	8.1255706E-007
1.877	1.8504945E-006
1.878	3.2536259E-006
1.879	4.7792760E-006
1.88	6.7095962E-006
1.881	8.6078953E-006
1.882	1.0840265E-005
1.883	1.3141071E-005
1.884	1.5220313E-005
1.885	1.7493583E-005
1.886	1.9460256E-005
1.887	2.1515161E-005
1.888	2.3393282E-005
1.889	2.4900124E-005
1.89	2.6347936E-005
1.891	2.7525899E-005
1.892	2.8340728E-005
1.893	2.8971484E-005
1.894	2.9296600E-005
1.895	2.9331675E-005
1.896	2.9094410E-005
1.897	2.8571494E-005
1.898	2.7870487E-005
1.899	2.6859349E-005
1.9	2.5624644E-005
1.901	2.4196792E-005
1.902	2.2767519E-005
1.903	2.1053749E-005
1.904	1.9238942E-005
1.905	1.7547358E-005
1.906	1.5637368E-005
1.907	1.3727803E-005
1.908	1.1849205E-005
1.909	1.0210958E-005
1.91	8.4773728E-006
1.911	6.8592708E-006
1.912	5.3802391E-006
1.913	4.1839698E-006
1.914	3.0208537E-006
1.915	2.0434900E-006
1.916	1.2613517E-006
1.917	6.7891290E-007
1.918	3.2649555E-007
1.919	1.2342637E-007
1.92	1.1282167E-007
1.921	2.8520390E-007
1.922	6.2823131E-007
1.923	1.1265344E-006
1.924	1.6930824E-006
1.925	2.4362384E-006
1.926	3.2783259E-006
1.927	4.1977401E-006
1.928	5.1711113E-006
1.929	6.1755154E-006
1.93	7.0863607E-006
1.931	8.0872205E-006
1.932	9.0548865E-006
1.933	9.9694244E-006
1.934	1.0812289E-005
1.935	1.1568269E-005
1.936	1.2221358E-005
1.937	1.2760602E-005
1.938	1.3140712E-005
1.939	1.3429312E-005
1.94	1.3603879E-005
1.941	1.3644327E-005
1.942	1.3552129E-005
1.943	1.3332236E-005
1.944	1.2987834E-005
1.945	1.2528709E-005
1.946	1.1965593E-005
1.947	1.1310436E-005
1.948	1.0576585E-005
1.949	9.7790708E-006
1.95	8.9334189E-006
1.951	8.0569216E-006
1.952	7.1644299E-006
1.953	6.2723243E-006
1.954	5.3975377E-006
1.955	4.5543643E-006
1.956	3.7576581E-006
1.957	3.0206731E-006
1.958	2.3543228E-006
1.959	1.7689287E-006
1.96	1.2729226E-006
1.961	8.7238425E-007
1.962	5.7176544E-007
1.963	3.7325984E-007
1.964	2.7753148E-007
1.965	2.8285356E-007
1.966	3.8582223E-007
1.967	5.8113312E-007
1.968	8.6205569E-007
1.969	1.2200911E-006
1.97	1.6457541E-006
1.971	2.1283279E-006
1.972	2.6563266E-006
1.973	3.2176856E-006
1.974	3.8001995E-006
1.975	4.3909477E-006
1.976	4.9772830E-006
1.977	5.6036070E-006
1.978	6.1430187E-006
1.979	6.6430989E-006
1.98	7.0940091E-006
1.981	7.4874874E-006
1.982	7.8167495E-006
1.983	8.0753434E-006
1.984	8.2595689E-006
1.985	8.3732320E-006
1.986	8.3943823E-006
1.987	8.3370242E-006
1.988	8.2032830E-006
1.989	7.9968477E-006
1.99	7.7229342E-006
1.991	7.3867886E-006
1.992	6.9546704E-006
1.993	6.5127520E-006
1.994	6.0337657E-006
1.995	5.5267587E-006
1.996	5.0016197E-006
1.997	4.4151307E-006
1.998	3.8836861E-006
1.999	3.3647179E-006
2	2.8670470E-006
2.001	2.3990103E-006
2.002	1.9285683E-006
2.003	1.5482913E-006
2.004	1.2194523E-006
2.005	9.4685583E-007
2.006	7.1665522E-007
2.007	5.7308392E-007
2.008	4.9345920E-007
2.009	4.7751655E-007
2.01	5.3214330E-007
2.011	6.4456373E-007
2.012	8.1315414E-007
2.013	1.0577378E-006
2.014	1.3278940E-006
2.015	1.6369141E-006
2.016	1.9778142E-006
2.017	2.3808839E-006
2.018	2.7642350E-006
2.019	3.1554534E-006
2.02	3.5853730E-006
2.021	3.9672436E-006
2.022	4.3154755E-006
2.023	4.6922537E-006
2.024	5.0031404E-006
2.025	5.2784903E-006
2.026	5.5340497E-006
2.027	5.7188440E-006
2.028	5.8551209E-006
2.029	5.9466638E-006
2.03	5.9753415E-006
2.031	5.9474023E-006
2.032	5.8684827E-006
2.033	5.7407183E-006
2.034	5.5478099E-006
2.035	5.3281192E-006
2.036	5.0713024E-006
2.037	4.7521339E-006
2.038	4.4346252E-006
2.039	4.0629297E-006
2.04	3.7113798E-006
2.041	3.3177369E-006
2.042	2.9607727E-006
2.043	2.6112389E-006
2.044	2.2429379E-006
2.045	1.9289289E-006
2.046	1.6131008E-006
2.047	1.3578358E-006
2.048	1.1172751E-006
2.049	9.3867106E-007
2.05	7.8947460E-007
2.051	6.9847806E-007
2.052	6.4864054E-007
2.053	6.4885222E-007
2.054	6.9807146E-007
2.055	7.8550295E-007
2.056	9.2564602E-007
2.057	1.0893382E-006
2.058	1.3048277E-006
2.059	1.5282427E-006
2.06	1.7982179E-006
2.061	2.0601847E-006
2.062	2.3599830E-006
2.063	2.6370699E-006
2.064	2.9403959E-006
2.065	3.2087300E-006
2.066	3.4897976E-006
2.067	3.7270152E-006
2.068	3.9629131E-006
2.069	4.1670178E-006
2.07	4.3213404E-006
2.071	4.4538665E-006
2.072	4.5380116E-006
2.073	4.5892425E-006
2.074	4.5975735E-006
2.075	4.5649494E-006
2.076	4.4897288E-006
2.077	4.3857003E-006
2.078	4.2354727E-006
2.079	4.0687451E-006
2.08	3.8568260E-006
2.081	3.6194551E-006
2.082	3.3859819E-006
2.083	3.1155823E-006
2.084	2.8364252E-006
2.085	2.5798315E-006
2.086	2.3010391E-006
2.087	2.0310281E-006
2.088	1.7976334E-006
2.089	1.5597489E-006
2.09	1.3457637E-006
2.091	1.1755460E-006
2.092	1.0183220E-006
2.093	8.9536411E-007
2.094	8.1469841E-007
2.095	7.6170807E-007
2.096	7.4631515E-007
2.097	7.6657096E-007
2.098	8.1632419E-007
2.099	9.0384714E-007
2.1	1.0230390E-006
2.101	1.1560981E-006
2.102	1.3262195E-006
2.103	1.5169920E-006
2.104	1.7237159E-006
2.105	1.9213069E-006
2.106	2.1446167E-006
2.107	2.3691703E-006
2.108	2.5895831E-006
2.109	2.8013567E-006
2.11	2.9819496E-006
2.111	3.1636164E-006
2.112	3.3240606E-006
2.113	3.4593886E-006
2.114	3.5584371E-006
2.115	3.6392976E-006
2.116	3.6887104E-006
2.117	3.7063196E-006
2.118	3.6916153E-006
2.119	3.6453966E-006
2.12	3.5768151E-006
2.121	3.4742618E-006
2.122	3.3455901E-006
2.123	3.1936502E-006
2.124	3.0219653E-006
2.125	2.8340010E-006
2.126	2.6526850E-006
2.127	2.4459302E-006
2.128	2.2356901E-006
2.129	2.0262710E-006
2.13	1.8220118E-006
2.131	1.6271212E-006
2.132	1.4455183E-006
2.133	1.2807405E-006
2.134	1.1481321E-006
2.135	1.0240252E-006
2.136	9.2456577E-007
2.137	8.5162975E-007
2.138	8.0602314E-007
2.139	7.8841839E-007
2.14	7.9858779E-007
2.141	8.3580017E-007
2.142	8.9891188E-007
2.143	9.8596399E-007
2.144	1.0946970E-006
2.145	1.2224557E-006
2.146	1.3659592E-006
2.147	1.5219214E-006
2.148	1.6866172E-006
2.149	1.8565672E-006
2.15	2.0276354E-006
2.151	2.1960618E-006
2.152	2.3584446E-006
2.153	2.5109728E-006
2.154	2.6505195E-006
2.155	2.7742026E-006
2.156	2.8793422E-006
2.157	2.9636221E-006
2.158	3.0259114E-006
2.159	3.0643816E-006
2.16	3.0788362E-006
2.161	3.0690703E-006
2.162	3.0372998E-006
2.163	2.9814321E-006
2.164	2.9036539E-006
2.165	2.8058157E-006
2.166	2.6902337E-006
2.167	2.5590066E-006
2.168	2.4151773E-006
2.169	2.2619242E-006
2.17	2.1022890E-006
2.171	1.9395150E-006
2.172	1.7770257E-006
2.173	1.6038822E-006
2.174	1.4522352E-006
2.175	1.3105725E-006
2.176	1.1813786E-006
2.177	1.0674539E-006
2.178	9.7061127E-007
2.179	8.9259061E-007
2.18	8.3476283E-007
2.181	7.9568787E-007
2.182	7.8227094E-007
2.183	7.9023488E-007
2.184	8.1903818E-007
2.185	8.6785383E-007
2.186	9.3517650E-007
2.187	1.0278625E-006
2.188	1.1281653E-006
2.189	1.2408033E-006
2.19	1.3632360E-006
2.191	1.4925554E-006
2.192	1.6383913E-006
2.193	1.7731583E-006
2.194	1.9060776E-006
2.195	2.0341047E-006
2.196	2.1548647E-006
2.197	2.2752690E-006
2.198	2.3725795E-006
2.199	2.4556405E-006
2.2	2.5224583E-006
2.201	2.5721554E-006
2.202	2.6054165E-006
2.203	2.6162024E-006
2.204	2.6079788E-006
2.205	2.5777483E-006
2.206	2.5309835E-006
2.207	2.4670760E-006
2.208	2.3876783E-006
2.209	2.2853064E-006
2.21	2.1789351E-006
2.211	2.0628474E-006
2.212	1.9279751E-006
2.213	1.7993074E-006
2.214	1.6686349E-006
2.215	1.5384726E-006
2.216	1.3999969E-006
2.217	1.2788794E-006
2.218	1.1657836E-006
2.219	1.0540173E-006
2.22	9.6424321E-007
2.221	8.8808525E-007
2.222	8.2229934E-007
2.223	7.8037158E-007
2.224	7.5125081E-007
2.225	7.4236215E-007
2.226	7.5035871E-007
2.227	7.7809926E-007
2.228	8.1991885E-007
2.229	8.7645481E-007
2.23	9.5339584E-007
2.231	1.0359737E-006
2.232	1.1371361E-006
2.233	1.2377762E-006
2.234	1.3437227E-006
2.235	1.4629258E-006
2.236	1.5728575E-006
2.237	1.6908542E-006
2.238	1.7947682E-006
2.239	1.9010268E-006
2.24	1.9897864E-006
2.241	2.0684190E-006
2.242	2.1409401E-006
2.243	2.1937069E-006
2.244	2.2352087E-006
2.245	2.2576066E-006
2.246	2.2647337E-006
2.247	2.2551758E-006
2.248	2.2276026E-006
2.249	2.1869835E-006
2.25	2.1270539E-006
2.251	2.0589937E-006
2.252	1.9723168E-006
2.253	1.8827690E-006
2.254	1.7764370E-006
2.255	1.6729668E-006
2.256	1.5561717E-006
2.257	1.4475412E-006
2.258	1.3299320E-006
2.259	1.2249028E-006
2.26	1.1161093E-006
2.261	1.0232829E-006
2.262	9.3190351E-007
2.263	8.5264537E-007
2.264	7.9180631E-007
2.265	7.3987189E-007
2.266	7.0615721E-007
2.267	6.8526913E-007
2.268	6.8066817E-007
2.269	6.9170881E-007
2.27	7.1880822E-007
2.271	7.5712535E-007
2.272	8.1253478E-007
2.273	8.7450184E-007
2.274	9.5277892E-007
2.275	1.0402201E-006
2.276	1.1265713E-006
2.277	1.2254392E-006
2.278	1.3267488E-006
2.279	1.4197630E-006
2.28	1.5151032E-006
2.281	1.6024279E-006
2.282	1.6917390E-006
2.283	1.7724780E-006
2.284	1.8373780E-006
2.285	1.8969625E-006
2.286	1.9431843E-006
2.287	1.9730378E-006
2.288	1.9915167E-006
2.289	1.9947090E-006
2.29	1.9825413E-006
2.291	1.9579595E-006
2.292	1.9175593E-006
2.293	1.8636752E-006
2.294	1.8032511E-006
2.295	1.7270006E-006
2.296	1.6414226E-006
2.297	1.5486089E-006
2.298	1.4588109E-006
2.299	1.3577942E-006
2.3	1.2556901E-006
2.301	1.1547038E-006
2.302	1.0648918E-006
2.303	9.7206464E-007
2.304	8.8641644E-007
2.305	8.0975576E-007
2.306	7.4872304E-007
2.307	6.9345737E-007
2.308	6.5105803E-007
2.309	6.2236484E-007
2.31	6.0777586E-007
2.311	6.0693833E-007
2.312	6.1959042E-007
2.313	6.4606468E-007
2.314	6.8552373E-007
2.315	7.3689262E-007
2.316	7.9335740E-007
2.317	8.6393021E-007
2.318	9.4214306E-007
2.319	1.0261534E-006
2.32	1.1139630E-006
2.321	1.2035931E-006
2.322	1.2929862E-006
2.323	1.3729149E-006
2.324	1.4562968E-006
2.325	1.5335618E-006
2.326	1.6032606E-006
2.327	1.6636582E-006
2.328	1.7133571E-006
2.329	1.7515023E-006
2.33	1.7771432E-006
2.331	1.7896128E-006
2.332	1.7888701E-006
2.333	1.7768685E-006
2.334	1.7511984E-006
2.335	1.7130144E-006
2.336	1.6629739E-006
2.337	1.6025176E-006
2.338	1.5326872E-006
2.339	1.4550068E-006
2.34	1.3710325E-006
2.341	1.2827853E-006
2.342	1.1919930E-006
2.343	1.1006335E-006
2.344	1.0104436E-006
2.345	9.2350859E-007
2.346	8.4149758E-007
2.347	7.6615828E-007
2.348	6.9899266E-007
2.349	6.4138447E-007
2.35	5.9446376E-007
2.351	5.5908930E-007
2.352	5.3598347E-007
2.353	5.2548586E-007
2.354	5.2771566E-007
2.355	5.4249358E-007
2.356	5.6950751E-007
2.357	6.0799869E-007
2.358	6.5701249E-007
2.359	7.1548624E-007
2.36	7.8203539E-007
2.361	8.5518786E-007
2.362	9.3332278E-007
2.363	1.0146824E-006
2.364	1.0974725E-006
2.365	1.1798655E-006
2.366	1.2667974E-006
2.367	1.3427377E-006
2.368	1.4130705E-006
2.369	1.4760591E-006
2.37	1.5306462E-006
2.371	1.5754667E-006
2.372	1.6095122E-006
2.373	1.6321890E-006
2.374	1.6429599E-006
2.375	1.6410388E-006
2.376	1.6262661E-006
2.377	1.5999819E-006
2.378	1.5622419E-006
2.379	1.5139827E-006
2.38	1.4560599E-006
2.381	1.3927972E-006
2.382	1.3135923E-006
2.383	1.2346781E-006
2.384	1.1518667E-006
2.385	1.0670359E-006
2.386	9.8163207E-007
2.387	8.9068317E-007
2.388	8.0994056E-007
2.389	7.3393437E-007
2.39	6.6418340E-007
2.391	6.0208657E-007
2.392	5.4489402E-007
2.393	5.0241033E-007
2.394	4.7081883E-007
2.395	4.5057425E-007
2.396	4.4208213E-007
2.397	4.4633884E-007
2.398	4.6242596E-007
2.399	4.8988761E-007
2.4	5.3173119E-007
2.401	5.8055303E-007
2.402	6.3812189E-007
2.403	7.0317725E-007
2.404	7.8070087E-007
2.405	8.5689499E-007
2.406	9.3608594E-007
2.407	1.0165625E-006
2.408	1.1032371E-006
2.409	1.1810230E-006
2.41	1.2550303E-006
2.411	1.3291697E-006
2.412	1.3904765E-006
2.413	1.4435651E-006
2.414	1.4908250E-006
2.415	1.5236296E-006
2.416	1.5456294E-006
2.417	1.5567430E-006
2.418	1.5548665E-006
2.419	1.5411349E-006
2.42	1.5137128E-006
2.421	1.4770791E-006
2.422	1.4258699E-006
2.423	1.3691212E-006
2.424	1.3042674E-006
2.425	1.2265125E-006
2.426	1.1490768E-006
2.427	1.0680031E-006
2.428	9.8127907E-007
2.429	8.9755991E-007
2.43	8.0826629E-007
2.431	7.2886360E-007
2.432	6.4792152E-007
2.433	5.7949552E-007
2.434	5.1849798E-007
2.435	4.6220833E-007
2.436	4.2026699E-007
2.437	3.8671732E-007
2.438	3.6736964E-007
2.439	3.5951371E-007
2.44	3.6434270E-007
2.441	3.8271426E-007
2.442	4.1133819E-007
2.443	4.5066818E-007
2.444	5.0437677E-007
2.445	5.6321289E-007
2.446	6.3562095E-007
2.447	7.0897465E-007
2.448	7.9391111E-007
2.449	8.8253904E-007
2.45	9.6588496E-007
2.451	1.0490520E-006
2.452	1.1371062E-006
2.453	1.2209836E-006
2.454	1.2929791E-006
2.455	1.3635173E-006
2.456	1.4202767E-006
2.457	1.4715424E-006
2.458	1.5081564E-006
2.459	1.5357090E-006
2.46	1.5490655E-006
2.461	1.5502992E-006
2.462	1.5376395E-006
2.463	1.5138291E-006
2.464	1.4753579E-006
2.465	1.4287755E-006
2.466	1.3676392E-006
2.467	1.2963172E-006
2.468	1.2228131E-006
2.469	1.1367678E-006
2.47	1.0528641E-006
2.471	9.6254860E-007
2.472	8.6765652E-007
2.473	7.8081854E-007
2.474	6.8966551E-007
2.475	6.0979079E-007
2.476	5.2991197E-007
2.477	4.5858243E-007
2.478	4.0175237E-007
2.479	3.5129258E-007
2.48	3.1358817E-007
2.481	2.9078103E-007
2.482	2.7974983E-007
2.483	2.8331286E-007
2.484	3.0136169E-007
2.485	3.3066678E-007
2.486	3.7568179E-007
2.487	4.3343948E-007
2.488	4.9711889E-007
2.489	5.7610259E-007
2.49	6.6382006E-007
2.491	7.5089821E-007
2.492	8.5009680E-007
2.493	9.5227870E-007
2.494	1.0553119E-006
2.495	1.1492026E-006
2.496	1.2475357E-006
2.497	1.3404534E-006
2.498	1.4257973E-006
2.499	1.4961895E-006
2.5	1.5619838E-006
2.501	1.6153190E-006
2.502	1.6550310E-006
2.503	1.6802506E-006
2.504	1.6899318E-006
2.505	1.6857153E-006
2.506	1.6660624E-006
2.507	1.6312973E-006
2.508	1.5819015E-006
2.509	1.5243787E-006
2.51	1.4502216E-006
2.511	1.3651681E-006
2.512	1.2710962E-006
2.513	1.1737486E-006
2.514	1.0677121E-006
2.515	9.6712552E-007
2.516	8.5766482E-007
2.517	7.4997115E-007
2.518	6.4620644E-007
2.519	5.4884362E-007
2.52	4.6001557E-007
2.521	3.8176233E-007
2.522	3.2049397E-007
2.523	2.6753267E-007
2.524	2.2984287E-007
2.525	2.0854357E-007
2.526	2.0429715E-007
2.527	2.1759897E-007
2.528	2.4839929E-007
2.529	2.9648743E-007
2.53	3.6117817E-007
2.531	4.4151432E-007
2.532	5.3615634E-007
2.533	6.4345278E-007
2.534	7.5210914E-007
2.535	8.7830551E-007
2.536	1.0109916E-006
2.537	1.1477857E-006
2.538	1.2860041E-006
2.539	1.4230255E-006
2.54	1.5562269E-006
2.541	1.6829038E-006
2.542	1.8007075E-006
2.543	1.9071717E-006
2.544	2.0000712E-006
2.545	2.0774930E-006
2.546	2.1377650E-006
2.547	2.1793999E-006
2.548	2.2018087E-006
2.549	2.2039185E-006
2.55	2.1856911E-006
2.551	2.1473338E-006
2.552	2.0916827E-006
2.553	2.0156758E-006
2.554	1.9222803E-006
2.555	1.8132787E-006
2.556	1.6905150E-006
2.557	1.5459412E-006
2.558	1.4026940E-006
2.559	1.2541256E-006
2.56	1.1029576E-006
2.561	9.5245736E-007
2.562	8.0600057E-007
2.563	6.6667349E-007
2.564	5.3775227E-007
2.565	4.2228140E-007
2.566	3.2323661E-007
2.567	2.4330055E-007
2.568	1.8134688E-007
2.569	1.4835190E-007
2.57	1.4076545E-007
2.571	1.5988880E-007
2.572	2.0656977E-007
2.573	2.8109352E-007
2.574	3.8329358E-007
2.575	5.2366346E-007
2.576	6.8080811E-007
2.577	8.6216113E-007
2.578	1.0655003E-006
2.579	1.2882742E-006
2.58	1.5275950E-006
2.581	1.7999394E-006
2.582	2.0620635E-006
2.583	2.3295604E-006
2.584	2.5977265E-006
2.585	2.8627742E-006
2.586	3.1393733E-006
2.587	3.3829692E-006
2.588	3.6100848E-006
2.589	3.8157646E-006
2.59	3.9902097E-006
2.591	4.1547933E-006
2.592	4.2741349E-006
2.593	4.3591758E-006
2.594	4.4073049E-006
2.595	4.4159760E-006
2.596	4.3831387E-006
2.597	4.3099003E-006
2.598	4.1978315E-006
2.599	4.0341315E-006
2.6	3.8439225E-006
2.601	3.6207980E-006
2.602	3.3467650E-006
2.603	3.0655833E-006
2.604	2.7641618E-006
2.605	2.4477793E-006
2.606	2.0981406E-006
2.607	1.7723540E-006
2.608	1.4534698E-006
2.609	1.1267605E-006
2.61	8.4803156E-007
2.611	6.0200682E-007
2.612	3.8387887E-007
2.613	2.3465303E-007
2.614	1.4600960E-007
2.615	1.2874573E-007
2.616	1.9486946E-007
2.617	3.6452462E-007
2.618	6.2215292E-007
2.619	9.8402882E-007
2.62	1.4984554E-006
2.621	2.0986358E-006
2.622	2.8223778E-006
2.623	3.7451612E-006
2.624	4.7397907E-006
2.625	5.9612939E-006
2.626	7.1857457E-006
2.627	8.5935299E-006
2.628	1.0261411E-005
2.629	1.1949686E-005
2.63	1.3912934E-005
2.631	1.5868665E-005
2.632	1.8109327E-005
2.633	2.0304895E-005
2.634	2.2790238E-005
2.635	2.5195015E-005
2.636	2.7878623E-005
2.637	3.0446619E-005
2.638	3.3072167E-005
2.639	3.5956640E-005
2.64	3.8664934E-005
2.641	4.1608368E-005
2.642	4.4335171E-005
2.643	4.7266669E-005
2.644	4.9955957E-005
2.645	5.2795705E-005
2.646	5.5372679E-005
2.647	5.8064601E-005
2.648	6.0457241E-005
2.649	6.2921339E-005
2.65	6.5232372E-005
2.651	6.7241403E-005
2.652	6.9236550E-005
2.653	7.0909897E-005
2.654	7.2521601E-005
2.655	7.3819218E-005
2.656	7.5012926E-005
2.657	7.5896263E-005
2.658	7.6628719E-005
2.659	7.7112622E-005
2.66	7.7328179E-005
2.661	7.7329350E-005
2.662	7.7101300E-005
2.663	7.6623437E-005
2.664	7.5905016E-005
2.665	7.5007076E-005
2.666	7.3823394E-005
2.667	7.2513794E-005
2.668	7.0906208E-005
2.669	6.9092930E-005
2.67	6.7228852E-005
2.671	6.5064407E-005
2.672	6.2729909E-005
2.673	6.0440463E-005
2.674	5.7852852E-005
2.675	5.5153552E-005
2.676	5.2563704E-005
2.677	4.9711962E-005
2.678	4.6809520E-005
2.679	4.4085908E-005
2.68	4.1141167E-005
2.681	3.8198781E-005
2.682	3.5491641E-005
2.683	3.2615550E-005
2.684	2.9793848E-005
2.685	2.7049797E-005
2.686	2.4576262E-005
2.687	2.2015927E-005
2.688	1.9569705E-005
2.689	1.7406919E-005
2.69	1.5209990E-005
2.691	1.3154187E-005
2.692	1.1247659E-005
2.693	9.6132990E-006
2.694	8.0057180E-006
2.695	6.6041589E-006
2.696	5.3071140E-006
2.697	4.2426686E-006
2.698	3.2459063E-006
2.699	2.3995146E-006
2.7	1.6978991E-006
2.701	1.1351739E-006
2.702	7.2984307E-007
2.703	4.1201042E-007
2.704	2.0810771E-007
2.705	1.0798335E-007
2.706	1.0137646E-007
2.707	1.7727015E-007
2.708	3.1198380E-007
2.709	5.1588307E-007
2.71	7.6965313E-007
2.711	1.0624525E-006
2.712	1.3836373E-006
2.713	1.7230084E-006
2.714	2.0455316E-006
2.715	2.3930991E-006
2.716	2.7319199E-006
2.717	3.0549641E-006
2.718	3.3550248E-006
2.719	3.6266863E-006
2.72	3.8645139E-006
2.721	4.0648242E-006
2.722	4.2244128E-006
2.723	4.3346640E-006
2.724	4.4115422E-006
2.725	4.4440344E-006
2.726	4.4332137E-006
2.727	4.3823820E-006
2.728	4.2910506E-006
2.729	4.1618823E-006
2.73	3.9990823E-006
2.731	3.8052519E-006
2.732	3.5860373E-006
2.733	3.3451217E-006
2.734	3.0868168E-006
2.735	2.8167701E-006
2.736	2.5392792E-006
2.737	2.2594925E-006
2.738	1.9817617E-006
2.739	1.7110455E-006
2.74	1.4509884E-006
2.741	1.2057770E-006
2.742	9.7851625E-007
2.743	7.7245801E-007
2.744	5.8994755E-007
2.745	4.3291175E-007
2.746	3.0285688E-007
2.747	2.0064319E-007
2.748	1.2664387E-007
2.749	8.0723446E-008
2.75	6.2182970E-008
2.751	6.9946893E-008
2.752	1.0241536E-007
2.753	1.5765616E-007
2.754	2.3338843E-007
2.755	3.2699583E-007
2.756	4.3565854E-007
2.757	5.5640970E-007
2.758	6.8139002E-007
2.759	8.2666793E-007
2.76	9.6487270E-007
2.761	1.1026565E-006
2.762	1.2368338E-006
2.763	1.3647993E-006
2.764	1.4837442E-006
2.765	1.5915256E-006
2.766	1.6859941E-006
2.767	1.7707928E-006
2.768	1.8326195E-006
2.769	1.8772147E-006
2.77	1.9038175E-006
2.771	1.9118513E-006
2.772	1.9019000E-006
2.773	1.8739358E-006
2.774	1.8256311E-006
2.775	1.7636829E-006
2.776	1.6875631E-006
2.777	1.5985336E-006
2.778	1.4985736E-006
2.779	1.3817167E-006
2.78	1.2654277E-006
2.781	1.1447577E-006
2.782	1.0217462E-006
2.783	8.9872844E-007
2.784	7.6938659E-007
2.785	6.5316453E-007
2.786	5.4311090E-007
2.787	4.4121629E-007
2.788	3.5204684E-007
2.789	2.6508391E-007
2.79	1.9649664E-007
2.791	1.4099750E-007
2.792	9.9183339E-008
2.793	6.9927154E-008
2.794	5.7196591E-008
2.795	5.8281628E-008
2.796	7.4260129E-008
2.797	1.0224409E-007
2.798	1.4182355E-007
2.799	1.9188268E-007
2.8	2.5564765E-007
2.801	3.2302214E-007
2.802	3.9639255E-007
2.803	4.7980689E-007
2.804	5.6024737E-007
2.805	6.4144871E-007
2.806	7.2744643E-007
2.807	8.0495272E-007
2.808	8.7824066E-007
2.809	9.5050035E-007
2.81	1.0106642E-006
2.811	1.0626391E-006
2.812	1.1083685E-006
2.813	1.1406266E-006
2.814	1.1638152E-006
2.815	1.1741085E-006
2.816	1.1736498E-006
2.817	1.1613500E-006
2.818	1.1398063E-006
2.819	1.1078228E-006
2.82	1.0635031E-006
2.821	1.0133914E-006
2.822	9.5180479E-007
2.823	8.8790580E-007
2.824	8.1426572E-007
2.825	7.4179690E-007
2.826	6.6733151E-007
2.827	5.8687641E-007
2.828	5.1244785E-007
2.829	4.3509482E-007
2.83	3.6634989E-007
2.831	2.9782936E-007
2.832	2.3975727E-007
2.833	1.8495126E-007
2.834	1.4150091E-007
2.835	1.0617616E-007
2.836	7.7855489E-008
2.837	6.0590864E-008
2.838	5.2092545E-008
2.839	5.3392235E-008
2.84	6.4429493E-008
2.841	8.4934754E-008
2.842	1.1202821E-007
2.843	1.4875599E-007
2.844	1.8935022E-007
2.845	2.3857328E-007
2.846	2.8686884E-007
2.847	3.4387554E-007
2.848	3.9900414E-007
2.849	4.5888433E-007
2.85	5.1427992E-007
2.851	5.7196092E-007
2.852	6.2295265E-007
2.853	6.7361179E-007
2.854	7.1894254E-007
2.855	7.5561474E-007
2.856	7.8811274E-007
2.857	8.1157117E-007
2.858	8.2880780E-007
2.859	8.3769669E-007
2.86	8.3814058E-007
2.861	8.3052521E-007
2.862	8.1581766E-007
2.863	7.9254818E-007
2.864	7.6184853E-007
2.865	7.2723174E-007
2.866	6.8444115E-007
2.867	6.3678470E-007
2.868	5.8867585E-007
2.869	5.3450452E-007
2.87	4.7852780E-007
2.871	4.2573291E-007
2.872	3.6972503E-007
2.873	3.1715052E-007
2.874	2.6875449E-007
2.875	2.2043258E-007
2.876	1.7671665E-007
2.877	1.4073416E-007
2.878	1.0802601E-007
2.879	8.1916539E-008
2.88	6.3859993E-008
2.881	5.1525177E-008
2.882	4.6573263E-008
2.883	4.8932023E-008
2.884	5.7592107E-008
2.885	7.3435316E-008
2.886	9.5642719E-008
2.887	1.2357961E-007
2.888	1.5421291E-007
2.889	1.9116510E-007
2.89	2.3152174E-007
2.891	2.7434098E-007
2.892	3.1564653E-007
2.893	3.6044946E-007
2.894	4.0479756E-007
2.895	4.4777528E-007
2.896	4.8572389E-007
2.897	5.2344188E-007
2.898	5.5713798E-007
2.899	5.8625000E-007
2.9	6.0937293E-007
2.901	6.2668641E-007
2.902	6.3938933E-007
2.903	6.4587641E-007
2.904	6.4596168E-007
2.905	6.3981327E-007
2.906	6.2742760E-007
2.907	6.0927238E-007
2.908	5.8727500E-007
2.909	5.5900682E-007
2.91	5.2644555E-007
2.911	4.9021355E-007
2.912	4.5106142E-007
2.913	4.0986001E-007
2.914	3.6741145E-007
2.915	3.2742670E-007
2.916	2.8507046E-007
2.917	2.4397630E-007
2.918	2.0496711E-007
2.919	1.6879011E-007
2.92	1.3613584E-007
2.921	1.0761277E-007
2.922	8.3711804E-008
2.923	6.4863372E-008
2.924	5.1351666E-008
2.925	4.3401890E-008
2.926	4.1022204E-008
2.927	4.4052406E-008
2.928	5.1756164E-008
2.929	6.5000755E-008
2.93	8.3063782E-008
2.931	1.0547527E-007
2.932	1.3171312E-007
2.933	1.6116623E-007
2.934	1.9314602E-007
2.935	2.2694891E-007
2.936	2.6183690E-007
2.937	2.9707562E-007
2.938	3.3188888E-007
2.939	3.6555048E-007
2.94	3.9736921E-007
2.941	4.2662390E-007
2.942	4.5276582E-007
2.943	4.7527394E-007
2.944	4.9367156E-007
2.945	5.0767028E-007
2.946	5.1735356E-007
2.947	5.2139359E-007
2.948	5.2044493E-007
2.949	5.1464639E-007
2.95	5.0402150E-007
2.951	4.8948658E-007
2.952	4.7031156E-007
2.953	4.4732982E-007
2.954	4.2103395E-007
2.955	3.9196692E-007
2.956	3.6071279E-007
2.957	3.2789097E-007
2.958	2.9192927E-007
2.959	2.5799054E-007
2.96	2.2453477E-007
2.961	1.9220263E-007
2.962	1.6160830E-007
2.963	1.3333316E-007
2.964	1.0790598E-007
2.965	8.5798426E-008
2.966	6.6296877E-008
2.967	5.2170286E-008
2.968	4.2293628E-008
2.969	3.6821682E-008
2.97	3.5768046E-008
2.971	3.9129738E-008
2.972	4.6743846E-008
2.973	5.9335790E-008
2.974	7.5008565E-008
2.975	9.4040878E-008
2.976	1.1523155E-007
2.977	1.3957816E-007
2.978	1.6768195E-007
2.979	1.9540994E-007
2.98	2.2389322E-007
2.981	2.5252689E-007
2.982	2.8259421E-007
2.983	3.0971484E-007
2.984	3.3521886E-007
2.985	3.5859412E-007
2.986	3.8074302E-007
2.987	3.9837144E-007
2.988	4.1265412E-007
2.989	4.2329691E-007
2.99	4.3049300E-007
2.991	4.3311994E-007
2.992	4.3177803E-007
2.993	4.2649791E-007
2.994	4.1672794E-007
2.995	4.0377421E-007
2.996	3.8747737E-007
2.997	3.6685833E-007
2.998	3.4479646E-007
2.999	3.2063988E-007
3	2.9386908E-007
3.001	2.6684847E-007
3.002	2.3917633E-007
3.003	2.0960660E-007
3.004	1.8234715E-007
3.005	1.5608285E-007
3.006	1.2971068E-007
3.007	1.0701701E-007
3.008	8.6694563E-008
3.009	6.8053204E-008
3.01	5.3727618E-008
3.011	4.2711058E-008
3.012	3.4790709E-008
3.013	3.1067316E-008
3.014	3.1068353E-008
3.015	3.4757157E-008
3.016	4.1880760E-008
3.017	5.3078494E-008
3.018	6.6670651E-008
3.019	8.4150557E-008
3.02	1.0291814E-007
3.021	1.2506081E-007
3.022	1.4732707E-007
3.023	1.7058939E-007
3.024	1.9517793E-007
3.025	2.1900783E-007
3.026	2.4393066E-007
3.027	2.6632000E-007
3.028	2.8870826E-007
3.029	3.0778236E-007
3.03	3.2577597E-007
3.031	3.4000459E-007
3.032	3.5213884E-007
3.033	3.6037207E-007
3.034	3.6569514E-007
3.035	3.6728810E-007
3.036	3.6540479E-007
3.037	3.6029300E-007
3.038	3.5145823E-007
3.039	3.4008983E-007
3.04	3.2500060E-007
3.041	3.0838726E-007
3.042	2.8836064E-007
3.043	2.6782740E-007
3.044	2.4452646E-007
3.045	2.2175398E-007
3.046	1.9701059E-007
3.047	1.7307417E-007
3.048	1.5039301E-007
3.049	1.2718358E-007
3.05	1.0678077E-007
3.051	8.6875552E-008
3.052	7.0313341E-008
3.053	5.5211292E-008
3.054	4.3047489E-008
3.055	3.4494366E-008
3.056	2.8583550E-008
3.057	2.6123436E-008
3.058	2.6805184E-008
3.059	3.0833451E-008
3.06	3.7539778E-008
3.061	4.7648513E-008
3.062	6.0543101E-008
3.063	7.4882777E-008
3.064	9.2253963E-008
3.065	1.1011748E-007
3.066	1.3045988E-007
3.067	1.5166444E-007
3.068	1.7327041E-007
3.069	1.9277600E-007
3.07	2.1381463E-007
3.071	2.3389708E-007
3.072	2.5142756E-007
3.073	2.6843387E-007
3.074	2.8326366E-007
3.075	2.9495766E-007
3.076	3.0481215E-007
3.077	3.1181730E-007
3.078	3.1573146E-007
3.079	3.1655770E-007
3.08	3.1445106E-007
3.081	3.0928655E-007
3.082	3.0174400E-007
3.083	2.9102864E-007
3.084	2.7780143E-007
3.085	2.6229620E-007
3.086	2.4598913E-007
3.087	2.2714821E-007
3.088	2.0708062E-007
3.089	1.8630547E-007
3.09	1.6518899E-007
3.091	1.4612277E-007
3.092	1.2560938E-007
3.093	1.0602137E-007
3.094	8.7753904E-008
3.095	7.1177936E-008
3.096	5.7445444E-008
3.097	4.5020712E-008
3.098	3.5101966E-008
3.099	2.7880429E-008
3.1	2.3467827E-008
3.101	2.1933642E-008
3.102	2.3086859E-008
3.103	2.7065147E-008
3.104	3.3757104E-008
3.105	4.2983466E-008
3.106	5.4534727E-008
3.107	6.8137204E-008
3.108	8.2473882E-008
3.109	9.9142952E-008
3.11	1.1686967E-007
3.111	1.3527138E-007
3.112	1.5394833E-007
3.113	1.7191883E-007
3.114	1.8996239E-007
3.115	2.0712926E-007
3.116	2.2304060E-007
3.117	2.3737535E-007
3.118	2.4909573E-007
3.119	2.5955370E-007
3.12	2.6769712E-007
3.121	2.7334448E-007
3.122	2.7639291E-007
3.123	2.7677561E-007
3.124	2.7452825E-007
3.125	2.6966748E-007
3.126	2.6229964E-007
3.127	2.5262631E-007
3.128	2.4080259E-007
3.129	2.2712703E-007
3.13	2.1182775E-007
3.131	1.9527215E-007
3.132	1.7777329E-007
3.133	1.5969471E-007
3.134	1.4196283E-007
3.135	1.2380937E-007
3.136	1.0616625E-007
3.137	8.9367376E-008
3.138	7.3752908E-008
3.139	5.9625009E-008
3.14	4.7259824E-008
3.141	3.6882497E-008
3.142	2.8691518E-008
3.143	2.2827640E-008
3.144	1.9383551E-008
3.145	1.8421460E-008
3.146	2.0096701E-008
3.147	2.4163452E-008
3.148	3.0531627E-008
3.149	3.9056790E-008
3.15	4.9540777E-008
3.151	6.1752317E-008
3.152	7.5426762E-008
3.153	9.0265296E-008
3.154	1.0596252E-007
3.155	1.2166139E-007
3.156	1.3806712E-007
3.157	1.5533658E-007
3.158	1.7107588E-007
3.159	1.8598655E-007
3.16	1.9976305E-007
3.161	2.1214836E-007
3.162	2.2286926E-007
3.163	2.3174648E-007
3.164	2.3893017E-007
3.165	2.4342705E-007
3.166	2.4567768E-007
3.167	2.4561703E-007
3.168	2.4326565E-007
3.169	2.3866002E-007
3.17	2.3143686E-007
3.171	2.2256231E-007
3.172	2.1187080E-007
3.173	1.9959441E-007
3.174	1.8597294E-007
3.175	1.7080225E-007
3.176	1.5530058E-007
3.177	1.3933490E-007
3.178	1.2322847E-007
3.179	1.0628970E-007
3.18	9.0868184E-008
3.181	7.6230386E-008
3.182	6.2665478E-008
3.183	4.9722107E-008
3.184	3.9163186E-008
3.185	3.0362049E-008
3.186	2.3499698E-008
3.187	1.8454886E-008
3.188	1.5901785E-008
3.189	1.5512240E-008
3.19	1.7461794E-008
3.191	2.1460000E-008
3.192	2.7461878E-008
3.193	3.5331436E-008
3.194	4.5554984E-008
3.195	5.6331793E-008
3.196	6.8690191E-008
3.197	8.2918000E-008
3.198	9.7043760E-008
3.199	1.1157816E-007
3.2	1.2717831E-007
3.201	1.4166271E-007
3.202	1.5567588E-007
3.203	1.6973478E-007
3.204	1.8190563E-007
3.205	1.9345987E-007
3.206	2.0277918E-007
3.207	2.1042749E-007
3.208	2.1657750E-007
3.209	2.2036460E-007
3.21	2.2211846E-007
3.211	2.2177338E-007
3.212	2.1933873E-007
3.213	2.1463082E-007
3.214	2.0845967E-007
3.215	2.0036384E-007
3.216	1.9004629E-007
3.217	1.7889342E-007
3.218	1.6576291E-007
3.219	1.5243847E-007
3.22	1.3760570E-007
3.221	1.2324416E-007
3.222	1.0788904E-007
3.223	9.3625992E-008
3.224	7.9839133E-008
3.225	6.6006066E-008
3.226	5.3985261E-008
3.227	4.2567383E-008
3.228	3.3276280E-008
3.229	2.5161587E-008
3.23	1.9306887E-008
3.231	1.5113686E-008
3.232	1.3130438E-008
3.233	1.3143095E-008
3.234	1.5046336E-008
3.235	1.9151402E-008
3.236	2.4857956E-008
3.237	3.2739678E-008
3.238	4.1703338E-008
3.239	5.2673343E-008
3.24	6.4878812E-008
3.241	7.7253901E-008
3.242	9.1065687E-008
3.243	1.0442277E-007
3.244	1.1870114E-007
3.245	1.3193632E-007
3.246	1.4549778E-007
3.247	1.5826154E-007
3.248	1.6928449E-007
3.249	1.7971560E-007
3.25	1.8810880E-007
3.251	1.9539070E-007
3.252	2.0063472E-007
3.253	2.0394160E-007
3.254	2.0548428E-007
3.255	2.0500427E-007
3.256	2.0251221E-007
3.257	1.9800353E-007
3.258	1.9200560E-007
3.259	1.8393870E-007
3.26	1.7424007E-007
3.261	1.6383294E-007
3.262	1.5164223E-007
3.263	1.3854381E-007
3.264	1.2562734E-007
3.265	1.1157299E-007
3.266	9.7453970E-008
3.267	8.4371663E-008
3.268	7.0970692E-008
3.269	5.8365096E-008
3.27	4.7458322E-008
3.271	3.7392429E-008
3.272	2.8494087E-008
3.273	2.1635456E-008
3.274	1.6100165E-008
3.275	1.2482250E-008
3.276	1.0847559E-008
3.277	1.1140373E-008
3.278	1.3391640E-008
3.279	1.7584236E-008
3.28	2.3615645E-008
3.281	3.0855531E-008
3.282	4.0045968E-008
3.283	5.0592710E-008
3.284	6.2261428E-008
3.285	7.4040202E-008
3.286	8.7153296E-008
3.287	1.0061542E-007
3.288	1.1412101E-007
3.289	1.2701426E-007
3.29	1.3907160E-007
3.291	1.5113358E-007
3.292	1.6219225E-007
3.293	1.7202558E-007
3.294	1.8040576E-007
3.295	1.8678985E-007
3.296	1.9190118E-007
3.297	1.9514658E-007
3.298	1.9648010E-007
3.299	1.9585590E-007
3.3	1.9329249E-007
3.301	1.8886176E-007
3.302	1.8303420E-007
3.303	1.7525977E-007
3.304	1.6597197E-007
3.305	1.5536799E-007
3.306	1.4369672E-007
3.307	1.3154207E-007
3.308	1.1844607E-007
3.309	1.0504505E-007
3.31	9.1581093E-008
3.311	7.9120696E-008
3.312	6.6368848E-008
3.313	5.4367224E-008
3.314	4.3372591E-008
3.315	3.3595892E-008
3.316	2.5253053E-008
3.317	1.8502906E-008
3.318	1.3489398E-008
3.319	1.0312140E-008
3.32	9.0400887E-009
3.321	9.6954871E-009
3.322	1.2260278E-008
3.323	1.6690233E-008
3.324	2.2889958E-008
3.325	3.0475007E-008
3.326	3.9755818E-008
3.327	5.0338599E-008
3.328	6.2001234E-008
3.329	7.4503767E-008
3.33	8.7601038E-008
3.331	1.0102425E-007
3.332	1.1449087E-007
3.333	1.2773791E-007
3.334	1.4049081E-007
3.335	1.5248540E-007
3.336	1.6349419E-007
3.337	1.7327275E-007
3.338	1.8162510E-007
3.339	1.8840834E-007
3.34	1.9345751E-007
3.341	1.9668499E-007
3.342	1.9797008E-007
3.343	1.9741422E-007
3.344	1.9497676E-007
3.345	1.9063812E-007
3.346	1.8452684E-007
3.347	1.7628471E-007
3.348	1.6692888E-007
3.349	1.5629325E-007
3.35	1.4455156E-007
3.351	1.3195901E-007
3.352	1.1878346E-007
3.353	1.0527479E-007
3.354	9.1700372E-008
3.355	7.7585113E-008
3.356	6.4765985E-008
3.357	5.2708536E-008
3.358	4.1672191E-008
3.359	3.2147970E-008
3.36	2.3759686E-008
3.361	1.6987453E-008
3.362	1.1743516E-008
3.363	8.7190335E-009
3.364	7.6479045E-009
3.365	8.5575538E-009
3.366	1.1439156E-008
3.367	1.6597946E-008
3.368	2.3364413E-008
3.369	3.1846451E-008
3.37	4.1890797E-008
3.371	5.3308199E-008
3.372	6.6656440E-008
3.373	8.0198404E-008
3.374	9.4378606E-008
3.375	1.0893341E-007
3.376	1.2401458E-007
3.377	1.3845877E-007
3.378	1.5241828E-007
3.379	1.6561788E-007
3.38	1.7851305E-007
3.381	1.8935415E-007
3.382	1.9872543E-007
3.383	2.0643797E-007
3.384	2.1261172E-007
3.385	2.1641961E-007
3.386	2.1822120E-007
3.387	2.1792415E-007
3.388	2.1539046E-007
3.389	2.1085891E-007
3.39	2.0440690E-007
3.391	1.9558701E-007
3.392	1.8553709E-007
3.393	1.7437006E-007
3.394	1.6088541E-007
3.395	1.4710440E-007
3.396	1.3260969E-007
3.397	1.1681285E-007
3.398	1.0175610E-007
3.399	8.6890516E-008
3.4	7.1696775E-008
3.401	5.8160616E-008
3.402	4.5022553E-008
3.403	3.4006771E-008
3.404	2.4597817E-008
3.405	1.6614363E-008
3.406	1.1130052E-008
3.407	7.7877269E-009
3.408	6.6908785E-009
3.409	7.9548323E-009
3.41	1.1822021E-008
3.411	1.7825725E-008
3.412	2.6590246E-008
3.413	3.7014416E-008
3.414	4.9365681E-008
3.415	6.4321313E-008
3.416	7.9962682E-008
3.417	9.7857303E-008
3.418	1.1567646E-007
3.419	1.3520769E-007
3.42	1.5388322E-007
3.421	1.7356881E-007
3.422	1.9168552E-007
3.423	2.1004168E-007
3.424	2.2618630E-007
3.425	2.4134238E-007
3.426	2.5428747E-007
3.427	2.6586113E-007
3.428	2.7453120E-007
3.429	2.8111043E-007
3.43	2.8468637E-007
3.431	2.8569974E-007
3.432	2.8387385E-007
3.433	2.7908021E-007
3.434	2.7190123E-007
3.435	2.6162508E-007
3.436	2.4957930E-007
3.437	2.3457704E-007
3.438	2.1852119E-007
3.439	1.9991492E-007
3.44	1.8003314E-007
3.441	1.6099351E-007
3.442	1.3984578E-007
3.443	1.1989042E-007
3.444	9.9259310E-008
3.445	8.0655482E-008
3.446	6.2371882E-008
3.447	4.5986063E-008
3.448	3.2651496E-008
3.449	2.1190433E-008
3.45	1.2808262E-008
3.451	7.9994349E-009
3.452	6.4432415E-009
3.453	8.4776248E-009
3.454	1.4452140E-008
3.455	2.4409719E-008
3.456	3.7438525E-008
3.457	5.4441504E-008
3.458	7.5568366E-008
3.459	9.8651675E-008
3.46	1.2612995E-007
3.461	1.5632395E-007
3.462	1.8690537E-007
3.463	2.2105463E-007
3.464	2.5639795E-007
3.465	2.9032816E-007
3.466	3.2631516E-007
3.467	3.6163885E-007
3.468	3.9383343E-007
3.469	4.2607914E-007
3.47	4.5575737E-007
3.471	4.8235825E-007
3.472	5.0343215E-007
3.473	5.2244468E-007
3.474	5.3681697E-007
3.475	5.4624513E-007
3.476	5.5017972E-007
3.477	5.4915051E-007
3.478	5.4247357E-007
3.479	5.3021847E-007
3.48	5.1362122E-007
3.481	4.9102533E-007
3.482	4.6354893E-007
3.483	4.3164451E-007
3.484	3.9592288E-007
3.485	3.5926496E-007
3.486	3.1818993E-007
3.487	2.7679687E-007
3.488	2.3373610E-007
3.489	1.9121069E-007
3.49	1.5257078E-007
3.491	1.1440152E-007
3.492	8.0249748E-008
3.493	5.1383740E-008
3.494	2.9078734E-008
3.495	1.4584540E-008
3.496	9.1553112E-009
3.497	1.3430442E-008
3.498	2.9012760E-008
3.499	5.7007721E-008
3.5	9.8433397E-008
3.501	1.5417690E-007
3.502	2.2279718E-007
3.503	3.0886343E-007
3.504	4.0503426E-007
3.505	5.2294951E-007
3.506	6.5757933E-007
3.507	8.0895700E-007
3.508	9.7710722E-007
3.509	1.1615141E-006
3.51	1.3617650E-006
3.511	1.5771708E-006
3.512	1.8067630E-006
3.513	2.0496416E-006
3.514	2.3050522E-006
3.515	2.5708935E-006
3.516	2.8462005E-006
3.517	3.1216027E-006
3.518	3.4106581E-006
3.519	3.6876913E-006
3.52	3.9834390E-006
3.521	4.2801476E-006
3.522	4.5748657E-006
3.523	4.8672437E-006
3.524	5.1535490E-006
3.525	5.4327620E-006
3.526	5.7026386E-006
3.527	5.9609729E-006
3.528	6.2196964E-006
3.529	6.4368546E-006
3.53	6.6623134E-006
3.531	6.8570330E-006
3.532	7.0274536E-006
3.533	7.1823702E-006
3.534	7.3159576E-006
3.535	7.4260001E-006
3.536	7.5119283E-006
3.537	7.5735729E-006
3.538	7.6121332E-006
3.539	7.6251699E-006
3.54	7.6126630E-006
3.541	7.5763792E-006
3.542	7.5164867E-006
3.543	7.4323261E-006
3.544	7.3252563E-006
3.545	7.1886575E-006
3.546	7.0375913E-006
3.547	6.8722647E-006
3.548	6.6836474E-006
3.549	6.4776145E-006
3.55	6.2573504E-006
3.551	6.0223742E-006
3.552	5.7757929E-006
3.553	5.5053274E-006
3.554	5.2397168E-006
3.555	4.9671553E-006
3.556	4.6903278E-006
3.557	4.4110593E-006
3.558	4.1303056E-006
3.559	3.8500889E-006
3.56	3.5569899E-006
3.561	3.2907790E-006
3.562	3.0222272E-006
3.563	2.7608000E-006
3.564	2.5069610E-006
3.565	2.2493671E-006
3.566	2.0161117E-006
3.567	1.7941617E-006
3.568	1.5842726E-006
3.569	1.3870339E-006
3.57	1.1933596E-006
3.571	1.0237715E-006
3.572	8.6811627E-007
3.573	7.2645815E-007
3.574	5.9201682E-007
3.575	4.8183642E-007
3.576	3.8178098E-007
3.577	2.9047993E-007
3.578	2.1701427E-007
3.579	1.5561791E-007
3.58	1.0566122E-007
3.581	6.4594147E-008
3.582	3.5901092E-008
3.583	1.6323899E-008
3.584	4.6158366E-009
3.585	1.0816776E-009
3.586	4.0087209E-009
3.587	1.2508257E-008
3.588	2.6552263E-008
3.589	4.3232614E-008
3.59	6.3306878E-008
3.591	8.6855884E-008
3.592	1.1057463E-007
3.593	1.3495089E-007
3.594	1.6070419E-007
3.595	1.8446821E-007
3.596	2.0834648E-007
3.597	2.2927205E-007
3.598	2.4816751E-007
3.599	2.6559664E-007
3.6	2.7941215E-007
3.601	2.9039893E-007
3.602	2.9891834E-007
3.603	3.0379329E-007
3.604	3.0589646E-007
3.605	3.0488823E-007
3.606	3.0080506E-007
3.607	2.9422836E-007
3.608	2.8517510E-007
3.609	2.7324006E-007
3.61	2.5993523E-007
3.611	2.4406125E-007
3.612	2.2761959E-007
3.613	2.1015224E-007
3.614	1.9092097E-007
3.615	1.7224897E-007
3.616	1.5245772E-007
3.617	1.3438597E-007
3.618	1.1526775E-007
3.619	9.7917123E-008
3.62	8.0640987E-008
3.621	6.5467020E-008
3.622	5.0920882E-008
3.623	3.8677946E-008
3.624	2.7498698E-008
3.625	1.8644425E-008
3.626	1.1188044E-008
3.627	5.9217666E-009
3.628	2.2489455E-009
3.629	5.0418508E-010
3.63	3.9402370E-010
3.631	1.8229329E-009
3.632	4.8432498E-009
3.633	9.2580761E-009
3.634	1.4558241E-008
3.635	2.1151255E-008
3.636	2.8153188E-008
3.637	3.6140499E-008
3.638	4.4074259E-008
3.639	5.2651210E-008
3.64	6.1223766E-008
3.641	6.9131360E-008
3.642	7.7135461E-008
3.643	8.3989285E-008
3.644	9.0766704E-008
3.645	9.6704078E-008
3.646	1.0146977E-007
3.647	1.0549179E-007
3.648	1.0827655E-007
3.649	1.1013229E-007
3.65	1.1083115E-007
3.651	1.1041731E-007
3.652	1.0890290E-007
3.653	1.0630237E-007
3.654	1.0290788E-007
3.655	9.8448098E-008
3.656	9.3167181E-008
3.657	8.7662436E-008
3.658	8.1150780E-008
3.659	7.4190453E-008
3.66	6.7289037E-008
3.661	5.9838413E-008
3.662	5.2364943E-008
3.663	4.4988713E-008
3.664	3.8209986E-008
3.665	3.1405985E-008
3.666	2.5070758E-008
3.667	1.9580956E-008
3.668	1.4434402E-008
3.669	1.0007044E-008
3.67	6.4488916E-009
3.671	3.7361900E-009
3.672	1.6980741E-009
3.673	5.1161786E-010
3.674	1.6936924E-010
3.675	5.9973865E-010
3.676	1.8127728E-009
3.677	3.7499368E-009
3.678	6.3463199E-009
3.679	9.3385326E-009
3.68	1.2980161E-008
3.681	1.7018456E-008
3.682	2.1364185E-008
3.683	2.5778675E-008
3.684	3.0160077E-008
3.685	3.4785828E-008
3.686	3.9302922E-008
3.687	4.3616911E-008
3.688	4.7641851E-008
3.689	5.1297171E-008
3.69	5.4339807E-008
3.691	5.7064373E-008
3.692	5.9233571E-008
3.693	6.0801256E-008
3.694	6.1751848E-008
3.695	6.2071209E-008
3.696	6.1772930E-008
3.697	6.0856763E-008
3.698	5.9441742E-008
3.699	5.7393475E-008
3.7	5.4837475E-008
3.701	5.1827932E-008
3.702	4.8421672E-008
3.703	4.4689958E-008
3.704	4.0715545E-008
3.705	3.6574960E-008
3.706	3.2338129E-008
3.707	2.8099878E-008
3.708	2.4253264E-008
3.709	2.0225631E-008
3.71	1.6414839E-008
3.711	1.2888920E-008
3.712	9.7096802E-009
3.713	6.9242589E-009
3.714	4.5824438E-009
3.715	2.7157352E-009
3.716	1.3480299E-009
3.717	4.9423649E-010
3.718	1.5665469E-010
3.719	3.2920222E-010
3.72	9.9449471E-010
3.721	2.0911903E-009
3.722	3.6439443E-009
3.723	5.5867693E-009
3.724	7.8697138E-009
3.725	1.0440155E-008
3.726	1.3234184E-008
3.727	1.6190477E-008
3.728	1.9242023E-008
3.729	2.2325887E-008
3.73	2.5372037E-008
3.731	2.8320031E-008
3.732	3.1111451E-008
3.733	3.3746563E-008
3.734	3.6039491E-008
3.735	3.8023408E-008
3.736	3.9652431E-008
3.737	4.0901803E-008
3.738	4.1747306E-008
3.739	4.2177835E-008
3.74	4.2180972E-008
3.741	4.1764778E-008
3.742	4.0944826E-008
3.743	3.9731237E-008
3.744	3.8065554E-008
3.745	3.6200220E-008
3.746	3.4006742E-008
3.747	3.1568231E-008
3.748	2.8934195E-008
3.749	2.6161104E-008
3.75	2.3303333E-008
3.751	2.0260666E-008
3.752	1.7394481E-008
3.753	1.4611724E-008
3.754	1.1956706E-008
3.755	9.4814849E-009
3.756	7.2305433E-009
3.757	5.2417439E-009
3.758	3.5069718E-009
3.759	2.1433364E-009
3.76	1.1230236E-009
3.761	4.5829662E-010
3.762	1.5612162E-010
3.763	2.2689921E-010
3.764	6.5584366E-010
3.765	1.4208443E-009
3.766	2.5010876E-009
3.767	3.9467949E-009
3.768	5.5810214E-009
3.769	7.4292057E-009
3.77	9.3981640E-009
3.771	1.1662640E-008
3.772	1.3899813E-008
3.773	1.6172262E-008
3.774	1.8433582E-008
3.775	2.0752784E-008
3.776	2.2847871E-008
3.777	2.4797178E-008
3.778	2.6649010E-008
3.779	2.8185189E-008
3.78	2.9467198E-008
3.781	3.0478549E-008
3.782	3.1212977E-008
3.783	3.1618548E-008
3.784	3.1719722E-008
3.785	3.1486127E-008
3.786	3.0951288E-008
3.787	3.0133059E-008
3.788	2.8970323E-008
3.789	2.7609980E-008
3.79	2.5937650E-008
3.791	2.4160043E-008
3.792	2.2225995E-008
3.793	2.0066981E-008
3.794	1.7995312E-008
3.795	1.5837067E-008
3.796	1.3573575E-008
3.797	1.1471411E-008
3.798	9.4579216E-009
3.799	7.4744726E-009
3.8	5.7515281E-009
3.801	4.1453849E-009
3.802	2.8410228E-009
3.803	1.7258914E-009
3.804	9.2913960E-010
3.805	4.0984674E-010
3.806	1.3891686E-010
3.807	1.6263074E-010
3.808	4.7748233E-010
3.809	1.0414262E-009
3.81	1.8971364E-009
3.811	2.9383320E-009
3.812	4.2480082E-009
3.813	5.6673404E-009
3.814	7.3104327E-009
3.815	8.9792342E-009
3.816	1.0719273E-008
3.817	1.2538323E-008
3.818	1.4309964E-008
3.819	1.6132367E-008
3.82	1.7791891E-008
3.821	1.9423563E-008
3.822	2.0830068E-008
3.823	2.2138270E-008
3.824	2.3236504E-008
3.825	2.4061395E-008
3.826	2.4693041E-008
3.827	2.5051472E-008
3.828	2.5168021E-008
3.829	2.5036210E-008
3.83	2.4645146E-008
3.831	2.4035973E-008
3.832	2.3164684E-008
3.833	2.2131813E-008
3.834	2.0856717E-008
3.835	1.9411097E-008
3.836	1.7908619E-008
3.837	1.6224938E-008
3.838	1.4562922E-008
3.839	1.2775471E-008
3.84	1.1032532E-008
3.841	9.3693391E-009
3.842	7.6880635E-009
3.843	6.1850867E-009
3.844	4.7346158E-009
3.845	3.4440266E-009
3.846	2.3902447E-009
3.847	1.4802253E-009
3.848	7.9126439E-010
3.849	3.5145115E-010
3.85	1.2002468E-010
3.851	1.2498422E-010
3.852	3.4495359E-010
3.853	7.9873891E-010
3.854	1.4672569E-009
3.855	2.2860249E-009
3.856	3.3207037E-009
3.857	4.5090465E-009
3.858	5.7552132E-009
3.859	7.1606752E-009
3.86	8.6347027E-009
3.861	1.0142050E-008
3.862	1.1536609E-008
3.863	1.3016654E-008
3.864	1.4438423E-008
3.865	1.5703082E-008
3.866	1.6922559E-008
3.867	1.8000527E-008
3.868	1.8911352E-008
3.869	1.9608642E-008
3.87	2.0152543E-008
3.871	2.0490765E-008
3.872	2.0617417E-008
3.873	2.0531102E-008
3.874	2.0256236E-008
3.875	1.9765734E-008
3.876	1.9083540E-008
3.877	1.8222988E-008
3.878	1.7203009E-008
3.879	1.6105030E-008
3.88	1.4835513E-008
3.881	1.3479578E-008
3.882	1.2064703E-008
3.883	1.0615453E-008
3.884	9.2712344E-009
3.885	7.8436670E-009
3.886	6.4692749E-009
3.887	5.1735496E-009
3.888	3.9837436E-009
3.889	2.9212741E-009
3.89	2.0055861E-009
3.891	1.2880125E-009
3.892	7.0502992E-010
3.893	3.0825500E-010
3.894	1.0352249E-010
3.895	9.0103813E-011
3.896	2.6551017E-010
3.897	6.2627142E-010
3.898	1.1625424E-009
3.899	1.8228876E-009
3.9	2.6601801E-009
3.901	3.6251926E-009
3.902	4.6957496E-009
3.903	5.8499277E-009
3.904	7.0600450E-009
3.905	8.3014022E-009
3.906	9.5169117E-009
3.907	1.0744506E-008
3.908	1.1924759E-008
3.909	1.3034534E-008
3.91	1.4051264E-008
3.911	1.4953306E-008
3.912	1.5723797E-008
3.913	1.6348086E-008
3.914	1.6812184E-008
3.915	1.7110017E-008
3.916	1.7233443E-008
3.917	1.7183865E-008
3.918	1.6963506E-008
3.919	1.6575887E-008
3.92	1.6027997E-008
3.921	1.5331409E-008
3.922	1.4504579E-008
3.923	1.3559847E-008
3.924	1.2518720E-008
3.925	1.1403181E-008
3.926	1.0235972E-008
3.927	9.0384331E-009
3.928	7.8638323E-009
3.929	6.6779284E-009
3.93	5.5334355E-009
3.931	4.4518580E-009
3.932	3.4532026E-009
3.933	2.5564186E-009
3.934	1.7433759E-009
3.935	1.1055340E-009
3.936	6.1227112E-010
3.937	2.7164845E-010
3.938	9.1129923E-011
3.939	6.3663408E-011
3.94	1.9419946E-010
3.941	4.7832566E-010
3.942	9.0842411E-010
3.943	1.4745264E-009
3.944	2.2002784E-009
3.945	3.0010832E-009
3.946	3.8913055E-009
3.947	4.8503650E-009
3.948	5.8599152E-009
3.949	6.8704593E-009
3.95	7.9694225E-009
3.951	8.9998853E-009
3.952	9.9925561E-009
3.953	1.0932535E-008
3.954	1.1794161E-008
3.955	1.2565844E-008
3.956	1.3260816E-008
3.957	1.3800453E-008
3.958	1.4206377E-008
3.959	1.4471444E-008
3.96	1.4603490E-008
3.961	1.4580753E-008
3.962	1.4414043E-008
3.963	1.4107325E-008
3.964	1.3666884E-008
3.965	1.3071534E-008
3.966	1.2388553E-008
3.967	1.1609163E-008
3.968	1.0701796E-008
3.969	9.7957216E-009
3.97	8.8186711E-009
3.971	7.8161477E-009
3.972	6.7559833E-009
3.973	5.7582561E-009
3.974	4.7922799E-009
3.975	3.8761678E-009
3.976	2.9875538E-009
3.977	2.2268378E-009
3.978	1.5631764E-009
3.979	9.8478736E-010
3.98	5.6502120E-010
3.981	2.5939742E-010
3.982	7.9406405E-011
3.983	4.4127611E-011
3.984	1.4083969E-010
3.985	3.8096390E-010
3.986	7.3541828E-010
3.987	1.2039211E-009
3.988	1.8074044E-009
3.989	2.4750413E-009
3.99	3.2386513E-009
3.991	4.0453108E-009
3.992	4.8946172E-009
3.993	5.8160086E-009
3.994	6.7013519E-009
3.995	7.5773521E-009
3.996	8.4670866E-009
3.997	9.2684269E-009
3.998	1.0043816E-008
3.999	1.0704664E-008
4	1.1291549E-008
4.001	1.1763678E-008
4.002	1.2127300E-008
4.003	1.2383807E-008
4.004	1.2506511E-008
4.005	1.2504268E-008
4.006	1.2377118E-008
4.007	1.2118891E-008
4.008	1.1756331E-008
4.009	1.1288321E-008
4.01	1.0709922E-008
4.011	1.0059308E-008
4.012	9.3025880E-009
4.013	8.5206713E-009
4.014	7.6572517E-009
4.015	6.8073964E-009
4.016	5.9080056E-009
4.017	5.0170987E-009
4.018	4.1933395E-009
4.019	3.4100616E-009
4.02	2.6646874E-009
4.021	1.9755781E-009
4.022	1.4014984E-009
4.023	8.9681129E-010
4.024	5.1800175E-010
4.025	2.3388116E-010
4.026	7.5905088E-011
4.027	3.0205831E-011
4.028	1.0101855E-010
4.029	2.9266609E-010
4.03	5.9050614E-010
4.031	9.7952901E-010
4.032	1.4835678E-009
4.033	2.0434101E-009
4.034	2.7030200E-009
4.035	3.4210654E-009
4.036	4.1455674E-009
4.037	4.9308402E-009
4.038	5.6880496E-009
4.039	6.4769226E-009
4.04	7.2239006E-009
4.041	7.9147391E-009
4.042	8.5896019E-009
4.043	9.1682653E-009
4.044	9.6961994E-009
4.045	1.0134011E-008
4.046	1.0456991E-008
4.047	1.0691172E-008
4.048	1.0818046E-008
4.049	1.0828900E-008
4.05	1.0735935E-008
4.051	1.0532021E-008
4.052	1.0221417E-008
4.053	9.8327275E-009
4.054	9.3360120E-009
4.055	8.7591259E-009
4.056	8.1478806E-009
4.057	7.4502986E-009
4.058	6.7146906E-009
4.059	5.9709562E-009
4.06	5.2364082E-009
4.061	4.4703903E-009
4.062	3.7250478E-009
4.063	3.0476695E-009
4.064	2.3852205E-009
4.065	1.7845785E-009
4.066	1.2584939E-009
4.067	8.3490148E-010
4.068	4.8017668E-010
4.069	2.2883528E-010
4.07	7.2470641E-011
4.071	2.0974547E-011
4.072	6.9245408E-011
4.073	2.2024939E-010
4.074	4.6984744E-010
4.075	8.1203200E-010
4.076	1.2383337E-009
4.077	1.7143928E-009
4.078	2.2622328E-009
4.079	2.8752214E-009
4.08	3.5273011E-009
4.081	4.2040735E-009
4.082	4.8909858E-009
4.083	5.5416232E-009
4.084	6.2082544E-009
4.085	6.8430426E-009
4.086	7.4319297E-009
4.087	7.9651867E-009
4.088	8.4208471E-009
4.089	8.8111891E-009
4.09	9.1163646E-009
4.091	9.3225605E-009
4.092	9.4485726E-009
4.093	9.4767705E-009
4.094	9.4083026E-009
4.095	9.2441299E-009
4.096	8.9881889E-009
4.097	8.6562046E-009
4.098	8.2378966E-009
4.099	7.7490574E-009
4.1	7.2021686E-009
4.101	6.6035875E-009
4.102	6.0003287E-009
4.103	5.3436504E-009
4.104	4.6762123E-009
4.105	4.0108583E-009
4.106	3.3762684E-009
4.107	2.7544507E-009
4.108	2.1726954E-009
4.109	1.6428386E-009
4.11	1.1745055E-009
4.111	7.7707768E-010
4.112	4.5764542E-010
4.113	2.2195472E-010
4.114	7.4125879E-011
4.115	1.6222202E-011
4.116	4.6872502E-011
4.117	1.6614017E-010
4.118	3.7115658E-010
4.119	6.5701383E-010
4.12	1.0171346E-009
4.121	1.4438823E-009
4.122	1.9274820E-009
4.123	2.4576681E-009
4.124	3.0236453E-009
4.125	3.6275063E-009
4.126	4.2291171E-009
4.127	4.8292517E-009
4.128	5.4160680E-009
4.129	5.9765179E-009
4.13	6.5012897E-009
4.131	6.9780088E-009
4.132	7.3981505E-009
4.133	7.7526892E-009
4.134	8.0302263E-009
4.135	8.2372580E-009
4.136	8.3671852E-009
4.137	8.4057667E-009
4.138	8.3586871E-009
4.139	8.2301934E-009
4.14	8.0210176E-009
4.141	7.7350562E-009
4.142	7.3801902E-009
4.143	6.9527846E-009
4.144	6.4783072E-009
4.145	5.9618182E-009
4.146	5.4111684E-009
4.147	4.8367892E-009
4.148	4.2512882E-009
4.149	3.6381393E-009
4.15	3.0642113E-009
4.151	2.5139197E-009
4.152	2.0081516E-009
4.153	1.5337854E-009
4.154	1.0930231E-009
4.155	7.3405482E-010
4.156	4.4237239E-010
4.157	2.2322059E-010
4.158	8.0289525E-011
4.159	1.4723348E-011
4.16	3.3193948E-011
4.161	1.2677220E-010
4.162	2.9746960E-010
4.163	5.5315708E-010
4.164	8.6527685E-010
4.165	1.2368749E-009
4.166	1.6818210E-009
4.167	2.1496944E-009
4.168	2.6511049E-009
4.169	3.1750260E-009
4.17	3.7236461E-009
4.171	4.2607988E-009
4.172	4.7881064E-009
4.173	5.2960587E-009
4.174	5.7948188E-009
4.175	6.2305854E-009
4.176	6.6170305E-009
4.177	6.9639623E-009
4.178	7.2287074E-009
4.179	7.4213169E-009
4.18	7.5549904E-009
4.181	7.6054478E-009
4.182	7.5809634E-009
4.183	7.4770652E-009
4.184	7.3034481E-009
4.185	7.0634258E-009
4.186	6.7430408E-009
4.187	6.3875563E-009
4.188	5.9536900E-009
4.189	5.4985185E-009
4.19	5.0096642E-009
4.191	4.4738400E-009
4.192	3.9490970E-009
4.193	3.3978378E-009
4.194	2.8800915E-009
4.195	2.3800970E-009
4.196	1.8973740E-009
4.197	1.4629761E-009
4.198	1.0570975E-009
4.199	7.2309098E-010
4.2	4.3657492E-010
4.201	2.2871952E-010
4.202	8.3765911E-011
4.203	1.7238808E-011
4.204	2.1880055E-011
4.205	9.9905619E-011
4.206	2.4575794E-010
4.207	4.6893411E-010
4.208	7.4457107E-010
4.209	1.0925282E-009
4.21	1.4742779E-009
4.211	1.9176811E-009
4.212	2.3739308E-009
4.213	2.8645766E-009
4.214	3.3573770E-009
4.215	3.8775401E-009
4.216	4.3678638E-009
4.217	4.8637228E-009
4.218	5.3317391E-009
4.219	5.7431744E-009
4.22	6.1293415E-009
4.221	6.4465615E-009
4.222	6.7136914E-009
4.223	6.9123107E-009
4.224	7.0528472E-009
4.225	7.1158008E-009
4.226	7.1106778E-009
4.227	7.0306427E-009
4.228	6.8850925E-009
4.229	6.6658346E-009
4.23	6.3950139E-009
4.231	6.0629941E-009
4.232	5.6710059E-009
4.233	5.2561511E-009
4.234	4.7863931E-009
4.235	4.3143409E-009
4.236	3.8057872E-009
4.237	3.2925929E-009
4.238	2.8070593E-009
4.239	2.3259514E-009
4.24	1.8594879E-009
4.241	1.4469673E-009
4.242	1.0588087E-009
4.243	7.2241607E-010
4.244	4.5651163E-010
4.245	2.4137767E-010
4.246	1.0026239E-010
4.247	2.3687401E-011
4.248	1.7916637E-011
4.249	8.5667202E-011
4.25	2.1744635E-010
4.251	4.2322698E-010
4.252	6.9387568E-010
4.253	1.0075593E-009
4.254	1.3874539E-009
4.255	1.8127803E-009
4.256	2.2626152E-009
4.257	2.7270881E-009
4.258	3.2305019E-009
4.259	3.7403614E-009
4.26	4.2465724E-009
4.261	4.7170725E-009
4.262	5.1853788E-009
4.263	5.6218004E-009
4.264	6.0062830E-009
4.265	6.3364491E-009
4.266	6.6250294E-009
4.267	6.8513621E-009
4.268	7.0090160E-009
4.269	7.0966855E-009
4.27	7.1116135E-009
4.271	7.0563870E-009
4.272	6.9320989E-009
4.273	6.7368369E-009
4.274	6.4760388E-009
4.275	6.1689893E-009
4.276	5.7971938E-009
4.277	5.3781264E-009
4.278	4.9209832E-009
4.279	4.4363069E-009
4.28	3.9319210E-009
4.281	3.4319374E-009
4.282	2.9459335E-009
4.283	2.4489522E-009
4.284	1.9744248E-009
4.285	1.5329918E-009
4.286	1.1339172E-009
4.287	7.8525353E-010
4.288	4.9481258E-010
4.289	2.7328340E-010
4.29	1.2098349E-010
4.291	3.3014706E-011
4.292	2.0578927E-011
4.293	8.4615946E-011
4.294	2.2453389E-010
4.295	4.3794376E-010
4.296	7.2140693E-010
4.297	1.0611202E-009
4.298	1.4666567E-009
4.299	1.9233219E-009
4.3	2.4229199E-009
4.301	2.9555010E-009
4.302	3.5103958E-009
4.303	4.0772714E-009
4.304	4.6452682E-009
4.305	5.1649627E-009
4.306	5.7281366E-009
4.307	6.2110961E-009
4.308	6.6975172E-009
4.309	7.0921531E-009
4.31	7.4490942E-009
4.311	7.7511677E-009
4.312	7.9567082E-009
4.313	8.0992377E-009
4.314	8.1586808E-009
4.315	8.1353440E-009
4.316	8.0291809E-009
4.317	7.8436972E-009
4.318	7.5808693E-009
4.319	7.2473552E-009
4.32	6.8467889E-009
4.321	6.3994996E-009
4.322	5.8936283E-009
4.323	5.3490359E-009
4.324	4.7767941E-009
4.325	4.1884403E-009
4.326	3.5956476E-009
4.327	3.0109522E-009
4.328	2.4474667E-009
4.329	1.9294886E-009
4.33	1.4232536E-009
4.331	9.9700803E-010
4.332	6.3782885E-010
4.333	3.5532485E-010
4.334	1.5733771E-010
4.335	5.0391281E-011
4.336	3.9392024E-011
4.337	1.2436691E-010
4.338	3.2173342E-010
4.339	6.1290040E-010
4.34	1.0015386E-009
4.341	1.4836842E-009
4.342	2.0533175E-009
4.343	2.7017322E-009
4.344	3.4549239E-009
4.345	4.2159232E-009
4.346	5.0414068E-009
4.347	5.8988561E-009
4.348	6.7738495E-009
4.349	7.6934930E-009
4.35	8.5584899E-009
4.351	9.3961736E-009
4.352	1.0189235E-008
4.353	1.0906430E-008
4.354	1.1596743E-008
4.355	1.2167768E-008
4.356	1.2641412E-008
4.357	1.3004716E-008
4.358	1.3257379E-008
4.359	1.3372789E-008
4.36	1.3358108E-008
4.361	1.3216531E-008
4.362	1.2924166E-008
4.363	1.2516562E-008
4.364	1.1983901E-008
4.365	1.1306529E-008
4.366	1.0552196E-008
4.367	9.7080921E-009
4.368	8.8085441E-009
4.369	7.7916216E-009
4.37	6.7799109E-009
4.371	5.7559690E-009
4.372	4.6959383E-009
4.373	3.7191286E-009
4.374	2.8049596E-009
4.375	1.9449937E-009
4.376	1.2569158E-009
4.377	6.9595696E-010
4.378	2.9311473E-010
4.379	1.1090056E-010
4.38	1.5296163E-010
4.381	4.6256743E-010
4.382	1.0357700E-009
4.383	1.8998105E-009
4.384	3.1030538E-009
4.385	4.6071373E-009
4.386	6.5390378E-009
4.387	8.7384606E-009
4.388	1.1291294E-008
4.389	1.4336774E-008
4.39	1.7607583E-008
4.391	2.1311486E-008
4.392	2.5271865E-008
4.393	2.9556162E-008
4.394	3.4366739E-008
4.395	3.9264158E-008
4.396	4.4666702E-008
4.397	5.0077954E-008
4.398	5.5958889E-008
4.399	6.1622970E-008
4.4	6.7834421E-008
4.401	7.3870837E-008
4.402	8.0283087E-008
4.403	8.6410139E-008
4.404	9.2813750E-008
4.405	9.8872263E-008
4.406	1.0496486E-007
4.407	1.1078946E-007
4.408	1.1641024E-007
4.409	1.2207749E-007
4.41	1.2745329E-007
4.411	1.3227462E-007
4.412	1.3695826E-007
4.413	1.4108129E-007
4.414	1.4488265E-007
4.415	1.4818167E-007
4.416	1.5113393E-007
4.417	1.5350801E-007
4.418	1.5546553E-007
4.419	1.5682893E-007
4.42	1.5772007E-007
4.421	1.5806235E-007
4.422	1.5788378E-007
4.423	1.5719125E-007
4.424	1.5601420E-007
4.425	1.5425103E-007
4.426	1.5208184E-007
4.427	1.4937301E-007
4.428	1.4617953E-007
4.429	1.4276372E-007
4.43	1.3876925E-007
4.431	1.3437668E-007
4.432	1.2986274E-007
4.433	1.2482302E-007
4.434	1.1976242E-007
4.435	1.1426719E-007
4.436	1.0868609E-007
4.437	1.0310811E-007
4.438	9.7169561E-008
4.439	9.1172296E-008
4.44	8.5400927E-008
4.441	7.9391597E-008
4.442	7.3440987E-008
4.443	6.7937528E-008
4.444	6.2180007E-008
4.445	5.6578564E-008
4.446	5.1379924E-008
4.447	4.6155201E-008
4.448	4.1159691E-008
4.449	3.6414999E-008
4.45	3.2128167E-008
4.451	2.8021510E-008
4.452	2.4114128E-008
4.453	2.0659527E-008
4.454	1.7350390E-008
4.455	1.4357052E-008
4.456	1.1673126E-008
4.457	9.3934123E-009
4.458	7.3494428E-009
4.459	5.5496110E-009
4.46	4.0323584E-009
4.461	2.8338936E-009
4.462	1.8300188E-009
4.463	1.0650503E-009
4.464	5.2083304E-010
4.465	1.8402778E-010
4.466	2.3595771E-011
4.467	1.5025379E-011
4.468	1.4880167E-010
4.469	4.0403436E-010
4.47	7.6003087E-010
4.471	1.1767126E-009
4.472	1.6612042E-009
4.473	2.1999471E-009
4.474	2.7639082E-009
4.475	3.3380363E-009
4.476	3.9068930E-009
4.477	4.4550115E-009
4.478	4.9494706E-009
4.479	5.4251119E-009
4.48	5.8410272E-009
4.481	6.2084875E-009
4.482	6.5105303E-009
4.483	6.7448345E-009
4.484	6.9074746E-009
4.485	6.9981470E-009
4.486	7.0166064E-009
4.487	6.9703137E-009
4.488	6.8560291E-009
4.489	6.6783614E-009
4.49	6.4432988E-009
4.491	6.1558243E-009
4.492	5.8228871E-009
4.493	5.4505436E-009
4.494	5.0571920E-009
4.495	4.6323501E-009
4.496	4.1923460E-009
4.497	3.7436498E-009
4.498	3.2961895E-009
4.499	2.8559028E-009
4.5	2.4302818E-009
