theta_deg	R
0.001	9.9984705E-001
0.002	9.9969840E-001
0.003	9.9954981E-001
0.004	9.9940133E-001
0.005	9.9925292E-001
0.006	9.9910444E-001
0.007	9.9895626E-001
0.008	9.9880767E-001
0.009	9.9865937E-001
0.01	9.9851054E-001
0.011	9.9836236E-001
0.012	9.9821395E-001
0.013	9.9806583E-001
0.014	9.8986000E-001
0.015	9.8971403E-001
0.016	9.8956817E-001
0.017	9.8943102E-001
0.018	9.8928523E-001
0.019	9.8913932E-001
0.02	9.8899317E-001
0.021	9.8884737E-001
0.022	9.8870122E-001
0.023	9.8855507E-001
0.024	9.8840928E-001
0.025	9.8491752E-001
0.026	9.8477226E-001
0.027	9.8462749E-001
0.028	9.8449159E-001
0.029	9.8434639E-001
0.03	9.8420167E-001
0.031	9.8405635E-001
0.032	9.8133206E-001
0.033	9.8118746E-001
0.034	9.8104310E-001
0.035	9.8089886E-001
0.036	9.8076373E-001
0.037	9.8061961E-001
0.038	9.7828209E-001
0.039	9.7813815E-001
0.04	9.7799456E-001
0.041	9.7785985E-001
0.042	9.7576559E-001
0.043	9.7562212E-001
0.044	9.7548801E-001
0.045	9.7534466E-001
0.046	9.7521067E-001
0.047	9.7328669E-001
0.048	9.7315264E-001
0.049	9.7301000E-001
0.05	9.7287649E-001
0.051	9.7108805E-001
0.052	9.7095466E-001
0.053	9.7081232E-001
0.054	9.7067881E-001
0.055	9.6898884E-001
0.056	9.6885604E-001
0.057	9.6872312E-001
0.058	9.6712118E-001
0.059	9.6697938E-001
0.06	9.6684688E-001
0.061	9.6530956E-001
0.062	9.6517694E-001
0.063	9.6504456E-001
0.064	9.6490335E-001
0.065	9.6342474E-001
0.066	9.6329266E-001
0.067	9.6316075E-001
0.068	9.6173245E-001
0.069	9.6160054E-001
0.07	9.6020633E-001
0.071	9.6007478E-001
0.072	9.5994347E-001
0.073	9.5859683E-001
0.074	9.5846546E-001
0.075	9.5833445E-001
0.076	9.5701182E-001
0.077	9.5688087E-001
0.078	9.5558411E-001
0.079	9.5545340E-001
0.08	9.5532238E-001
0.081	9.5406324E-001
0.082	9.5393240E-001
0.083	9.5268732E-001
0.084	9.5255697E-001
0.085	9.5243561E-001
0.086	9.5121431E-001
0.087	9.5108408E-001
0.088	9.4988126E-001
0.089	9.4975108E-001
0.09	9.4856256E-001
0.091	9.4844127E-001
0.092	9.4727141E-001
0.093	9.4714153E-001
0.094	9.4598502E-001
0.095	9.4585550E-001
0.096	9.4470203E-001
0.097	9.4458103E-001
0.098	9.4344288E-001
0.099	9.4331330E-001
0.1	9.4219190E-001
0.101	9.4207174E-001
0.102	9.4094783E-001
0.103	9.4082749E-001
0.104	9.3971860E-001
0.105	9.3959808E-001
0.106	9.3848664E-001
0.107	9.3836641E-001
0.108	9.3727612E-001
0.109	9.3715578E-001
0.11	9.3606114E-001
0.111	9.3594086E-001
0.112	9.3484902E-001
0.113	9.3376815E-001
0.114	9.3365699E-001
0.115	9.3256909E-001
0.116	9.3245804E-001
0.117	9.3138933E-001
0.118	9.3031240E-001
0.119	9.3020147E-001
0.12	9.2912495E-001
0.121	9.2901421E-001
0.122	9.2794693E-001
0.123	9.2687839E-001
0.124	9.2676783E-001
0.125	9.2569834E-001
0.126	9.2462802E-001
0.127	9.2451745E-001
0.128	9.2345446E-001
0.129	9.2239821E-001
0.13	9.2228746E-001
0.131	9.2122853E-001
0.132	9.2015731E-001
0.133	9.2004663E-001
0.134	9.1897172E-001
0.135	9.1791302E-001
0.136	9.1781139E-001
0.137	9.1673827E-001
0.138	9.1566110E-001
0.139	9.1555911E-001
0.14	9.1448671E-001
0.141	9.1340005E-001
0.142	9.1232646E-001
0.143	9.1222435E-001
0.144	9.1113430E-001
0.145	9.1004968E-001
0.146	9.0994740E-001
0.147	9.0886617E-001
0.148	9.0776932E-001
0.149	9.0666342E-001
0.15	9.0656990E-001
0.151	9.0547776E-001
0.152	9.0436649E-001
0.153	9.0324771E-001
0.154	9.0212095E-001
0.155	9.0203655E-001
0.156	9.0091026E-001
0.157	8.9978832E-001
0.158	8.9865440E-001
0.159	8.9749867E-001
0.16	8.9741331E-001
0.161	8.9626962E-001
0.162	8.9511627E-001
0.163	8.9394951E-001
0.164	8.9277208E-001
0.165	8.9159292E-001
0.166	8.9150608E-001
0.167	8.9031541E-001
0.168	8.8912231E-001
0.169	8.8791674E-001
0.17	8.8672239E-001
0.171	8.8548785E-001
0.172	8.8424939E-001
0.173	8.8417077E-001
0.174	8.8294625E-001
0.175	8.8168925E-001
0.176	8.8042653E-001
0.177	8.7914884E-001
0.178	8.7786531E-001
0.179	8.7657565E-001
0.18	8.7528461E-001
0.181	8.7396616E-001
0.182	8.7261903E-001
0.183	8.7130630E-001
0.184	8.6995310E-001
0.185	8.6987919E-001
0.186	8.6851680E-001
0.187	8.6714345E-001
0.188	8.6574930E-001
0.189	8.6433893E-001
0.19	8.6293310E-001
0.191	8.6151457E-001
0.192	8.6006618E-001
0.193	8.5863286E-001
0.194	8.5716873E-001
0.195	8.5569984E-001
0.196	8.5422742E-001
0.197	8.5275167E-001
0.198	8.5125488E-001
0.199	8.4976655E-001
0.2	8.4827095E-001
0.201	8.4681761E-001
0.202	8.4535563E-001
0.203	8.4397262E-001
0.204	8.4259790E-001
0.205	8.4132856E-001
0.206	8.4023774E-001
0.207	8.3932459E-001
0.208	7.6675397E-001
0.209	7.7639681E-001
0.21	7.9150891E-001
0.211	7.9766893E-001
0.212	8.0063641E-001
0.213	8.0199516E-001
0.214	8.0249608E-001
0.215	8.0233592E-001
0.216	8.0179358E-001
0.217	8.0092913E-001
0.218	7.9978573E-001
0.219	7.9701614E-001
0.22	7.9531270E-001
0.221	7.9349488E-001
0.222	7.9154706E-001
0.223	7.8950232E-001
0.224	7.8732091E-001
0.225	7.8504509E-001
0.226	7.8013831E-001
0.227	7.7755195E-001
0.228	7.7483326E-001
0.229	7.7199799E-001
0.23	7.6905477E-001
0.231	7.6601565E-001
0.232	7.5960541E-001
0.233	7.5621241E-001
0.234	7.5269407E-001
0.235	7.4902207E-001
0.236	7.4524963E-001
0.237	7.3723245E-001
0.238	7.3300302E-001
0.239	7.2859579E-001
0.24	7.2402364E-001
0.241	7.1929443E-001
0.242	7.0919865E-001
0.243	7.0386982E-001
0.244	6.9829369E-001
0.245	6.9249916E-001
0.246	6.8017173E-001
0.247	6.7361087E-001
0.248	6.6675907E-001
0.249	6.5962189E-001
0.25	6.4444011E-001
0.251	6.3639355E-001
0.252	6.2797207E-001
0.253	6.1015803E-001
0.254	6.0085958E-001
0.255	5.9116995E-001
0.256	5.8125103E-001
0.257	5.6118703E-001
0.258	5.5342788E-001
0.259	5.3629792E-001
0.26	5.0726682E-001
0.261	4.9319756E-001
0.262	4.7928160E-001
0.263	4.5210224E-001
0.264	4.3882856E-001
0.265	4.2586583E-001
0.266	4.0079916E-001
0.267	3.8872123E-001
0.268	3.6555511E-001
0.269	3.5446948E-001
0.27	3.4375787E-001
0.271	3.2341555E-001
0.272	3.1386113E-001
0.273	3.0473733E-001
0.274	2.8777853E-001
0.275	2.7998534E-001
0.276	2.6566273E-001
0.277	2.5908735E-001
0.278	2.5285503E-001
0.279	2.4118769E-001
0.28	2.3566636E-001
0.281	2.2502011E-001
0.282	2.1983871E-001
0.283	2.0960164E-001
0.284	2.0455283E-001
0.285	1.9459943E-001
0.286	1.8975088E-001
0.287	1.8499078E-001
0.288	1.7589134E-001
0.289	1.7160819E-001
0.29	1.6367075E-001
0.291	1.6005716E-001
0.292	1.5355249E-001
0.293	1.5066227E-001
0.294	1.4553066E-001
0.295	1.4326051E-001
0.296	1.3915531E-001
0.297	1.3727413E-001
0.298	1.3368791E-001
0.299	1.3193451E-001
0.3	1.2838513E-001
0.301	1.2467101E-001
0.302	1.2271868E-001
0.303	1.1861772E-001
0.304	1.1647101E-001
0.305	1.1202446E-001
0.306	1.0974902E-001
0.307	1.0515899E-001
0.308	1.0287753E-001
0.309	9.8436959E-002
0.31	9.4254561E-002
0.311	9.2297778E-002
0.312	8.8699669E-002
0.313	8.7077327E-002
0.314	8.4196553E-002
0.315	8.1802107E-002
0.316	8.0774672E-002
0.317	7.9028629E-002
0.318	7.8286946E-002
0.319	7.7015527E-002
0.32	7.5936519E-002
0.321	7.5430311E-002
0.322	7.4450091E-002
0.323	7.3415361E-002
0.324	7.2849862E-002
0.325	7.1607769E-002
0.326	7.0165046E-002
0.327	6.9360480E-002
0.328	6.7585602E-002
0.329	6.5601319E-002
0.33	6.4533934E-002
0.331	6.2287033E-002
0.332	5.9936654E-002
0.333	5.8731817E-002
0.334	5.6321569E-002
0.335	5.3962089E-002
0.336	5.2815784E-002
0.337	5.0653297E-002
0.338	4.8688069E-002
0.339	4.6968024E-002
0.34	4.6207547E-002
0.341	4.4904396E-002
0.342	4.3903928E-002
0.343	4.3176703E-002
0.344	4.2907976E-002
0.345	4.2553578E-002
0.346	4.2387795E-002
0.347	4.2365398E-002
0.348	4.2381126E-002
0.349	4.2455785E-002
0.35	4.2523764E-002
0.351	4.2529680E-002
0.352	4.2427000E-002
0.353	4.2316608E-002
0.354	4.1984253E-002
0.355	4.1471321E-002
0.356	4.0768452E-002
0.357	3.9880164E-002
0.358	3.8819984E-002
0.359	3.8229235E-002
0.36	3.6962669E-002
0.361	3.5599213E-002
0.362	3.4182250E-002
0.363	3.2750789E-002
0.364	3.1351220E-002
0.365	3.0673238E-002
0.366	2.9394265E-002
0.367	2.8240541E-002
0.368	2.7239520E-002
0.369	2.6412001E-002
0.37	2.5767492E-002
0.371	2.5310038E-002
0.372	2.5036430E-002
0.373	2.4928577E-002
0.374	2.4928181E-002
0.375	2.5033934E-002
0.376	2.5251303E-002
0.377	2.5544727E-002
0.378	2.5884604E-002
0.379	2.6235670E-002
0.38	2.6566476E-002
0.381	2.6847769E-002
0.382	2.7053138E-002
0.383	2.7161241E-002
0.384	2.7155863E-002
0.385	2.7025471E-002
0.386	2.6765179E-002
0.387	2.6375238E-002
0.388	2.5860475E-002
0.389	2.5231160E-002
0.39	2.4502782E-002
0.391	2.3692476E-002
0.392	2.2821624E-002
0.393	2.1912372E-002
0.394	2.0987500E-002
0.395	2.0073518E-002
0.396	1.9189492E-002
0.397	1.8360026E-002
0.398	1.7601591E-002
0.399	1.6930807E-002
0.4	1.6362164E-002
0.401	1.5902048E-002
0.402	1.5557094E-002
0.403	1.5327767E-002
0.404	1.5211489E-002
0.405	1.5202477E-002
0.406	1.5289915E-002
0.407	1.5461429E-002
0.408	1.5703751E-002
0.409	1.5999101E-002
0.41	1.6507657E-002
0.411	1.6859539E-002
0.412	1.7202824E-002
0.413	1.7520724E-002
0.414	1.7798493E-002
0.415	1.8022217E-002
0.416	1.8180899E-002
0.417	1.8265150E-002
0.418	1.8269934E-002
0.419	1.8121712E-002
0.42	1.7914923E-002
0.421	1.7626280E-002
0.422	1.7261585E-002
0.423	1.6827125E-002
0.424	1.6332090E-002
0.425	1.5502312E-002
0.426	1.4905544E-002
0.427	1.4290009E-002
0.428	1.3669095E-002
0.429	1.3055286E-002
0.43	1.2461415E-002
0.431	1.1635550E-002
0.432	1.1142373E-002
0.433	1.0703753E-002
0.434	1.0330243E-002
0.435	9.8993769E-003
0.436	9.7029293E-003
0.437	9.5783034E-003
0.438	9.5273657E-003
0.439	9.5443148E-003
0.44	9.6898265E-003
0.441	9.8553495E-003
0.442	1.0066424E-002
0.443	1.0315205E-002
0.444	1.0738534E-002
0.445	1.1036871E-002
0.446	1.1337368E-002
0.447	1.1773535E-002
0.448	1.2037678E-002
0.449	1.2271924E-002
0.45	1.2468806E-002
0.451	1.2683522E-002
0.452	1.2762434E-002
0.453	1.2788191E-002
0.454	1.2723900E-002
0.455	1.2609156E-002
0.456	1.2440278E-002
0.457	1.2092974E-002
0.458	1.1801765E-002
0.459	1.1469780E-002
0.46	1.0910931E-002
0.461	1.0504951E-002
0.462	1.0082104E-002
0.463	9.4336551E-003
0.464	9.0011936E-003
0.465	8.3735110E-003
0.466	7.9779988E-003
0.467	7.6088621E-003
0.468	7.1177338E-003
0.469	6.8382374E-003
0.47	6.6010645E-003
0.471	6.3341870E-003
0.472	6.2139747E-003
0.473	6.1264448E-003
0.474	6.1260602E-003
0.475	6.2103025E-003
0.476	6.3162977E-003
0.477	6.4581563E-003
0.478	6.7301174E-003
0.479	6.9410247E-003
0.48	7.2907461E-003
0.481	7.5351335E-003
0.482	7.9072416E-003
0.483	8.1476364E-003
0.484	8.4870243E-003
0.485	8.6888131E-003
0.486	8.9478428E-003
0.487	9.0826275E-003
0.488	9.2249103E-003
0.489	9.2729293E-003
0.49	9.2770010E-003
0.491	9.2307022E-003
0.492	9.0926141E-003
0.493	8.9541031E-003
0.494	8.6852470E-003
0.495	8.4666237E-003
0.496	8.0921724E-003
0.497	7.8146057E-003
0.498	7.3704557E-003
0.499	7.0602279E-003
0.5	6.5878304E-003
0.501	6.2738829E-003
0.502	5.8172094E-003
0.503	5.3898892E-003
0.504	5.1271063E-003
0.505	4.7759647E-003
0.506	4.5742299E-003
0.507	4.3274807E-003
0.508	4.2019403E-003
0.509	4.0748748E-003
0.51	4.0220772E-003
0.511	4.0267948E-003
0.512	4.0932023E-003
0.513	4.1727270E-003
0.514	4.3419022E-003
0.515	4.5610941E-003
0.516	4.7292374E-003
0.517	5.0077867E-003
0.518	5.3055668E-003
0.519	5.5076550E-003
0.52	5.8097797E-003
0.521	6.0980734E-003
0.522	6.2757493E-003
0.523	6.5160538E-003
0.524	6.7148386E-003
0.525	6.8196822E-003
0.526	6.9333715E-003
0.527	6.9891638E-003
0.528	6.9922605E-003
0.529	6.9477023E-003
0.53	6.8435892E-003
0.531	6.7415205E-003
0.532	6.5455325E-003
0.533	6.3017262E-003
0.534	6.0169469E-003
0.535	5.8078337E-003
0.536	5.4741926E-003
0.537	5.1239668E-003
0.538	4.7670715E-003
0.539	4.5298822E-003
0.54	4.1842968E-003
0.541	3.8582964E-003
0.542	3.5601461E-003
0.543	3.3805347E-003
0.544	3.1453839E-003
0.545	2.9561927E-003
0.546	2.8171148E-003
0.547	2.7295961E-003
0.548	2.6999649E-003
0.549	2.6997975E-003
0.55	2.7505627E-003
0.551	2.8488380E-003
0.552	2.9896533E-003
0.553	3.1039419E-003
0.554	3.3026116E-003
0.555	3.5267086E-003
0.556	3.7682198E-003
0.557	4.0190495E-003
0.558	4.2708875E-003
0.559	4.4343653E-003
0.56	4.6700444E-003
0.561	4.8859040E-003
0.562	5.0753700E-003
0.563	5.2329139E-003
0.564	5.3534079E-003
0.565	5.4335161E-003
0.566	5.4705599E-003
0.567	5.4635592E-003
0.568	5.4331752E-003
0.569	5.3530983E-003
0.57	5.2315029E-003
0.571	5.0715795E-003
0.572	4.8774346E-003
0.573	4.6539553E-003
0.574	4.4069281E-003
0.575	4.1421996E-003
0.576	3.8665393E-003
0.577	3.5865935E-003
0.578	3.3090368E-003
0.579	3.0406977E-003
0.58	2.7876582E-003
0.581	2.5557918E-003
0.582	2.3501629E-003
0.583	2.1753411E-003
0.584	2.0344683E-003
0.585	1.9307052E-003
0.586	1.8827554E-003
0.587	1.8433938E-003
0.588	1.8434455E-003
0.589	1.8812418E-003
0.59	1.9883234E-003
0.591	2.1062598E-003
0.592	2.2528144E-003
0.593	2.4233710E-003
0.594	2.6131077E-003
0.595	2.8166107E-003
0.596	3.0283215E-003
0.597	3.2425884E-003
0.598	3.4537062E-003
0.599	3.6561445E-003
0.6	3.8448907E-003
0.601	4.0151356E-003
0.602	4.1624354E-003
0.603	4.2835036E-003
0.604	4.3754401E-003
0.605	4.4353297E-003
0.606	4.4624438E-003
0.607	4.4466807E-003
0.608	4.3953597E-003
0.609	4.3116556E-003
0.61	4.1976520E-003
0.611	4.0557282E-003
0.612	3.8891416E-003
0.613	3.7013111E-003
0.614	3.4967121E-003
0.615	3.2792673E-003
0.616	2.9780818E-003
0.617	2.7492458E-003
0.618	2.5236213E-003
0.619	2.3056779E-003
0.62	2.0998847E-003
0.621	1.9104803E-003
0.622	1.6895105E-003
0.623	1.5514188E-003
0.624	1.4399930E-003
0.625	1.3569178E-003
0.626	1.3037417E-003
0.627	1.2803369E-003
0.628	1.2978289E-003
0.629	1.3447419E-003
0.63	1.4193372E-003
0.631	1.5197056E-003
0.632	1.6893885E-003
0.633	1.8389421E-003
0.634	2.0039249E-003
0.635	2.1806553E-003
0.636	2.4280972E-003
0.637	2.6163606E-003
0.638	2.8027149E-003
0.639	2.9832395E-003
0.64	3.2087981E-003
0.641	3.3610309E-003
0.642	3.4956716E-003
0.643	3.6097523E-003
0.644	3.7271634E-003
0.645	3.7855739E-003
0.646	3.8177469E-003
0.647	3.8196265E-003
0.648	3.7891704E-003
0.649	3.7324864E-003
0.65	3.6182771E-003
0.651	3.5052064E-003
0.652	3.3714308E-003
0.653	3.1654674E-003
0.654	2.9934710E-003
0.655	2.8104226E-003
0.656	2.5551147E-003
0.657	2.3593379E-003
0.658	2.1640770E-003
0.659	1.9110467E-003
0.66	1.7305028E-003
0.661	1.5617182E-003
0.662	1.3602697E-003
0.663	1.2299706E-003
0.664	1.0883417E-003
0.665	1.0081121E-003
0.666	9.5179054E-004
0.667	9.1533933E-004
0.668	9.1700797E-004
0.669	9.5759507E-004
0.67	1.0156254E-003
0.671	1.1277449E-003
0.672	1.2351107E-003
0.673	1.3602715E-003
0.674	1.5509678E-003
0.675	1.7078089E-003
0.676	1.9304053E-003
0.677	2.1028093E-003
0.678	2.3348953E-003
0.679	2.5057243E-003
0.68	2.7246410E-003
0.681	2.8772792E-003
0.682	3.0617847E-003
0.683	3.1816424E-003
0.684	3.3142625E-003
0.685	3.3901036E-003
0.686	3.4588948E-003
0.687	3.4836156E-003
0.688	3.4819872E-003
0.689	3.4535246E-003
0.69	3.3816651E-003
0.691	3.3025867E-003
0.692	3.1672409E-003
0.693	3.0446411E-003
0.694	2.8582141E-003
0.695	2.7030827E-003
0.696	2.4817828E-003
0.697	2.3078267E-003
0.698	2.0713233E-003
0.699	1.8354058E-003
0.7	1.6626653E-003
0.701	1.4436089E-003
0.702	1.2908913E-003
0.703	1.1075828E-003
0.704	9.8785618E-004
0.705	8.5570483E-004
0.706	7.5793150E-004
0.707	7.0877303E-004
0.708	6.7698705E-004
0.709	6.7885587E-004
0.71	7.1509433E-004
0.711	7.8910729E-004
0.712	8.6797681E-004
0.713	1.0019962E-003
0.714	1.1654410E-003
0.715	1.3042327E-003
0.716	1.5074211E-003
0.717	1.7258167E-003
0.718	1.8955484E-003
0.719	2.1258325E-003
0.72	2.3542759E-003
0.721	2.5202504E-003
0.722	2.7308264E-003
0.723	2.9233361E-003
0.724	3.0522048E-003
0.725	3.2011049E-003
0.726	3.3193841E-003
0.727	3.4040955E-003
0.728	3.4436008E-003
0.729	3.4646238E-003
0.73	3.4482742E-003
0.731	3.4109331E-003
0.732	3.3306316E-003
0.733	3.2166142E-003
0.734	3.0713277E-003
0.735	2.9437812E-003
0.736	2.7535912E-003
0.737	2.5441246E-003
0.738	2.3207760E-003
0.739	2.1472638E-003
0.74	1.9133975E-003
0.741	1.6816339E-003
0.742	1.4579338E-003
0.743	1.2478691E-003
0.744	1.1023510E-003
0.745	9.2885300E-004
0.746	7.8274438E-004
0.747	6.6749885E-004
0.748	5.8643776E-004
0.749	5.4151617E-004
0.75	5.3235056E-004
0.751	5.5368157E-004
0.752	6.1274087E-004
0.753	7.0825987E-004
0.754	8.3837518E-004
0.755	1.0000938E-003
0.756	1.1397287E-003
0.757	1.3475307E-003
0.758	1.5754041E-003
0.759	1.8181261E-003
0.76	2.0701350E-003
0.761	2.3256503E-003
0.762	2.5788534E-003
0.763	2.8237004E-003
0.764	3.0549427E-003
0.765	3.2155635E-003
0.766	3.4101971E-003
0.767	3.5777697E-003
0.768	3.7141752E-003
0.769	3.8160833E-003
0.77	3.8815346E-003
0.771	3.9089974E-003
0.772	3.8975412E-003
0.773	3.8475478E-003
0.774	3.7598528E-003
0.775	3.6362433E-003
0.776	3.4799662E-003
0.777	3.2940817E-003
0.778	3.0828319E-003
0.779	2.8508599E-003
0.78	2.6032382E-003
0.781	2.3459059E-003
0.782	2.0845546E-003
0.783	1.8251648E-003
0.784	1.5737335E-003
0.785	1.3361917E-003
0.786	1.1181652E-003
0.787	9.2496618E-004
0.788	7.6141581E-004
0.789	6.3184218E-004
0.79	5.3964404E-004
0.791	4.8770173E-004
0.792	4.7813667E-004
0.793	5.1178195E-004
0.794	5.8909674E-004
0.795	7.0927897E-004
0.796	8.7059144E-004
0.797	1.0707953E-003
0.798	1.3063852E-003
0.799	1.5734091E-003
0.8	1.8670070E-003
0.801	2.1818569E-003
0.802	2.5970326E-003
0.803	2.9379337E-003
0.804	3.2800334E-003
0.805	3.6169589E-003
0.806	3.9413986E-003
0.807	4.2477613E-003
0.808	4.5297681E-003
0.809	4.7816397E-003
0.81	5.0479113E-003
0.811	5.2150027E-003
0.812	5.3381240E-003
0.813	5.4139104E-003
0.814	5.4419199E-003
0.815	5.4205712E-003
0.816	5.3496105E-003
0.817	5.1948815E-003
0.818	5.0188806E-003
0.819	4.8005725E-003
0.82	4.5437203E-003
0.821	4.2538112E-003
0.822	3.8540440E-003
0.823	3.5106498E-003
0.824	3.1546841E-003
0.825	2.7936797E-003
0.826	2.4351815E-003
0.827	2.0028609E-003
0.828	1.6787540E-003
0.829	1.3824803E-003
0.83	1.1217858E-003
0.831	8.5622509E-004
0.832	6.9947203E-004
0.833	5.9875409E-004
0.834	5.5806746E-004
0.835	5.9780548E-004
0.836	7.0499658E-004
0.837	8.8012434E-004
0.838	1.1236495E-003
0.839	1.5224173E-003
0.84	1.9130728E-003
0.841	2.3635908E-003
0.842	3.0034885E-003
0.843	3.5680805E-003
0.844	4.1719857E-003
0.845	4.9698767E-003
0.846	5.6304391E-003
0.847	6.3001029E-003
0.848	7.1377396E-003
0.849	7.7919480E-003
0.85	8.4211230E-003
0.851	9.1602840E-003
0.852	9.6981581E-003
0.853	1.0178677E-002
0.854	1.0689917E-002
0.855	1.1013491E-002
0.856	1.1254514E-002
0.857	1.1435775E-002
0.858	1.1475613E-002
0.859	1.1396421E-002
0.86	1.1224273E-002
0.861	1.0957083E-002
0.862	1.0499153E-002
0.863	1.0035311E-002
0.864	9.3474053E-003
0.865	8.7195858E-003
0.866	8.0347527E-003
0.867	7.1198153E-003
0.868	6.3553778E-003
0.869	5.3868699E-003
0.87	4.6219062E-003
0.871	3.7099125E-003
0.872	3.0387312E-003
0.873	2.4428330E-003
0.874	1.8370415E-003
0.875	1.4887174E-003
0.876	1.2611103E-003
0.877	1.2717128E-003
0.878	1.5595797E-003
0.879	2.0332497E-003
0.88	2.9607459E-003
0.881	3.9905044E-003
0.882	5.6617940E-003
0.883	7.3185093E-003
0.884	9.8060314E-003
0.885	1.2132454E-002
0.886	1.5468528E-002
0.887	1.8473718E-002
0.888	2.2647783E-002
0.889	2.6299287E-002
0.89	3.1249922E-002
0.891	3.6586434E-002
0.892	4.1104957E-002
0.893	4.7038339E-002
0.894	5.1969502E-002
0.895	5.8337644E-002
0.896	6.3541338E-002
0.897	7.0156790E-002
0.898	7.6818548E-002
0.899	8.2135811E-002
0.9	8.8739596E-002
0.901	9.3929827E-002
0.902	1.0027047E-001
0.903	1.0641003E-001
0.904	1.1110397E-001
0.905	1.1673588E-001
0.906	1.2097159E-001
0.907	1.2593023E-001
0.908	1.3049726E-001
0.909	1.3380562E-001
0.91	1.3757032E-001
0.911	1.4084528E-001
0.912	1.4310487E-001
0.913	1.4548208E-001
0.914	1.4737865E-001
0.915	1.4849629E-001
0.916	1.4946847E-001
0.917	1.4993444E-001
0.918	1.4993948E-001
0.919	1.4952999E-001
0.92	1.4861941E-001
0.921	1.4757004E-001
0.922	1.4583568E-001
0.923	1.4368851E-001
0.924	1.4111353E-001
0.925	1.3875277E-001
0.926	1.3548717E-001
0.927	1.3187212E-001
0.928	1.2792718E-001
0.929	1.2453883E-001
0.93	1.2007591E-001
0.931	1.1536628E-001
0.932	1.1042643E-001
0.933	1.0633890E-001
0.934	1.0108536E-001
0.935	9.5717445E-002
0.936	9.0235896E-002
0.937	8.5796721E-002
0.938	8.0225758E-002
0.939	7.4663751E-002
0.94	6.9118425E-002
0.941	6.3642673E-002
0.942	5.9318531E-002
0.943	5.4035909E-002
0.944	4.8899658E-002
0.945	4.3945961E-002
0.946	3.9194055E-002
0.947	3.4674831E-002
0.948	3.1233354E-002
0.949	2.7181745E-002
0.95	2.3407076E-002
0.951	1.9929012E-002
0.952	1.6753146E-002
0.953	1.3887704E-002
0.954	1.1332612E-002
0.955	9.5098559E-003
0.956	7.5082332E-003
0.957	5.8041560E-003
0.958	4.3862243E-003
0.959	3.2403436E-003
0.96	2.3501150E-003
0.961	1.6967189E-003
0.962	1.2597063E-003
0.963	1.0165814E-003
0.964	9.4612804E-004
0.965	1.0235936E-003
0.966	1.1768627E-003
0.967	1.4632880E-003
0.968	1.8337676E-003
0.969	2.2670040E-003
0.97	2.7422677E-003
0.971	3.2407450E-003
0.972	3.7447037E-003
0.973	4.2389599E-003
0.974	4.7092028E-003
0.975	5.1435865E-003
0.976	5.5328659E-003
0.977	5.8683385E-003
0.978	6.1446331E-003
0.979	6.3565932E-003
0.98	6.5020570E-003
0.981	6.5803062E-003
0.982	6.5916427E-003
0.983	6.5383716E-003
0.984	6.4235469E-003
0.985	6.2509789E-003
0.986	6.0271923E-003
0.987	5.7566720E-003
0.988	5.4463660E-003
0.989	5.1026922E-003
0.99	4.7336211E-003
0.991	4.3459409E-003
0.992	3.8671570E-003
0.993	3.4636983E-003
0.994	3.0639211E-003
0.995	2.6740816E-003
0.996	2.3003025E-003
0.997	1.9475624E-003
0.998	1.6204197E-003
0.999	1.3227137E-003
1	1.0575840E-003
1.001	8.2741806E-004
1.002	6.3385000E-004
1.003	4.5105594E-004
1.004	3.3984421E-004
1.005	2.6549122E-004
1.006	2.2651293E-004
1.007	2.2106373E-004
1.008	2.4676489E-004
1.009	3.0061070E-004
1.01	3.9796179E-004
1.011	5.0207833E-004
1.012	6.2315841E-004
1.013	7.5726287E-004
1.014	9.0049405E-004
1.015	1.0489593E-003
1.016	1.2290131E-003
1.017	1.3760710E-003
1.018	1.5171249E-003
1.019	1.6489814E-003
1.02	1.7691685E-003
1.021	1.8948771E-003
1.022	1.9814849E-003
1.023	2.0504678E-003
1.024	2.1005056E-003
1.025	2.1353092E-003
1.026	2.1423863E-003
1.027	2.1302796E-003
1.028	2.0992276E-003
1.029	2.0390062E-003
1.03	1.9706036E-003
1.031	1.8871936E-003
1.032	1.7911113E-003
1.033	1.6616648E-003
1.034	1.5440348E-003
1.035	1.4201958E-003
1.036	1.2665093E-003
1.037	1.1365669E-003
1.038	1.0074346E-003
1.039	8.8108634E-004
1.04	7.3611416E-004
1.041	6.2265707E-004
1.042	5.1771326E-004
1.043	4.0502902E-004
1.044	3.2329766E-004
1.045	2.5366383E-004
1.046	1.8699630E-004
1.047	1.4577572E-004
1.048	1.1777828E-004
1.049	1.0139477E-004
1.05	1.0159373E-004
1.051	1.1748228E-004
1.052	1.4276299E-004
1.053	1.7792993E-004
1.054	2.3156665E-004
1.055	2.8424236E-004
1.056	3.4271719E-004
1.057	4.1861116E-004
1.058	4.8478736E-004
1.059	5.6576857E-004
1.06	6.3270208E-004
1.061	6.9778523E-004
1.062	7.7174127E-004
1.063	8.2839665E-004
1.064	8.8917930E-004
1.065	9.2835567E-004
1.066	9.7172335E-004
1.067	9.9903718E-004
1.068	1.0209455E-003
1.069	1.0297000E-003
1.07	1.0289776E-003
1.071	1.0189913E-003
1.072	1.0008340E-003
1.073	9.6905266E-004
1.074	9.3466556E-004
1.075	8.8525342E-004
1.076	8.3782710E-004
1.077	7.7516836E-004
1.078	7.1899500E-004
1.079	6.4851728E-004
1.08	5.8811897E-004
1.081	5.1546918E-004
1.082	4.4390504E-004
1.083	3.8622823E-004
1.084	3.2078096E-004
1.085	2.7017211E-004
1.086	2.1531626E-004
1.087	1.7507531E-004
1.088	1.3417547E-004
1.089	1.0659526E-004
1.09	8.1717291E-005
1.091	6.7916706E-005
1.092	5.9734601E-005
1.093	6.0443530E-005
1.094	6.7544890E-005
1.095	8.3377148E-005
1.096	1.0213336E-004
1.097	1.3059362E-004
1.098	1.6458151E-004
1.099	1.9629858E-004
1.1	2.3749785E-004
1.101	2.7357342E-004
1.102	3.1795027E-004
1.103	3.6238058E-004
1.104	3.9850661E-004
1.105	4.3996767E-004
1.106	4.7832570E-004
1.107	5.0718890E-004
1.108	5.3752487E-004
1.109	5.6240772E-004
1.11	5.7859701E-004
1.111	5.9231889E-004
1.112	5.9951830E-004
1.113	6.0035964E-004
1.114	5.9547677E-004
1.115	5.8423611E-004
1.116	5.7014695E-004
1.117	5.4822257E-004
1.118	5.2125257E-004
1.119	4.8987416E-004
1.12	4.6088221E-004
1.121	4.2350529E-004
1.122	3.8404809E-004
1.123	3.5016576E-004
1.124	3.0922788E-004
1.125	2.6871951E-004
1.126	2.2952458E-004
1.127	1.9839632E-004
1.128	1.6360666E-004
1.129	1.3220159E-004
1.13	1.0474236E-004
1.131	8.1705279E-005
1.132	6.6132045E-005
1.133	5.2041989E-005
1.134	4.3092856E-005
1.135	3.9282437E-005
1.136	4.0532388E-005
1.137	4.5288973E-005
1.138	5.5211709E-005
1.139	6.9357833E-005
1.14	8.7250388E-005
1.141	1.0835256E-004
1.142	1.2793427E-004
1.143	1.5332272E-004
1.144	1.8012447E-004
1.145	2.0764922E-004
1.146	2.3522082E-004
1.147	2.6218322E-004
1.148	2.8787641E-004
1.149	3.0787394E-004
1.15	3.2977274E-004
1.151	3.4892606E-004
1.152	3.6489862E-004
1.153	3.7733465E-004
1.154	3.8604578E-004
1.155	3.9082035E-004
1.156	3.9162382E-004
1.157	3.8850697E-004
1.158	3.8289599E-004
1.159	3.7285080E-004
1.16	3.5939080E-004
1.161	3.4280325E-004
1.162	3.2353398E-004
1.163	3.0191900E-004
1.164	2.7850512E-004
1.165	2.5376061E-004
1.166	2.2822573E-004
1.167	2.0244070E-004
1.168	1.7688739E-004
1.169	1.5211571E-004
1.17	1.2859107E-004
1.171	1.0676063E-004
1.172	8.7013599E-005
1.173	6.9706213E-005
1.174	5.5116143E-005
1.175	4.3479642E-005
1.176	3.4951721E-005
1.177	2.9613295E-005
1.178	2.7501139E-005
1.179	2.8561073E-005
1.18	3.2681670E-005
1.181	3.9684452E-005
1.182	4.9349477E-005
1.183	6.1392078E-005
1.184	7.5485943E-005
1.185	9.1273861E-005
1.186	1.0836811E-004
1.187	1.2636313E-004
1.188	1.4484079E-004
1.189	1.6339211E-004
1.19	1.8158679E-004
1.191	2.0188763E-004
1.192	2.1799721E-004
1.193	2.3262629E-004
1.194	2.4543607E-004
1.195	2.5618169E-004
1.196	2.6465947E-004
1.197	2.7070782E-004
1.198	2.7422988E-004
1.199	2.7516810E-004
1.2	2.7305685E-004
1.201	2.6848094E-004
1.202	2.6150391E-004
1.203	2.5229767E-004
1.204	2.4105006E-004
1.205	2.2802713E-004
1.206	2.1345254E-004
1.207	1.9497737E-004
1.208	1.7816949E-004
1.209	1.6082323E-004
1.21	1.4329219E-004
1.211	1.2590835E-004
1.212	1.0899269E-004
1.213	9.0282316E-005
1.214	7.5421165E-005
1.215	6.1930783E-005
1.216	5.0039867E-005
1.217	3.8454229E-005
1.218	3.0635871E-005
1.219	2.4892250E-005
1.22	2.1274616E-005
1.221	1.9815108E-005
1.222	2.0811614E-005
1.223	2.3887696E-005
1.224	2.8913641E-005
1.225	3.5734029E-005
1.226	4.5740748E-005
1.227	5.5819972E-005
1.228	6.7048117E-005
1.229	8.1277583E-005
1.23	9.4119372E-005
1.231	1.0727681E-004
1.232	1.2047097E-004
1.233	1.3559184E-004
1.234	1.4797389E-004
1.235	1.5957493E-004
1.236	1.7187053E-004
1.237	1.8105085E-004
1.238	1.8885087E-004
1.239	1.9600164E-004
1.24	2.0030551E-004
1.241	2.0285735E-004
1.242	2.0362448E-004
1.243	2.0233542E-004
1.244	1.9931188E-004
1.245	1.9370053E-004
1.246	1.8718229E-004
1.247	1.7924375E-004
1.248	1.6842320E-004
1.249	1.5796733E-004
1.25	1.4474352E-004
1.251	1.3270858E-004
1.252	1.2029120E-004
1.253	1.0563603E-004
1.254	9.3155737E-005
1.255	7.9026198E-005
1.256	6.7502835E-005
1.257	5.6735746E-005
1.258	4.5379569E-005
1.259	3.6837253E-005
1.26	2.8465905E-005
1.261	2.2761453E-005
1.262	1.7946410E-005
1.263	1.5434945E-005
1.264	1.4443022E-005
1.265	1.5186598E-005
1.266	1.7399725E-005
1.267	2.1728118E-005
1.268	2.6821965E-005
1.269	3.4220324E-005
1.27	4.1639727E-005
1.271	5.1350224E-005
1.272	6.0362556E-005
1.273	7.1457565E-005
1.274	8.1222170E-005
1.275	9.2682894E-005
1.276	1.0232473E-004
1.277	1.1314455E-004
1.278	1.2182871E-004
1.279	1.3108122E-004
1.28	1.3806291E-004
1.281	1.4499036E-004
1.282	1.5039634E-004
1.283	1.5372432E-004
1.284	1.5607162E-004
1.285	1.5666416E-004
1.286	1.5577074E-004
1.287	1.5361171E-004
1.288	1.4960168E-004
1.289	1.4405261E-004
1.29	1.3815082E-004
1.291	1.3014104E-004
1.292	1.2241372E-004
1.293	1.1261203E-004
1.294	1.0218689E-004
1.295	9.2908034E-005
1.296	8.1946528E-005
1.297	7.2589712E-005
1.298	6.1960091E-005
1.299	5.1846087E-005
1.3	4.3747645E-005
1.301	3.5162688E-005
1.302	2.7666292E-005
1.303	2.2212374E-005
1.304	1.7107530E-005
1.305	1.3435955E-005
1.306	1.1464940E-005
1.307	1.0573836E-005
1.308	1.1178317E-005
1.309	1.2852098E-005
1.31	1.6100536E-005
1.311	2.0632260E-005
1.312	2.5441650E-005
1.313	3.1997606E-005
1.314	3.9407558E-005
1.315	4.7478912E-005
1.316	5.4760992E-005
1.317	6.3520849E-005
1.318	7.2340903E-005
1.319	7.9787300E-005
1.32	8.8174536E-005
1.321	9.6044649E-005
1.322	1.0322604E-004
1.323	1.0868578E-004
1.324	1.1416154E-004
1.325	1.1853029E-004
1.326	1.2171515E-004
1.327	1.2364268E-004
1.328	1.2424617E-004
1.329	1.2376613E-004
1.33	1.2199964E-004
1.331	1.1900802E-004
1.332	1.1484764E-004
1.333	1.1042489E-004
1.334	1.0440108E-004
1.335	9.7557342E-005
1.336	9.0044232E-005
1.337	8.2040780E-005
1.338	7.4899501E-005
1.339	6.6437759E-005
1.34	5.7994075E-005
1.341	4.9737184E-005
1.342	4.1848180E-005
1.343	3.4484932E-005
1.344	2.7796808E-005
1.345	2.2696739E-005
1.346	1.7595647E-005
1.347	1.3493493E-005
1.348	1.0460011E-005
1.349	8.5396541E-006
1.35	7.7593158E-006
1.351	8.1114495E-006
1.352	9.5731830E-006
1.353	1.2089971E-005
1.354	1.5592605E-005
1.355	1.9304678E-005
1.356	2.4373543E-005
1.357	3.0115320E-005
1.358	3.6393820E-005
1.359	4.3061020E-005
1.36	4.9966005E-005
1.361	5.6950277E-005
1.362	6.3861378E-005
1.363	7.0542053E-005
1.364	7.6850374E-005
1.365	8.2657134E-005
1.366	8.7826535E-005
1.367	9.2264585E-005
1.368	9.5859417E-005
1.369	9.8565695E-005
1.37	1.0031053E-004
1.371	1.0107039E-004
1.372	1.0084917E-004
1.373	9.9625991E-005
1.374	9.7454751E-005
1.375	9.4370509E-005
1.376	9.0453628E-005
1.377	8.5790845E-005
1.378	8.0472440E-005
1.379	7.4617252E-005
1.38	6.8347588E-005
1.381	6.1789731E-005
1.382	5.5082353E-005
1.383	4.8352274E-005
1.384	4.1744192E-005
1.385	3.5381127E-005
1.386	2.8572966E-005
1.387	2.3143159E-005
1.388	1.8315959E-005
1.389	1.4178753E-005
1.39	1.0804601E-005
1.391	8.2488332E-006
1.392	6.5533013E-006
1.393	5.7385896E-006
1.394	5.8057435E-006
1.395	6.7433839E-006
1.396	8.8394409E-006
1.397	1.1511725E-005
1.398	1.4897419E-005
1.399	1.8917563E-005
1.4	2.3481824E-005
1.401	2.8488672E-005
1.402	3.4224184E-005
1.403	3.9795028E-005
1.404	4.5459648E-005
1.405	5.1098592E-005
1.406	5.6597033E-005
1.407	6.1841536E-005
1.408	6.7406159E-005
1.409	7.1765244E-005
1.41	7.5569216E-005
1.411	7.8750476E-005
1.412	8.1237755E-005
1.413	8.3187966E-005
1.414	8.4063366E-005
1.415	8.4154104E-005
1.416	8.3471670E-005
1.417	8.1760787E-005
1.418	7.9474594E-005
1.419	7.6510863E-005
1.42	7.2930132E-005
1.421	6.8190238E-005
1.422	6.3542881E-005
1.423	5.8533715E-005
1.424	5.3267653E-005
1.425	4.7063106E-005
1.426	4.1579631E-005
1.427	3.6153211E-005
1.428	3.0889969E-005
1.429	2.5202735E-005
1.43	2.0604635E-005
1.431	1.6450760E-005
1.432	1.2343659E-005
1.433	9.3728886E-006
1.434	7.0380629E-006
1.435	5.1939510E-006
1.436	4.3253967E-006
1.437	4.1611602E-006
1.438	4.8283068E-006
1.439	6.1374813E-006
1.44	8.0867931E-006
1.441	1.1046412E-005
1.442	1.4206004E-005
1.443	1.8385461E-005
1.444	2.2447999E-005
1.445	2.6808004E-005
1.446	3.2044674E-005
1.447	3.6738125E-005
1.448	4.1449628E-005
1.449	4.6736986E-005
1.45	5.1172381E-005
1.451	5.5921737E-005
1.452	5.9699676E-005
1.453	6.3510488E-005
1.454	6.6306922E-005
1.455	6.8566442E-005
1.456	7.0445501E-005
1.457	7.1424969E-005
1.458	7.1789320E-005
1.459	7.1413175E-005
1.46	7.0237023E-005
1.461	6.8563713E-005
1.462	6.5964974E-005
1.463	6.3127467E-005
1.464	5.9340247E-005
1.465	5.5595283E-005
1.466	5.0933028E-005
1.467	4.6595400E-005
1.468	4.1455358E-005
1.469	3.6879796E-005
1.47	3.2324515E-005
1.471	2.7247002E-005
1.472	2.2412883E-005
1.473	1.8465857E-005
1.474	1.4376110E-005
1.475	1.1227598E-005
1.476	8.1955350E-006
1.477	6.0805378E-006
1.478	4.3265140E-006
1.479	3.3931585E-006
1.48	3.0311567E-006
1.481	3.3277222E-006
1.482	4.3552795E-006
1.483	6.0842171E-006
1.484	8.1323351E-006
1.485	1.1033475E-005
1.486	1.4001193E-005
1.487	1.7812994E-005
1.488	2.1978149E-005
1.489	2.5829862E-005
1.49	3.0381156E-005
1.491	3.4402241E-005
1.492	3.8958755E-005
1.493	4.3367054E-005
1.494	4.7009315E-005
1.495	5.0860272E-005
1.496	5.4287149E-005
1.497	5.6873359E-005
1.498	5.9304115E-005
1.499	6.0918104E-005
1.5	6.2165163E-005
1.501	6.2739979E-005
1.502	6.2672516E-005
1.503	6.1966864E-005
1.504	6.0599032E-005
1.505	5.8604517E-005
1.506	5.6375138E-005
1.507	5.3340500E-005
1.508	4.9844177E-005
1.509	4.6470097E-005
1.51	4.2341235E-005
1.511	3.7999489E-005
1.512	3.3544915E-005
1.513	2.9625526E-005
1.514	2.5223586E-005
1.515	2.0985597E-005
1.516	1.7484079E-005
1.517	1.3798750E-005
1.518	1.0523539E-005
1.519	7.7263721E-006
1.52	5.7135971E-006
1.521	3.9541874E-006
1.522	2.8019815E-006
1.523	2.2772588E-006
1.524	2.3828752E-006
1.525	2.9881467E-006
1.526	4.2471970E-006
1.527	6.0785110E-006
1.528	8.4373214E-006
1.529	1.1266281E-005
1.53	1.4073120E-005
1.531	1.7599774E-005
1.532	2.1383499E-005
1.533	2.5343346E-005
1.534	2.9384941E-005
1.535	3.3424469E-005
1.536	3.6880156E-005
1.537	4.0672832E-005
1.538	4.4211385E-005
1.539	4.7425263E-005
1.54	5.0242706E-005
1.541	5.2605392E-005
1.542	5.4461336E-005
1.543	5.5634948E-005
1.544	5.6445686E-005
1.545	5.6683668E-005
1.546	5.6327492E-005
1.547	5.5397919E-005
1.548	5.3914966E-005
1.549	5.1908588E-005
1.55	4.9423619E-005
1.551	4.6521665E-005
1.552	4.3252923E-005
1.553	3.9695769E-005
1.554	3.5924200E-005
1.555	3.2503587E-005
1.556	2.8544955E-005
1.557	2.4602805E-005
1.558	2.0762458E-005
1.559	1.7099863E-005
1.56	1.3692321E-005
1.561	1.0607238E-005
1.562	7.9061947E-006
1.563	5.6444228E-006
1.564	3.8651356E-006
1.565	2.6023847E-006
1.566	1.8789593E-006
1.567	1.7071095E-006
1.568	2.0876575E-006
1.569	3.0078254E-006
1.57	4.4466501E-006
1.571	6.3715524E-006
1.572	8.7399403E-006
1.573	1.1499740E-005
1.574	1.4592953E-005
1.575	1.7952721E-005
1.576	2.1509821E-005
1.577	2.5658825E-005
1.578	2.9385954E-005
1.579	3.3072960E-005
1.58	3.6641486E-005
1.581	4.0023220E-005
1.582	4.3145232E-005
1.583	4.5952809E-005
1.584	4.8376642E-005
1.585	5.0378279E-005
1.586	5.1915162E-005
1.587	5.2952844E-005
1.588	5.3480180E-005
1.589	5.3453670E-005
1.59	5.2868229E-005
1.591	5.1773284E-005
1.592	5.0186671E-005
1.593	4.8287595E-005
1.594	4.5864424E-005
1.595	4.3071108E-005
1.596	3.9570587E-005
1.597	3.6197740E-005
1.598	3.2649892E-005
1.599	2.9003671E-005
1.6	2.5329466E-005
1.601	2.1697582E-005
1.602	1.7757013E-005
1.603	1.4454886E-005
1.604	1.1411680E-005
1.605	8.6856298E-006
1.606	6.3310695E-006
1.607	4.1833619E-006
1.608	2.7592571E-006
1.609	1.8204721E-006
1.61	1.3853528E-006
1.611	1.4628148E-006
1.612	2.1589208E-006
1.613	3.3045408E-006
1.614	4.9235196E-006
1.615	6.9842763E-006
1.616	9.7814309E-006
1.617	1.2637675E-005
1.618	1.5785889E-005
1.619	1.9164492E-005
1.62	2.3164213E-005
1.621	2.6815638E-005
1.622	3.0483605E-005
1.623	3.4552992E-005
1.624	3.8032751E-005
1.625	4.1312760E-005
1.626	4.4339246E-005
1.627	4.7370570E-005
1.628	4.9661230E-005
1.629	5.1540330E-005
1.63	5.3118274E-005
1.631	5.3999564E-005
1.632	5.4383756E-005
1.633	5.4225926E-005
1.634	5.3537166E-005
1.635	5.2188123E-005
1.636	5.0490180E-005
1.637	4.8361329E-005
1.638	4.5503053E-005
1.639	4.2598178E-005
1.64	3.9413764E-005
1.641	3.5568730E-005
1.642	3.1988020E-005
1.643	2.8323722E-005
1.644	2.4197934E-005
1.645	2.0593829E-005
1.646	1.6706941E-005
1.647	1.3471104E-005
1.648	1.0161620E-005
1.649	7.5734765E-006
1.65	5.3741278E-006
1.651	3.4173929E-006
1.652	2.1766964E-006
1.653	1.3793439E-006
1.654	1.2185342E-006
1.655	1.6659818E-006
1.656	2.6163145E-006
1.657	4.2930824E-006
1.658	6.2958939E-006
1.659	9.0868625E-006
1.66	1.1996569E-005
1.661	1.5260846E-005
1.662	1.9291561E-005
1.663	2.3119172E-005
1.664	2.7620246E-005
1.665	3.1714157E-005
1.666	3.6335390E-005
1.667	4.0372728E-005
1.668	4.4749700E-005
1.669	4.8857648E-005
1.67	5.2198538E-005
1.671	5.5542107E-005
1.672	5.8077123E-005
1.673	6.0386781E-005
1.674	6.1902720E-005
1.675	6.2993240E-005
1.676	6.3370935E-005
1.677	6.3134103E-005
1.678	6.2330226E-005
1.679	6.0790670E-005
1.68	5.8585185E-005
1.681	5.6105724E-005
1.682	5.2806707E-005
1.683	4.9461109E-005
1.684	4.5319499E-005
1.685	4.0862331E-005
1.686	3.6717018E-005
1.687	3.1950774E-005
1.688	2.7703283E-005
1.689	2.3020961E-005
1.69	1.8547826E-005
1.691	1.4832447E-005
1.692	1.1047736E-005
1.693	7.7721779E-006
1.694	5.3607164E-006
1.695	3.2829823E-006
1.696	1.9403394E-006
1.697	1.4072704E-006
1.698	1.5833634E-006
1.699	2.6026539E-006
1.7	4.2182492E-006
1.701	6.8248823E-006
1.702	1.0238551E-005
1.703	1.3909764E-005
1.704	1.8705148E-005
1.705	2.4130120E-005
1.706	3.0092066E-005
1.707	3.5750378E-005
1.708	4.2432101E-005
1.709	4.9318685E-005
1.71	5.5499182E-005
1.711	6.2421990E-005
1.712	6.9162394E-005
1.713	7.5591590E-005
1.714	8.0930120E-005
1.715	8.6419546E-005
1.716	9.1231297E-005
1.717	9.5270974E-005
1.718	9.8426441E-005
1.719	1.0043148E-004
1.72	1.0174424E-004
1.721	1.0201104E-004
1.722	1.0121735E-004
1.723	9.9341720E-005
1.724	9.6784053E-005
1.725	9.2977541E-005
1.726	8.8225504E-005
1.727	8.2608145E-005
1.728	7.6244636E-005
1.729	7.0056813E-005
1.73	6.2642088E-005
1.731	5.4908491E-005
1.732	4.7455214E-005
1.733	3.9609484E-005
1.734	3.1994285E-005
1.735	2.4821657E-005
1.736	1.8990480E-005
1.737	1.3242862E-005
1.738	8.5591037E-006
1.739	5.1512716E-006
1.74	3.2201581E-006
1.741	2.9570108E-006
1.742	4.5440638E-006
1.743	8.1418684E-006
1.744	1.3140133E-005
1.745	2.0906842E-005
1.746	3.1038770E-005
1.747	4.3610609E-005
1.748	5.8667207E-005
1.749	7.6238728E-005
1.75	9.6314005E-005
1.751	1.1884805E-004
1.752	1.4377717E-004
1.753	1.7102483E-004
1.754	2.0042773E-004
1.755	2.3186297E-004
1.756	2.6514989E-004
1.757	3.0010642E-004
1.758	3.3650265E-004
1.759	3.7405448E-004
1.76	4.1251467E-004
1.761	4.5169739E-004
1.762	4.9119332E-004
1.763	5.3076062E-004
1.764	5.7010987E-004
1.765	6.0899521E-004
1.766	6.4707134E-004
1.767	6.8397046E-004
1.768	7.1948796E-004
1.769	7.5339852E-004
1.77	7.8528147E-004
1.771	8.1501593E-004
1.772	8.4237155E-004
1.773	8.6719653E-004
1.774	8.8911410E-004
1.775	9.0820907E-004
1.776	9.2412770E-004
1.777	9.3691179E-004
1.778	9.4648777E-004
1.779	9.5343008E-004
1.78	9.5590838E-004
1.781	9.5517683E-004
1.782	9.5108023E-004
1.783	9.4377599E-004
1.784	9.3334168E-004
1.785	9.1996440E-004
1.786	9.0364687E-004
1.787	8.8466762E-004
1.788	8.6066202E-004
1.789	8.3643390E-004
1.79	8.1018772E-004
1.791	7.8190165E-004
1.792	7.5193663E-004
1.793	7.2054530E-004
1.794	6.8798166E-004
1.795	6.5075175E-004
1.796	6.1633746E-004
1.797	5.8146735E-004
1.798	5.4633326E-004
1.799	5.1121862E-004
1.8	4.7250136E-004
1.801	4.3800316E-004
1.802	4.0415142E-004
1.803	3.7106380E-004
1.804	3.3892720E-004
1.805	3.0458233E-004
1.806	2.7495812E-004
1.807	2.4666716E-004
1.808	2.1983315E-004
1.809	1.9187645E-004
1.81	1.6835822E-004
1.811	1.4647374E-004
1.812	1.2627825E-004
1.813	1.0580757E-004
1.814	8.9138019E-005
1.815	7.4121155E-005
1.816	6.0713668E-005
1.817	4.7670990E-005
1.818	3.7512018E-005
1.819	2.8792521E-005
1.82	2.0704712E-005
1.821	1.4761586E-005
1.822	9.9982617E-006
1.823	6.3220846E-006
1.824	3.3944930E-006
1.825	1.6910335E-006
1.826	7.6838802E-007
1.827	5.4050082E-007
1.828	9.4638381E-007
1.829	1.8336963E-006
1.83	3.2754012E-006
1.831	4.8887719E-006
1.832	6.7180044E-006
1.833	8.9132691E-006
1.834	1.0961521E-005
1.835	1.3240354E-005
1.836	1.5230999E-005
1.837	1.7119110E-005
1.838	1.9045678E-005
1.839	2.0589847E-005
1.84	2.2061216E-005
1.841	2.3140978E-005
1.842	2.3981367E-005
1.843	2.4621806E-005
1.844	2.4930730E-005
1.845	2.4989466E-005
1.846	2.4796707E-005
1.847	2.4377494E-005
1.848	2.3672244E-005
1.849	2.2830180E-005
1.85	2.1700596E-005
1.851	2.0531264E-005
1.852	1.9094141E-005
1.853	1.7700790E-005
1.854	1.6079515E-005
1.855	1.4577498E-005
1.856	1.2894715E-005
1.857	1.1389277E-005
1.858	9.7594402E-006
1.859	8.3492705E-006
1.86	6.8713498E-006
1.861	5.6347953E-006
1.862	4.3848240E-006
1.863	3.3814158E-006
1.864	2.4136839E-006
1.865	1.6797106E-006
1.866	1.0217199E-006
1.867	5.7134548E-007
1.868	2.2712830E-007
1.869	5.3590497E-008
1.87	4.9324234E-009
1.871	8.2575646E-008
1.872	2.9228582E-007
1.873	6.1821333E-007
1.874	9.9758518E-007
1.875	1.4995162E-006
1.876	2.0092834E-006
1.877	2.6237303E-006
1.878	3.2711278E-006
1.879	3.8673734E-006
1.88	4.5287566E-006
1.881	5.1096995E-006
1.882	5.7263483E-006
1.883	6.2980976E-006
1.884	6.7636074E-006
1.885	7.2188718E-006
1.886	7.5632779E-006
1.887	7.8684961E-006
1.888	8.0872305E-006
1.889	8.2067909E-006
1.89	8.2555662E-006
1.891	8.2130691E-006
1.892	8.0995460E-006
1.893	7.8963767E-006
1.894	7.6145575E-006
1.895	7.3002911E-006
1.896	6.8931740E-006
1.897	6.4321798E-006
1.898	5.9795248E-006
1.899	5.4460288E-006
1.9	4.8904508E-006
1.901	4.3240511E-006
1.902	3.8133905E-006
1.903	3.2560176E-006
1.904	2.7187427E-006
1.905	2.2601171E-006
1.906	1.7870578E-006
1.907	1.3598308E-006
1.908	9.8474300E-007
1.909	6.9628220E-007
1.91	4.3475771E-007
1.911	2.3782574E-007
1.912	1.0723311E-007
1.913	4.6651060E-008
1.914	4.1746439E-008
1.915	1.0023860E-007
1.916	2.1872646E-007
1.917	3.9272831E-007
1.918	5.9225999E-007
1.919	8.5582332E-007
1.92	1.1564590E-006
1.921	1.4872138E-006
1.922	1.8393016E-006
1.923	2.2048837E-006
1.924	2.5383824E-006
1.925	2.9067596E-006
1.926	3.2647490E-006
1.927	3.6055410E-006
1.928	3.9208967E-006
1.929	4.2050856E-006
1.93	4.4290418E-006
1.931	4.6390301E-006
1.932	4.8038683E-006
1.933	4.9207169E-006
1.934	4.9875830E-006
1.935	5.0037870E-006
1.936	4.9693076E-006
1.937	4.8854054E-006
1.938	4.7690351E-006
1.939	4.6075156E-006
1.94	4.3979171E-006
1.941	4.1521007E-006
1.942	3.8753042E-006
1.943	3.5736468E-006
1.944	3.2523737E-006
1.945	2.9183395E-006
1.946	2.5782624E-006
1.947	2.2386810E-006
1.948	1.9061210E-006
1.949	1.5868368E-006
1.95	1.2868088E-006
1.951	1.0115286E-006
1.952	7.6556705E-007
1.953	5.5328650E-007
1.954	3.7822500E-007
1.955	2.4302329E-007
1.956	1.4962485E-007
1.957	9.9038076E-008
1.958	9.1444804E-008
1.959	1.2618304E-007
1.96	2.0172737E-007
1.961	3.1583579E-007
1.962	4.6546384E-007
1.963	6.4720990E-007
1.964	8.5644473E-007
1.965	1.0887771E-006
1.966	1.3389380E-006
1.967	1.6015537E-006
1.968	1.8713239E-006
1.969	2.1423330E-006
1.97	2.4092406E-006
1.971	2.6665123E-006
1.972	2.9090156E-006
1.973	3.1322047E-006
1.974	3.3318840E-006
1.975	3.5035605E-006
1.976	3.6442068E-006
1.977	3.7605807E-006
1.978	3.8289795E-006
1.979	3.8606486E-006
1.98	3.8554208E-006
1.981	3.8135465E-006
1.982	3.7361231E-006
1.983	3.6247450E-006
1.984	3.4820480E-006
1.985	3.2923310E-006
1.986	3.0940841E-006
1.987	2.8748491E-006
1.988	2.6392665E-006
1.989	2.3917560E-006
1.99	2.1375051E-006
1.991	1.8809869E-006
1.992	1.6022605E-006
1.993	1.3569514E-006
1.994	1.1241028E-006
1.995	9.0796078E-007
1.996	7.1235758E-007
1.997	5.2503356E-007
1.998	3.8318561E-007
1.999	2.7090829E-007
2	1.8989984E-007
2.001	1.4128295E-007
2.002	1.2587434E-007
2.003	1.4609350E-007
2.004	1.9833197E-007
2.005	2.8111188E-007
2.006	4.0484065E-007
2.007	5.4443677E-007
2.008	7.0669512E-007
2.009	8.8825016E-007
2.01	1.1056800E-006
2.011	1.3151123E-006
2.012	1.5314032E-006
2.013	1.7721848E-006
2.014	1.9889692E-006
2.015	2.1994206E-006
2.016	2.3994101E-006
2.017	2.6031155E-006
2.018	2.7693432E-006
2.019	2.9144419E-006
2.02	3.0466463E-006
2.021	3.1392908E-006
2.022	3.2020878E-006
2.023	3.2418766E-006
2.024	3.2470020E-006
2.025	3.2229696E-006
2.026	3.1634086E-006
2.027	3.0804404E-006
2.028	2.9716994E-006
2.029	2.8248805E-006
2.03	2.6695043E-006
2.031	2.4784040E-006
2.032	2.2897350E-006
2.033	2.0905281E-006
2.034	1.8637040E-006
2.035	1.6546451E-006
2.036	1.4467859E-006
2.037	1.2240631E-006
2.038	1.0308939E-006
2.039	8.3279139E-007
2.04	6.6950537E-007
2.041	5.1130286E-007
2.042	3.8992982E-007
2.043	2.9194749E-007
2.044	2.1293285E-007
2.045	1.6842125E-007
2.046	1.5015596E-007
2.047	1.6145144E-007
2.048	2.0393598E-007
2.049	2.6883018E-007
2.05	3.6721744E-007
2.051	4.7920770E-007
2.052	6.2427057E-007
2.053	7.7325171E-007
2.054	9.5219940E-007
2.055	1.1251904E-006
2.056	1.3227603E-006
2.057	1.5052705E-006
2.058	1.7049699E-006
2.059	1.8818112E-006
2.06	2.0672769E-006
2.061	2.2242320E-006
2.062	2.3805922E-006
2.063	2.5050974E-006
2.064	2.6201026E-006
2.065	2.7023618E-006
2.066	2.7671954E-006
2.067	2.8012921E-006
2.068	2.8113338E-006
2.069	2.7921135E-006
2.07	2.7497410E-006
2.071	2.6770226E-006
2.072	2.5885390E-006
2.073	2.4686215E-006
2.074	2.3413045E-006
2.075	2.1841358E-006
2.076	2.0122834E-006
2.077	1.8464417E-006
2.078	1.6572984E-006
2.079	1.4823196E-006
2.08	1.2906497E-006
2.081	1.1034818E-006
2.082	9.4064774E-007
2.083	7.7296306E-007
2.084	6.2058774E-007
2.085	4.9789804E-007
2.086	3.8293021E-007
2.087	2.9093457E-007
2.088	2.2865619E-007
2.089	1.8488552E-007
2.09	1.6752139E-007
2.091	1.7473752E-007
2.092	2.0752414E-007
2.093	2.6533351E-007
2.094	3.3840698E-007
2.095	4.3936822E-007
2.096	5.5374397E-007
2.097	6.8977579E-007
2.098	8.2526117E-007
2.099	9.8408930E-007
2.1	1.1497866E-006
2.101	1.3033080E-006
2.102	1.4719369E-006
2.103	1.6367740E-006
2.104	1.7942366E-006
2.105	1.9281310E-006
2.106	2.0622454E-006
2.107	2.1805802E-006
2.108	2.2795409E-006
2.109	2.3583261E-006
2.11	2.4102303E-006
2.111	2.4448291E-006
2.112	2.4559949E-006
2.113	2.4425622E-006
2.114	2.4099600E-006
2.115	2.3524299E-006
2.116	2.2732806E-006
2.117	2.1744358E-006
2.118	2.0578348E-006
2.119	1.9262329E-006
2.12	1.7955431E-006
2.121	1.6430109E-006
2.122	1.4840707E-006
2.123	1.3220313E-006
2.124	1.1601137E-006
2.125	1.0015857E-006
2.126	8.6332881E-007
2.127	7.2040177E-007
2.128	5.8974234E-007
2.129	4.7383023E-007
2.13	3.7498870E-007
2.131	2.9498051E-007
2.132	2.3521713E-007
2.133	1.9672213E-007
2.134	1.8068599E-007
2.135	1.8391442E-007
2.136	2.0875819E-007
2.137	2.5434517E-007
2.138	3.1974110E-007
2.139	4.0316388E-007
2.14	5.0281977E-007
2.141	6.1640151E-007
2.142	7.4138785E-007
2.143	8.7511796E-007
2.144	1.0146676E-006
2.145	1.1570970E-006
2.146	1.2993986E-006
2.147	1.4386798E-006
2.148	1.5717119E-006
2.149	1.6966217E-006
2.15	1.8098132E-006
2.151	1.9097222E-006
2.152	1.9942809E-006
2.153	2.0615732E-006
2.154	2.1105718E-006
2.155	2.1402941E-006
2.156	2.1501555E-006
2.157	2.1398369E-006
2.158	2.1104429E-006
2.159	2.0615728E-006
2.16	1.9951365E-006
2.161	1.9123895E-006
2.162	1.8195848E-006
2.163	1.7098885E-006
2.164	1.5896567E-006
2.165	1.4613067E-006
2.166	1.3275730E-006
2.167	1.1908169E-006
2.168	1.0537781E-006
2.169	9.1940598E-007
2.17	7.9025165E-007
2.171	6.6854585E-007
2.172	5.5669688E-007
2.173	4.4833379E-007
2.174	3.6352515E-007
2.175	2.9413184E-007
2.176	2.4141843E-007
2.177	2.0620448E-007
2.178	1.8899750E-007
2.179	1.8991996E-007
2.18	2.0871383E-007
2.181	2.4896852E-007
2.182	3.0298199E-007
2.183	3.7207406E-007
2.184	4.5468610E-007
2.185	5.4895014E-007
2.186	6.5303266E-007
2.187	7.7514841E-007
2.188	8.9240206E-007
2.189	1.0123825E-006
2.19	1.1325402E-006
2.191	1.2502900E-006
2.192	1.3737434E-006
2.193	1.4797772E-006
2.194	1.5767844E-006
2.195	1.6627881E-006
2.196	1.7363687E-006
2.197	1.8007654E-006
2.198	1.8439538E-006
2.199	1.8713235E-006
2.2	1.8820556E-006
2.201	1.8766204E-006
2.202	1.8521919E-006
2.203	1.8132865E-006
2.204	1.7595385E-006
2.205	1.6852375E-006
2.206	1.6041454E-006
2.207	1.5121813E-006
2.208	1.4115726E-006
2.209	1.2940650E-006
2.21	1.1813366E-006
2.211	1.0661440E-006
2.212	9.4013228E-007
2.213	8.2650104E-007
2.214	7.1713043E-007
2.215	6.1397810E-007
2.216	5.1054167E-007
2.217	4.2603588E-007
2.218	3.5288491E-007
2.219	2.8748579E-007
2.22	2.4164973E-007
2.221	2.1039216E-007
2.222	1.9314000E-007
2.223	1.9271145E-007
2.224	2.0867657E-007
2.225	2.3834828E-007
2.226	2.8165476E-007
2.227	3.4312694E-007
2.228	4.1142948E-007
2.229	4.8963068E-007
2.23	5.8431453E-007
2.231	6.7787101E-007
2.232	7.8495293E-007
2.233	8.8562825E-007
2.234	9.8682324E-007
2.235	1.0955225E-006
2.236	1.1914574E-006
2.237	1.2899662E-006
2.238	1.3724922E-006
2.239	1.4527753E-006
2.24	1.5156528E-006
2.241	1.5671111E-006
2.242	1.6093323E-006
2.243	1.6344007E-006
2.244	1.6462594E-006
2.245	1.6429887E-006
2.246	1.6241931E-006
2.247	1.5932490E-006
2.248	1.5455231E-006
2.249	1.4896585E-006
2.25	1.4167626E-006
2.251	1.3406004E-006
2.252	1.2490750E-006
2.253	1.1589298E-006
2.254	1.0558714E-006
2.255	9.5892017E-007
2.256	8.5267123E-007
2.257	7.5654100E-007
2.258	6.5535983E-007
2.259	5.6762093E-007
2.26	4.7933878E-007
2.261	4.0650443E-007
2.262	3.3764766E-007
2.263	2.8101690E-007
2.264	2.4079327E-007
2.265	2.1036726E-007
2.266	1.9524013E-007
2.267	1.9271849E-007
2.268	2.0330303E-007
2.269	2.2837024E-007
2.27	2.6692462E-007
2.271	3.1313346E-007
2.272	3.7444397E-007
2.273	4.3933994E-007
2.274	5.1808377E-007
2.275	6.0329273E-007
2.276	6.8544750E-007
2.277	7.7757113E-007
2.278	8.7041752E-007
2.279	9.5437281E-007
2.28	1.0392292E-006
2.281	1.1158655E-006
2.282	1.1932997E-006
2.283	1.2623252E-006
2.284	1.3169721E-006
2.285	1.3661816E-006
2.286	1.4031830E-006
2.287	1.4261072E-006
2.288	1.4386353E-006
2.289	1.4378825E-006
2.29	1.4238960E-006
2.291	1.3994616E-006
2.292	1.3613394E-006
2.293	1.3118417E-006
2.294	1.2571763E-006
2.295	1.1889332E-006
2.296	1.1128774E-006
2.297	1.0309004E-006
2.298	9.5189461E-007
2.299	8.6327555E-007
2.3	7.7361864E-007
2.301	6.8513492E-007
2.302	6.0641764E-007
2.303	5.2490407E-007
2.304	4.4935268E-007
2.305	3.8135803E-007
2.306	3.2668507E-007
2.307	2.7657958E-007
2.308	2.3728835E-007
2.309	2.0944412E-007
2.31	1.9344732E-007
2.311	1.8948994E-007
2.312	1.9671505E-007
2.313	2.1564664E-007
2.314	2.4576300E-007
2.315	2.8639295E-007
2.316	3.3203423E-007
2.317	3.8979772E-007
2.318	4.5471160E-007
2.319	5.2528617E-007
2.32	5.9988628E-007
2.321	6.7709146E-007
2.322	7.5505972E-007
2.323	8.2590566E-007
2.324	9.0103998E-007
2.325	9.7226848E-007
2.326	1.0381721E-006
2.327	1.0974103E-006
2.328	1.1485641E-006
2.329	1.1910329E-006
2.33	1.2237837E-006
2.331	1.2461221E-006
2.332	1.2571612E-006
2.333	1.2585441E-006
2.334	1.2495435E-006
2.335	1.2298759E-006
2.336	1.1997089E-006
2.337	1.1601684E-006
2.338	1.1118620E-006
2.339	1.0558177E-006
2.34	9.9296665E-007
2.341	9.2504337E-007
2.342	8.5328622E-007
2.343	7.7894555E-007
2.344	7.0359187E-007
2.345	6.2864552E-007
2.346	5.5575799E-007
2.347	4.8622826E-007
2.348	4.2143265E-007
2.349	3.6248477E-007
2.35	3.1068467E-007
2.351	2.6686030E-007
2.352	2.3177027E-007
2.353	2.0599076E-007
2.354	1.9003069E-007
2.355	1.8404236E-007
2.356	1.8797027E-007
2.357	2.0162669E-007
2.358	2.2471161E-007
2.359	2.5660736E-007
2.36	2.9648086E-007
2.361	3.4358473E-007
2.362	3.9684952E-007
2.363	4.5509907E-007
2.364	5.1713664E-007
2.365	5.8147015E-007
2.366	6.5260764E-007
2.367	7.1793988E-007
2.368	7.8164243E-007
2.369	8.4226764E-007
2.37	8.9895155E-007
2.371	9.5035807E-007
2.372	9.9539409E-007
2.373	1.0334130E-006
2.374	1.0636500E-006
2.375	1.0869503E-006
2.376	1.0989804E-006
2.377	1.1022939E-006
2.378	1.0964070E-006
2.379	1.0815663E-006
2.38	1.0582149E-006
2.381	1.0282876E-006
2.382	9.8630164E-007
2.383	9.4043224E-007
2.384	8.8899043E-007
2.385	8.3284976E-007
2.386	7.7309943E-007
2.387	7.0553551E-007
2.388	6.4206921E-007
2.389	5.7861519E-007
2.39	5.1640666E-007
2.391	4.5655221E-007
2.392	3.9578947E-007
2.393	3.4448888E-007
2.394	2.9866840E-007
2.395	2.5925991E-007
2.396	2.2689296E-007
2.397	2.0035758E-007
2.398	1.8420361E-007
2.399	1.7618051E-007
2.4	1.7683323E-007
2.401	1.8589974E-007
2.402	2.0289103E-007
2.403	2.2733337E-007
2.404	2.6159961E-007
2.405	2.9956672E-007
2.406	3.4299350E-007
2.407	3.9090784E-007
2.408	4.4657415E-007
2.409	5.0056639E-007
2.41	5.5583848E-007
2.411	6.1592573E-007
2.412	6.7042799E-007
2.413	7.2275515E-007
2.414	7.7621621E-007
2.415	8.2118589E-007
2.416	8.6141318E-007
2.417	8.9865796E-007
2.418	9.2645740E-007
2.419	9.4720576E-007
2.42	9.6181589E-007
2.421	9.6752319E-007
2.422	9.6512133E-007
2.423	9.5524069E-007
2.424	9.3809035E-007
2.425	9.1184666E-007
2.426	8.8074506E-007
2.427	8.4405013E-007
2.428	8.0045157E-007
2.429	7.5415431E-007
2.43	7.0032382E-007
2.431	6.4815021E-007
2.432	5.9003338E-007
2.433	5.3588599E-007
2.434	4.8247017E-007
2.435	4.2636117E-007
2.436	3.7726471E-007
2.437	3.2803746E-007
2.438	2.8701328E-007
2.439	2.4820974E-007
2.44	2.1832463E-007
2.441	1.9285352E-007
2.442	1.7614038E-007
2.443	1.6615094E-007
2.444	1.6315448E-007
2.445	1.6751059E-007
2.446	1.7972786E-007
2.447	1.9774258E-007
2.448	2.2401606E-007
2.449	2.5660728E-007
2.45	2.9175615E-007
2.451	3.3098712E-007
2.452	3.7720363E-007
2.453	4.2621198E-007
2.454	4.7305707E-007
2.455	5.2443022E-007
2.456	5.7151652E-007
2.457	6.2118215E-007
2.458	6.6467089E-007
2.459	7.0858948E-007
2.46	7.4518829E-007
2.461	7.7985948E-007
2.462	8.0856768E-007
2.463	8.2940380E-007
2.464	8.4531700E-007
2.465	8.5346278E-007
2.466	8.5538869E-007
2.467	8.4987846E-007
2.468	8.3817861E-007
2.469	8.1897366E-007
2.47	7.9541098E-007
2.471	7.6519274E-007
2.472	7.2870068E-007
2.473	6.9078385E-007
2.474	6.4600766E-007
2.475	6.0209658E-007
2.476	5.5270891E-007
2.477	5.0233382E-007
2.478	4.5574672E-007
2.479	4.0636991E-007
2.48	3.5889866E-007
2.481	3.1772959E-007
2.482	2.7673607E-007
2.483	2.4022364E-007
2.484	2.0903090E-007
2.485	1.8541736E-007
2.486	1.6578009E-007
2.487	1.5282613E-007
2.488	1.4689601E-007
2.489	1.4701254E-007
2.49	1.5398140E-007
2.491	1.6627212E-007
2.492	1.8555431E-007
2.493	2.1070460E-007
2.494	2.4110170E-007
2.495	2.7323000E-007
2.496	3.1166044E-007
2.497	3.5320511E-007
2.498	3.9688246E-007
2.499	4.3822592E-007
2.5	4.8342167E-007
2.501	5.2794070E-007
2.502	5.7101255E-007
2.503	6.1167918E-007
2.504	6.4627437E-007
2.505	6.8002021E-007
2.506	7.0917150E-007
2.507	7.3310827E-007
2.508	7.5122432E-007
2.509	7.6266292E-007
2.51	7.6902950E-007
2.511	7.6890296E-007
2.512	7.6250427E-007
2.513	7.5027737E-007
2.514	7.3188664E-007
2.515	7.0973778E-007
2.516	6.8084205E-007
2.517	6.4747962E-007
2.518	6.1011372E-007
2.519	5.6950228E-007
2.52	5.2661755E-007
2.521	4.8216566E-007
2.522	4.4040047E-007
2.523	3.9543630E-007
2.524	3.5147374E-007
2.525	3.0931176E-007
2.526	2.6987323E-007
2.527	2.3378733E-007
2.528	2.0188965E-007
2.529	1.7468271E-007
2.53	1.5263043E-007
2.531	1.3622515E-007
2.532	1.2571218E-007
2.533	1.2124100E-007
2.534	1.2260567E-007
2.535	1.2988893E-007
2.536	1.4304672E-007
2.537	1.6185847E-007
2.538	1.8589613E-007
2.539	2.1459321E-007
2.54	2.4749758E-007
2.541	2.8381106E-007
2.542	3.2294949E-007
2.543	3.6409330E-007
2.544	4.0637298E-007
2.545	4.4900094E-007
2.546	4.9113027E-007
2.547	5.3184306E-007
2.548	5.7054524E-007
2.549	6.0632510E-007
2.55	6.3846511E-007
2.551	6.6646783E-007
2.552	6.8876108E-007
2.553	7.0697598E-007
2.554	7.1962012E-007
2.555	7.2648959E-007
2.556	7.2725447E-007
2.557	7.2151113E-007
2.558	7.0988085E-007
2.559	6.9270175E-007
2.56	6.7007608E-007
2.561	6.4238299E-007
2.562	6.1031636E-007
2.563	5.7428156E-007
2.564	5.3507927E-007
2.565	4.9339786E-007
2.566	4.4991498E-007
2.567	4.0564339E-007
2.568	3.5780789E-007
2.569	3.1425918E-007
2.57	2.7238244E-007
2.571	2.3293505E-007
2.572	1.9663480E-007
2.573	1.6424320E-007
2.574	1.3641552E-007
2.575	1.1215987E-007
2.576	9.5445010E-008
2.577	8.4622329E-008
2.578	8.0043705E-008
2.579	8.1767219E-008
2.58	8.9891394E-008
2.581	1.0565697E-007
2.582	1.2657011E-007
2.583	1.5326547E-007
2.584	1.8523214E-007
2.585	2.2202735E-007
2.586	2.6633751E-007
2.587	3.1098494E-007
2.588	3.5836845E-007
2.589	4.0748952E-007
2.59	4.5570977E-007
2.591	5.0985341E-007
2.592	5.5914410E-007
2.593	6.0676399E-007
2.594	6.5170570E-007
2.595	6.9616027E-007
2.596	7.3297224E-007
2.597	7.6461623E-007
2.598	7.9067189E-007
2.599	8.1171453E-007
2.6	8.2407928E-007
2.601	8.2954546E-007
2.602	8.2724785E-007
2.603	8.1732554E-007
2.604	8.0018293E-007
2.605	7.7579836E-007
2.606	7.4208288E-007
2.607	7.0409163E-007
2.608	6.6050433E-007
2.609	6.0799067E-007
2.61	5.5489215E-007
2.611	4.9872972E-007
2.612	4.3595645E-007
2.613	3.7664060E-007
2.614	3.1774772E-007
2.615	2.5610569E-007
2.616	2.0190889E-007
2.617	1.4839844E-007
2.618	1.0459873E-007
2.619	6.7842009E-008
2.62	3.7537749E-008
2.621	1.9351596E-008
2.622	1.1919236E-008
2.623	1.7140431E-008
2.624	3.5336210E-008
2.625	7.0262210E-008
2.626	1.1562145E-007
2.627	1.7756210E-007
2.628	2.6154507E-007
2.629	3.5592282E-007
2.63	4.7529227E-007
2.631	6.0259651E-007
2.632	7.5718879E-007
2.633	9.1624406E-007
2.634	1.1040751E-006
2.635	1.2926141E-006
2.636	1.5099887E-006
2.637	1.7239698E-006
2.638	1.9481606E-006
2.639	2.2001661E-006
2.64	2.4415808E-006
2.641	2.7088115E-006
2.642	2.9604967E-006
2.643	3.2351031E-006
2.644	3.4903271E-006
2.645	3.7633765E-006
2.646	4.0137165E-006
2.647	4.2779675E-006
2.648	4.5149177E-006
2.649	4.7611793E-006
2.65	4.9942282E-006
2.651	5.1977981E-006
2.652	5.4016159E-006
2.653	5.5736623E-006
2.654	5.7407483E-006
2.655	5.8759742E-006
2.656	6.0016228E-006
2.657	6.0955804E-006
2.658	6.1749556E-006
2.659	6.2292020E-006
2.66	6.2556760E-006
2.661	6.2607573E-006
2.662	6.2422264E-006
2.663	6.1993810E-006
2.664	6.1321966E-006
2.665	6.0465895E-006
2.666	5.9332951E-006
2.667	5.8070050E-006
2.668	5.6524564E-006
2.669	5.4782522E-006
2.67	5.2993055E-006
2.671	5.0925446E-006
2.672	4.8706111E-006
2.673	4.6537793E-006
2.674	4.4106691E-006
2.675	4.1589333E-006
2.676	3.9190923E-006
2.677	3.6577355E-006
2.678	3.3942372E-006
2.679	3.1495538E-006
2.68	2.8883517E-006
2.681	2.6307803E-006
2.682	2.3970044E-006
2.683	2.1526466E-006
2.684	1.9171321E-006
2.685	1.6925507E-006
2.686	1.4942159E-006
2.687	1.2937015E-006
2.688	1.1071887E-006
2.689	9.4696685E-007
2.69	7.8956862E-007
2.691	6.4791175E-007
2.692	5.2244070E-007
2.693	4.2027148E-007
2.694	3.2589111E-007
2.695	2.4973161E-007
2.696	1.8591579E-007
2.697	1.3983264E-007
2.698	1.0383329E-007
2.699	8.1089567E-008
2.7	7.0566934E-008
2.701	7.1314403E-008
2.702	8.1056513E-008
2.703	1.0013164E-007
2.704	1.2690697E-007
2.705	1.6017600E-007
2.706	1.9859608E-007
2.707	2.4094911E-007
2.708	2.8268002E-007
2.709	3.2904765E-007
2.71	3.7585806E-007
2.711	4.2189868E-007
2.712	4.6632709E-007
2.713	5.0819006E-007
2.714	5.4387243E-007
2.715	5.7856556E-007
2.716	6.0849669E-007
2.717	6.3341162E-007
2.718	6.5278135E-007
2.719	6.6652899E-007
2.72	6.7438191E-007
2.721	6.7645993E-007
2.722	6.7277239E-007
2.723	6.6445898E-007
2.724	6.5050801E-007
2.725	6.3163992E-007
2.726	6.0845451E-007
2.727	5.8231774E-007
2.728	5.5210887E-007
2.729	5.1914907E-007
2.73	4.8422669E-007
2.731	4.4781714E-007
2.732	4.1080085E-007
2.733	3.7374301E-007
2.734	3.3718416E-007
2.735	3.0188158E-007
2.736	2.6830691E-007
2.737	2.3705508E-007
2.738	2.0849819E-007
2.739	1.8314876E-007
2.74	1.6123859E-007
2.741	1.4310841E-007
2.742	1.2885616E-007
2.743	1.1868347E-007
2.744	1.1256546E-007
2.745	1.1044404E-007
2.746	1.1226084E-007
2.747	1.1776116E-007
2.748	1.2678002E-007
2.749	1.3894621E-007
2.75	1.5396185E-007
2.751	1.7136448E-007
2.752	1.9080782E-007
2.753	2.1176461E-007
2.754	2.3384111E-007
2.755	2.5648157E-007
2.756	2.7926356E-007
2.757	3.0167490E-007
2.758	3.2257341E-007
2.759	3.4450520E-007
2.76	3.6322436E-007
2.761	3.8004407E-007
2.762	3.9454991E-007
2.763	4.0657977E-007
2.764	4.1581367E-007
2.765	4.2223988E-007
2.766	4.2564250E-007
2.767	4.2608380E-007
2.768	4.2330197E-007
2.769	4.1772137E-007
2.77	4.0941200E-007
2.771	3.9845443E-007
2.772	3.8525934E-007
2.773	3.6991344E-007
2.774	3.5167548E-007
2.775	3.3306461E-007
2.776	3.1347184E-007
2.777	2.9313517E-007
2.778	2.7252457E-007
2.779	2.5052574E-007
2.78	2.3036922E-007
2.781	2.1104486E-007
2.782	1.9279393E-007
2.783	1.7599980E-007
2.784	1.5983090E-007
2.785	1.4679395E-007
2.786	1.3579945E-007
2.787	1.2711764E-007
2.788	1.2093561E-007
2.789	1.1675611E-007
2.79	1.1535616E-007
2.791	1.1638355E-007
2.792	1.1970656E-007
2.793	1.2574240E-007
2.794	1.3345640E-007
2.795	1.4303889E-007
2.796	1.5509724E-007
2.797	1.6771804E-007
2.798	1.8142060E-007
2.799	1.9585801E-007
2.8	2.1191850E-007
2.801	2.2700226E-007
2.802	2.4199124E-007
2.803	2.5753371E-007
2.804	2.7128598E-007
2.805	2.8399003E-007
2.806	2.9627623E-007
2.807	3.0618415E-007
2.808	3.1446893E-007
2.809	3.2134483E-007
2.81	3.2578725E-007
2.811	3.2822311E-007
2.812	3.2868152E-007
2.813	3.2693177E-007
2.814	3.2297547E-007
2.815	3.1725992E-007
2.816	3.0984120E-007
2.817	3.0013251E-007
2.818	2.8990746E-007
2.819	2.7812149E-007
2.82	2.6443718E-007
2.821	2.5081630E-007
2.822	2.3571377E-007
2.823	2.2131729E-007
2.824	2.0597624E-007
2.825	1.9186766E-007
2.826	1.7834084E-007
2.827	1.6468752E-007
2.828	1.5292730E-007
2.829	1.4165697E-007
2.83	1.3249957E-007
2.831	1.2434843E-007
2.832	1.1837031E-007
2.833	1.1386889E-007
2.834	1.1140191E-007
2.835	1.1069348E-007
2.836	1.1180318E-007
2.837	1.1457169E-007
2.838	1.1924499E-007
2.839	1.2513129E-007
2.84	1.3285072E-007
2.841	1.4190290E-007
2.842	1.5129864E-007
2.843	1.6223420E-007
2.844	1.7292386E-007
2.845	1.8477489E-007
2.846	1.9546324E-007
2.847	2.0724731E-007
2.848	2.1783264E-007
2.849	2.2859795E-007
2.85	2.3781071E-007
2.851	2.4670956E-007
2.852	2.5382064E-007
2.853	2.6014902E-007
2.854	2.6490520E-007
2.855	2.6789638E-007
2.856	2.6945094E-007
2.857	2.6940765E-007
2.858	2.6768186E-007
2.859	2.6435501E-007
2.86	2.5976101E-007
2.861	2.5347853E-007
2.862	2.4634735E-007
2.863	2.3762740E-007
2.864	2.2785230E-007
2.865	2.1804048E-007
2.866	2.0691381E-007
2.867	1.9545089E-007
2.868	1.8456005E-007
2.869	1.7303417E-007
2.87	1.6173838E-007
2.871	1.5167642E-007
2.872	1.4156731E-007
2.873	1.3266198E-007
2.874	1.2495845E-007
2.875	1.1788772E-007
2.876	1.1209337E-007
2.877	1.0796280E-007
2.878	1.0493430E-007
2.879	1.0339991E-007
2.88	1.0329573E-007
2.881	1.0463023E-007
2.882	1.0733989E-007
2.883	1.1140858E-007
2.884	1.1625790E-007
2.885	1.2254333E-007
2.886	1.2973672E-007
2.887	1.3772942E-007
2.888	1.4568353E-007
2.889	1.5463100E-007
2.89	1.6374098E-007
2.891	1.7288268E-007
2.892	1.8120522E-007
2.893	1.8981484E-007
2.894	1.9782092E-007
2.895	2.0514126E-007
2.896	2.1114086E-007
2.897	2.1666564E-007
2.898	2.2101732E-007
2.899	2.2421730E-007
2.9	2.2607637E-007
2.901	2.2675593E-007
2.902	2.2619479E-007
2.903	2.2437149E-007
2.904	2.2126625E-007
2.905	2.1703828E-007
2.906	2.1165495E-007
2.907	2.0535441E-007
2.908	1.9862252E-007
2.909	1.9075306E-007
2.91	1.8236059E-007
2.911	1.7356841E-007
2.912	1.6451351E-007
2.913	1.5544514E-007
2.914	1.4648020E-007
2.915	1.3836420E-007
2.916	1.3013388E-007
2.917	1.2248313E-007
2.918	1.1558993E-007
2.919	1.0952362E-007
2.92	1.0443726E-007
2.921	1.0037481E-007
2.922	9.7434800E-008
2.923	9.5602331E-008
2.924	9.4958438E-008
2.925	9.5408950E-008
2.926	9.6944333E-008
2.927	9.9546888E-008
2.928	1.0287764E-007
2.929	1.0733866E-007
2.93	1.1259154E-007
2.931	1.1848975E-007
2.932	1.2495866E-007
2.933	1.3179323E-007
2.934	1.3889927E-007
2.935	1.4606415E-007
2.936	1.5316894E-007
2.937	1.6008829E-007
2.938	1.6663795E-007
2.939	1.7271154E-007
2.94	1.7818395E-007
2.941	1.8288868E-007
2.942	1.8678001E-007
2.943	1.8979365E-007
2.944	1.9183042E-007
2.945	1.9291063E-007
2.946	1.9290967E-007
2.947	1.9187993E-007
2.948	1.8983640E-007
2.949	1.8687837E-007
2.95	1.8299495E-007
2.951	1.7850164E-007
2.952	1.7312824E-007
2.953	1.6714965E-007
2.954	1.6065685E-007
2.955	1.5380964E-007
2.956	1.4670154E-007
2.957	1.3949135E-007
2.958	1.3182319E-007
2.959	1.2479342E-007
2.96	1.1807917E-007
2.961	1.1175750E-007
2.962	1.0599136E-007
2.963	1.0081094E-007
2.964	9.6377192E-008
2.965	9.2697000E-008
2.966	8.9730555E-008
2.967	8.7833413E-008
2.968	8.6854989E-008
2.969	8.6755627E-008
2.97	8.7573760E-008
2.971	8.9215163E-008
2.972	9.1685770E-008
2.973	9.5128236E-008
2.974	9.9018621E-008
2.975	1.0350843E-007
2.976	1.0827252E-007
2.977	1.1357724E-007
2.978	1.1949599E-007
2.979	1.2519206E-007
2.98	1.3086652E-007
2.981	1.3644716E-007
2.982	1.4214169E-007
2.983	1.4714531E-007
2.984	1.5168646E-007
2.985	1.5568480E-007
2.986	1.5931164E-007
2.987	1.6199671E-007
2.988	1.6393396E-007
2.989	1.6509533E-007
2.99	1.6549383E-007
2.991	1.6500715E-007
2.992	1.6375118E-007
2.993	1.6171401E-007
2.994	1.5878521E-007
2.995	1.5530328E-007
2.996	1.5122043E-007
2.997	1.4632796E-007
2.998	1.4125303E-007
2.999	1.3588554E-007
3	1.3004390E-007
3.001	1.2429447E-007
3.002	1.1849080E-007
3.003	1.1241647E-007
3.004	1.0688376E-007
3.005	1.0163640E-007
3.006	9.6473116E-008
3.007	9.2107321E-008
3.008	8.8259917E-008
3.009	8.4808150E-008
3.01	8.2251923E-008
3.011	8.0366206E-008
3.012	7.9152635E-008
3.013	7.8728483E-008
3.014	7.9080628E-008
3.015	8.0093031E-008
3.016	8.1789402E-008
3.017	8.4250146E-008
3.018	8.7139718E-008
3.019	9.0744074E-008
3.02	9.4529007E-008
3.021	9.8948476E-008
3.022	1.0331059E-007
3.023	1.0782623E-007
3.024	1.1252929E-007
3.025	1.1704260E-007
3.026	1.2168512E-007
3.027	1.2579493E-007
3.028	1.2985797E-007
3.029	1.3322679E-007
3.03	1.3635675E-007
3.031	1.3872635E-007
3.032	1.4066087E-007
3.033	1.4183092E-007
3.034	1.4241775E-007
3.035	1.4228627E-007
3.036	1.4147329E-007
3.037	1.4006089E-007
3.038	1.3793543E-007
3.039	1.3534076E-007
3.04	1.3202644E-007
3.041	1.2849056E-007
3.042	1.2428363E-007
3.043	1.2002560E-007
3.044	1.1526129E-007
3.045	1.1064677E-007
3.046	1.0564282E-007
3.047	1.0083794E-007
3.048	9.6312888E-008
3.049	9.1698006E-008
3.05	8.7628607E-008
3.051	8.3659444E-008
3.052	8.0374591E-008
3.053	7.7350045E-008
3.054	7.4881896E-008
3.055	7.3144541E-008
3.056	7.1888735E-008
3.057	7.1288838E-008
3.058	7.1264765E-008
3.059	7.1891584E-008
3.06	7.3015528E-008
3.061	7.4757125E-008
3.062	7.7046280E-008
3.063	7.9590535E-008
3.064	8.2699827E-008
3.065	8.5900204E-008
3.066	8.9565354E-008
3.067	9.3378837E-008
3.068	9.7270515E-008
3.069	1.0079302E-007
3.07	1.0457946E-007
3.071	1.0820849E-007
3.072	1.1134932E-007
3.073	1.1442140E-007
3.074	1.1707257E-007
3.075	1.1916978E-007
3.076	1.2091483E-007
3.077	1.2217153E-007
3.078	1.2283435E-007
3.079	1.2292371E-007
3.08	1.2248859E-007
3.081	1.2149532E-007
3.082	1.2004995E-007
3.083	1.1800897E-007
3.084	1.1552277E-007
3.085	1.1258569E-007
3.086	1.0949494E-007
3.087	1.0594812E-007
3.088	1.0212938E-007
3.089	9.8183982E-008
3.09	9.4142102E-008
3.091	9.0453320E-008
3.092	8.6489273E-008
3.093	8.2649471E-008
3.094	7.9038173E-008
3.095	7.5697550E-008
3.096	7.2877995E-008
3.097	7.0248952E-008
3.098	6.8045416E-008
3.099	6.6313966E-008
3.1	6.5076527E-008
3.101	6.4390171E-008
3.102	6.4153376E-008
3.103	6.4424839E-008
3.104	6.5176060E-008
3.105	6.6409974E-008
3.106	6.8064637E-008
3.107	7.0122084E-008
3.108	7.2338096E-008
3.109	7.4983070E-008
3.11	7.7864662E-008
3.111	8.0884959E-008
3.112	8.4014594E-008
3.113	8.7048960E-008
3.114	9.0136936E-008
3.115	9.3122992E-008
3.116	9.5917933E-008
3.117	9.8487071E-008
3.118	1.0061588E-007
3.119	1.0256132E-007
3.12	1.0414655E-007
3.121	1.0530554E-007
3.122	1.0603869E-007
3.123	1.0630597E-007
3.124	1.0613595E-007
3.125	1.0549532E-007
3.126	1.0440835E-007
3.127	1.0291979E-007
3.128	1.0101991E-007
3.129	9.8783694E-008
3.13	9.6216738E-008
3.131	9.3392131E-008
3.132	9.0368751E-008
3.133	8.7188226E-008
3.134	8.4025785E-008
3.135	8.0717854E-008
3.136	7.7461621E-008
3.137	7.4276031E-008
3.138	7.1233764E-008
3.139	6.8414238E-008
3.14	6.5825922E-008
3.141	6.3555852E-008
3.142	6.1596936E-008
3.143	6.0009960E-008
3.144	5.8819225E-008
3.145	5.8016667E-008
3.146	5.7629627E-008
3.147	5.7675408E-008
3.148	5.8132311E-008
3.149	5.8959504E-008
3.15	6.0142987E-008
3.151	6.1668146E-008
3.152	6.3469258E-008
3.153	6.5512594E-008
3.154	6.7770962E-008
3.155	7.0088213E-008
3.156	7.2588968E-008
3.157	7.5283289E-008
3.158	7.7812274E-008
3.159	8.0258864E-008
3.16	8.2582744E-008
3.161	8.4751747E-008
3.162	8.6691237E-008
3.163	8.8398792E-008
3.164	8.9876622E-008
3.165	9.0934172E-008
3.166	9.1664027E-008
3.167	9.2026021E-008
3.168	9.2033019E-008
3.169	9.1663452E-008
3.17	9.0888207E-008
3.171	8.9791371E-008
3.172	8.8363208E-008
3.173	8.6654431E-008
3.174	8.4665785E-008
3.175	8.2390549E-008
3.176	7.9977454E-008
3.177	7.7434358E-008
3.178	7.4782648E-008
3.179	7.1916581E-008
3.18	6.9230843E-008
3.181	6.6587454E-008
3.182	6.4042453E-008
3.183	6.1509461E-008
3.184	5.9303698E-008
3.185	5.7323639E-008
3.186	5.5594803E-008
3.187	5.4066120E-008
3.188	5.2948316E-008
3.189	5.2142902E-008
3.19	5.1654911E-008
3.191	5.1527167E-008
3.192	5.1735888E-008
3.193	5.2242800E-008
3.194	5.3112704E-008
3.195	5.4187723E-008
3.196	5.5529625E-008
3.197	5.7194203E-008
3.198	5.8951883E-008
3.199	6.0839710E-008
3.2	6.2967892E-008
3.201	6.5012408E-008
3.202	6.7075995E-008
3.203	6.9223780E-008
3.204	7.1162241E-008
3.205	7.3106683E-008
3.206	7.4763456E-008
3.207	7.6229369E-008
3.208	7.7561026E-008
3.209	7.8557058E-008
3.21	7.9268531E-008
3.211	7.9724671E-008
3.212	7.9844042E-008
3.213	7.9670365E-008
3.214	7.9206188E-008
3.215	7.8447492E-008
3.216	7.7359338E-008
3.217	7.6075480E-008
3.218	7.4447264E-008
3.219	7.2704822E-008
3.22	7.0690298E-008
3.221	6.8644255E-008
3.222	6.6364343E-008
3.223	6.4162506E-008
3.224	6.1936369E-008
3.225	5.9614038E-008
3.226	5.7468508E-008
3.227	5.5304021E-008
3.228	5.3413913E-008
3.229	5.1574354E-008
3.23	5.0048900E-008
3.231	4.8661974E-008
3.232	4.7595446E-008
3.233	4.6747260E-008
3.234	4.6222063E-008
3.235	4.5948958E-008
3.236	4.5952635E-008
3.237	4.6254126E-008
3.238	4.6782048E-008
3.239	4.7596785E-008
3.24	4.8656990E-008
3.241	4.9854339E-008
3.242	5.1293505E-008
3.243	5.2789488E-008
3.244	5.4477226E-008
3.245	5.6136251E-008
3.246	5.7922669E-008
3.247	5.9702160E-008
3.248	6.1331924E-008
3.249	6.2974102E-008
3.25	6.4398733E-008
3.251	6.5777321E-008
3.252	6.6920435E-008
3.253	6.7839764E-008
3.254	6.8600713E-008
3.255	6.9073756E-008
3.256	6.9334561E-008
3.257	6.9317451E-008
3.258	6.9054025E-008
3.259	6.8533303E-008
3.26	6.7740402E-008
3.261	6.6781155E-008
3.262	6.5540348E-008
3.263	6.4101215E-008
3.264	6.2597380E-008
3.265	6.0860081E-008
3.266	5.9015470E-008
3.267	5.7217111E-008
3.268	5.5264351E-008
3.269	5.3321607E-008
3.27	5.1519233E-008
3.271	4.9719628E-008
3.272	4.7983217E-008
3.273	4.6456190E-008
3.274	4.5001325E-008
3.275	4.3727169E-008
3.276	4.2657703E-008
3.277	4.1864684E-008
3.278	4.1241062E-008
3.279	4.0854093E-008
3.28	4.0729180E-008
3.281	4.0825952E-008
3.282	4.1162000E-008
3.283	4.1715744E-008
3.284	4.2474767E-008
3.285	4.3370161E-008
3.286	4.4469381E-008
3.287	4.5716078E-008
3.288	4.7059373E-008
3.289	4.8436387E-008
3.29	4.9825367E-008
3.291	5.1297903E-008
3.292	5.2754274E-008
3.293	5.4169984E-008
3.294	5.5492851E-008
3.295	5.6629748E-008
3.296	5.7716420E-008
3.297	5.8635493E-008
3.298	5.9384046E-008
3.299	5.9924616E-008
3.3	6.0254472E-008
3.301	6.0378518E-008
3.302	6.0277152E-008
3.303	5.9973864E-008
3.304	5.9443479E-008
3.305	5.8704160E-008
3.306	5.7784611E-008
3.307	5.6712405E-008
3.308	5.5457065E-008
3.309	5.4084150E-008
3.31	5.2587762E-008
3.311	5.1115585E-008
3.312	4.9497196E-008
3.313	4.7853391E-008
3.314	4.6233218E-008
3.315	4.4635847E-008
3.316	4.3107658E-008
3.317	4.1681297E-008
3.318	4.0363535E-008
3.319	3.9195875E-008
3.32	3.8178495E-008
3.321	3.7335251E-008
3.322	3.6694519E-008
3.323	3.6236504E-008
3.324	3.5982094E-008
3.325	3.5933947E-008
3.326	3.6078639E-008
3.327	3.6417127E-008
3.328	3.6931507E-008
3.329	3.7615472E-008
3.33	3.8446309E-008
3.331	3.9415735E-008
3.332	4.0485556E-008
3.333	4.1644270E-008
3.334	4.2854865E-008
3.335	4.4094101E-008
3.336	4.5343075E-008
3.337	4.6560416E-008
3.338	4.7725262E-008
3.339	4.8827928E-008
3.34	4.9825143E-008
3.341	5.0708689E-008
3.342	5.1418699E-008
3.343	5.2004758E-008
3.344	5.2437652E-008
3.345	5.2677180E-008
3.346	5.2737377E-008
3.347	5.2613732E-008
3.348	5.2292222E-008
3.349	5.1805522E-008
3.35	5.1136592E-008
3.351	5.0308920E-008
3.352	4.9346397E-008
3.353	4.8252144E-008
3.354	4.7045386E-008
3.355	4.5686665E-008
3.356	4.4330491E-008
3.357	4.2931827E-008
3.358	4.1533891E-008
3.359	4.0175166E-008
3.36	3.8812477E-008
3.361	3.7517669E-008
3.362	3.6228737E-008
3.363	3.5122561E-008
3.364	3.4128050E-008
3.365	3.3272890E-008
3.366	3.2573819E-008
3.367	3.2000493E-008
3.368	3.1638443E-008
3.369	3.1441608E-008
3.37	3.1416302E-008
3.371	3.1558375E-008
3.372	3.1897923E-008
3.373	3.2367389E-008
3.374	3.2975709E-008
3.375	3.3717694E-008
3.376	3.4595910E-008
3.377	3.5539163E-008
3.378	3.6551089E-008
3.379	3.7608761E-008
3.38	3.8764988E-008
3.381	3.9847023E-008
3.382	4.0914067E-008
3.383	4.1943998E-008
3.384	4.2956749E-008
3.385	4.3822990E-008
3.386	4.4598792E-008
3.387	4.5242331E-008
3.388	4.5792316E-008
3.389	4.6147534E-008
3.39	4.6358807E-008
3.391	4.6410523E-008
3.392	4.6291852E-008
3.393	4.6019593E-008
3.394	4.5568900E-008
3.395	4.4979309E-008
3.396	4.4250470E-008
3.397	4.3351537E-008
3.398	4.2376438E-008
3.399	4.1305864E-008
3.4	4.0098936E-008
3.401	3.8888601E-008
3.402	3.7572175E-008
3.403	3.6320401E-008
3.404	3.5068549E-008
3.405	3.3783447E-008
3.406	3.2611307E-008
3.407	3.1510595E-008
3.408	3.0452330E-008
3.409	2.9571961E-008
3.41	2.8747367E-008
3.411	2.8105431E-008
3.412	2.7577126E-008
3.413	2.7227362E-008
3.414	2.7037164E-008
3.415	2.6998514E-008
3.416	2.7120409E-008
3.417	2.7415721E-008
3.418	2.7833236E-008
3.419	2.8428225E-008
3.42	2.9100365E-008
3.421	2.9928991E-008
3.422	3.0800443E-008
3.423	3.1803300E-008
3.424	3.2794411E-008
3.425	3.3852633E-008
3.426	3.4881715E-008
3.427	3.5959594E-008
3.428	3.6951501E-008
3.429	3.7935248E-008
3.43	3.8786418E-008
3.431	3.9605428E-008
3.432	4.0257369E-008
3.433	4.0821671E-008
3.434	4.1222165E-008
3.435	4.1488729E-008
3.436	4.1598287E-008
3.437	4.1549068E-008
3.438	4.1337564E-008
3.439	4.0957179E-008
3.44	4.0420609E-008
3.441	3.9778595E-008
3.442	3.8951239E-008
3.443	3.8054708E-008
3.444	3.6992667E-008
3.445	3.5905046E-008
3.446	3.4679957E-008
3.447	3.3401363E-008
3.448	3.2172537E-008
3.449	3.0862324E-008
3.45	2.9567898E-008
3.451	2.8391149E-008
3.452	2.7200235E-008
3.453	2.6152952E-008
3.454	2.5154790E-008
3.455	2.4273099E-008
3.456	2.3570269E-008
3.457	2.2993438E-008
3.458	2.2554572E-008
3.459	2.2299728E-008
3.46	2.2203897E-008
3.461	2.2281705E-008
3.462	2.2516060E-008
3.463	2.2934181E-008
3.464	2.3514687E-008
3.465	2.4195003E-008
3.466	2.5059149E-008
3.467	2.6038306E-008
3.468	2.7061116E-008
3.469	2.8218441E-008
3.47	2.9434222E-008
3.471	3.0685815E-008
3.472	3.1844174E-008
3.473	3.3089517E-008
3.474	3.4294228E-008
3.475	3.5442202E-008
3.476	3.6433857E-008
3.477	3.7389960E-008
3.478	3.8206075E-008
3.479	3.8871669E-008
3.48	3.9345938E-008
3.481	3.9681662E-008
3.482	3.9822439E-008
3.483	3.9765769E-008
3.484	3.9512699E-008
3.485	3.9082469E-008
3.486	3.8442582E-008
3.487	3.7630599E-008
3.488	3.6621394E-008
3.489	3.5444540E-008
3.49	3.4201573E-008
3.491	3.2756354E-008
3.492	3.1208415E-008
3.493	2.9574151E-008
3.494	2.7889849E-008
3.495	2.6188197E-008
3.496	2.4486200E-008
3.497	2.2915048E-008
3.498	2.1322402E-008
3.499	1.9835399E-008
3.5	1.8476944E-008
3.501	1.7287379E-008
3.502	1.6311670E-008
3.503	1.5524154E-008
3.504	1.5006636E-008
3.505	1.4714836E-008
3.506	1.4706008E-008
3.507	1.4998381E-008
3.508	1.5605233E-008
3.509	1.6529631E-008
3.51	1.7783840E-008
3.511	1.9356980E-008
3.512	2.1252561E-008
3.513	2.3459743E-008
3.514	2.5973694E-008
3.515	2.8767932E-008
3.516	3.1825618E-008
3.517	3.5038234E-008
3.518	3.8547597E-008
3.519	4.2036472E-008
3.52	4.5878682E-008
3.521	4.9843518E-008
3.522	5.3888680E-008
3.523	5.8000392E-008
3.524	6.2105421E-008
3.525	6.6184015E-008
3.526	7.0199363E-008
3.527	7.4099887E-008
3.528	7.8069526E-008
3.529	8.1444909E-008
3.53	8.4991534E-008
3.531	8.8097650E-008
3.532	9.0845631E-008
3.533	9.3376052E-008
3.534	9.5585882E-008
3.535	9.7428220E-008
3.536	9.8902568E-008
3.537	1.0000247E-007
3.538	1.0073529E-007
3.539	1.0106015E-007
3.54	1.0098579E-007
3.541	1.0052707E-007
3.542	9.9697822E-008
3.543	9.8490148E-008
3.544	9.6911506E-008
3.545	9.4888385E-008
3.546	9.2636256E-008
3.547	9.0170261E-008
3.548	8.7361776E-008
3.549	8.4301064E-008
3.55	8.1045513E-008
3.551	7.7597150E-008
3.552	7.3999196E-008
3.553	7.0101905E-008
3.554	6.6309241E-008
3.555	6.2467869E-008
3.556	5.8616443E-008
3.557	5.4794121E-008
3.558	5.1015235E-008
3.559	4.7315570E-008
3.56	4.3536883E-008
3.561	4.0182151E-008
3.562	3.6886767E-008
3.563	3.3777766E-008
3.564	3.0855645E-008
3.565	2.8004861E-008
3.566	2.5544853E-008
3.567	2.3311925E-008
3.568	2.1325738E-008
3.569	1.9580296E-008
3.57	1.8006650E-008
3.571	1.6764030E-008
3.572	1.5767640E-008
3.573	1.4998044E-008
3.574	1.4426349E-008
3.575	1.4112900E-008
3.576	1.3977496E-008
3.577	1.4033428E-008
3.578	1.4258037E-008
3.579	1.4625553E-008
3.58	1.5119619E-008
3.581	1.5760984E-008
3.582	1.6455271E-008
3.583	1.7217321E-008
3.584	1.8074655E-008
3.585	1.8919666E-008
3.586	1.9767297E-008
3.587	2.0617387E-008
3.588	2.1481986E-008
3.589	2.2241672E-008
3.59	2.2970868E-008
3.591	2.3678195E-008
3.592	2.4265823E-008
3.593	2.4771174E-008
3.594	2.5211650E-008
3.595	2.5529147E-008
3.596	2.5764086E-008
3.597	2.5886120E-008
3.598	2.5906344E-008
3.599	2.5828751E-008
3.6	2.5661791E-008
3.601	2.5402027E-008
3.602	2.5047584E-008
3.603	2.4649498E-008
3.604	2.4152143E-008
3.605	2.3623874E-008
3.606	2.3015897E-008
3.607	2.2410527E-008
3.608	2.1780078E-008
3.609	2.1098659E-008
3.61	2.0455856E-008
3.611	1.9783331E-008
3.612	1.9163055E-008
3.613	1.8575211E-008
3.614	1.7988070E-008
3.615	1.7474425E-008
3.616	1.6988857E-008
3.617	1.6594223E-008
3.618	1.6223298E-008
3.619	1.5938461E-008
3.62	1.5707933E-008
3.621	1.5554200E-008
3.622	1.5458827E-008
3.623	1.5438152E-008
3.624	1.5478536E-008
3.625	1.5569896E-008
3.626	1.5725188E-008
3.627	1.5923945E-008
3.628	1.6170507E-008
3.629	1.6449995E-008
3.63	1.6757697E-008
3.631	1.7073049E-008
3.632	1.7422883E-008
3.633	1.7787205E-008
3.634	1.8123780E-008
3.635	1.8475268E-008
3.636	1.8788606E-008
3.637	1.9094614E-008
3.638	1.9358010E-008
3.639	1.9604631E-008
3.64	1.9808970E-008
3.641	1.9953214E-008
3.642	2.0070939E-008
3.643	2.0128727E-008
3.644	2.0142009E-008
3.645	2.0103228E-008
3.646	2.0027752E-008
3.647	1.9894500E-008
3.648	1.9721554E-008
3.649	1.9504334E-008
3.65	1.9246501E-008
3.651	1.8969542E-008
3.652	1.8649216E-008
3.653	1.8303844E-008
3.654	1.7960598E-008
3.655	1.7589665E-008
3.656	1.7210827E-008
3.657	1.6858442E-008
3.658	1.6490137E-008
3.659	1.6134603E-008
3.66	1.5808144E-008
3.661	1.5489174E-008
3.662	1.5201410E-008
3.663	1.4945000E-008
3.664	1.4728320E-008
3.665	1.4542739E-008
3.666	1.4394677E-008
3.667	1.4288214E-008
3.668	1.4222139E-008
3.669	1.4189760E-008
3.67	1.4196207E-008
3.671	1.4242496E-008
3.672	1.4316423E-008
3.673	1.4427730E-008
3.674	1.4564029E-008
3.675	1.4715426E-008
3.676	1.4894915E-008
3.677	1.5087522E-008
3.678	1.5294944E-008
3.679	1.5489505E-008
3.68	1.5696108E-008
3.681	1.5895496E-008
3.682	1.6093130E-008
3.683	1.6260762E-008
3.684	1.6410107E-008
3.685	1.6552734E-008
3.686	1.6665057E-008
3.687	1.6748835E-008
3.688	1.6806220E-008
3.689	1.6830354E-008
3.69	1.6821515E-008
3.691	1.6783599E-008
3.692	1.6711962E-008
3.693	1.6605108E-008
3.694	1.6471835E-008
3.695	1.6311231E-008
3.696	1.6129629E-008
3.697	1.5920635E-008
3.698	1.5708792E-008
3.699	1.5465391E-008
3.7	1.5214383E-008
3.701	1.4956134E-008
3.702	1.4694760E-008
3.703	1.4433522E-008
3.704	1.4180292E-008
3.705	1.3936914E-008
3.706	1.3702249E-008
3.707	1.3486447E-008
3.708	1.3303604E-008
3.709	1.3129295E-008
3.71	1.2975870E-008
3.711	1.2848600E-008
3.712	1.2751062E-008
3.713	1.2679307E-008
3.714	1.2634279E-008
3.715	1.2620364E-008
3.716	1.2629809E-008
3.717	1.2663172E-008
3.718	1.2722302E-008
3.719	1.2799281E-008
3.72	1.2894548E-008
3.721	1.3001277E-008
3.722	1.3127458E-008
3.723	1.3258210E-008
3.724	1.3393978E-008
3.725	1.3533195E-008
3.726	1.3671484E-008
3.727	1.3803291E-008
3.728	1.3925522E-008
3.729	1.4038038E-008
3.73	1.4133931E-008
3.731	1.4214616E-008
3.732	1.4278783E-008
3.733	1.4319369E-008
3.734	1.4336167E-008
3.735	1.4331553E-008
3.736	1.4303445E-008
3.737	1.4252012E-008
3.738	1.4178407E-008
3.739	1.4085351E-008
3.74	1.3967849E-008
3.741	1.3831851E-008
3.742	1.3682866E-008
3.743	1.3515589E-008
3.744	1.3328131E-008
3.745	1.3144416E-008
3.746	1.2954189E-008
3.747	1.2758356E-008
3.748	1.2561586E-008
3.749	1.2367689E-008
3.75	1.2183402E-008
3.751	1.1995923E-008
3.752	1.1827990E-008
3.753	1.1677762E-008
3.754	1.1539233E-008
3.755	1.1417876E-008
3.756	1.1316476E-008
3.757	1.1235897E-008
3.758	1.1171758E-008
3.759	1.1131936E-008
3.76	1.1111797E-008
3.761	1.1110562E-008
3.762	1.1124914E-008
3.763	1.1164545E-008
3.764	1.1213960E-008
3.765	1.1278280E-008
3.766	1.1354350E-008
3.767	1.1443682E-008
3.768	1.1537550E-008
3.769	1.1632657E-008
3.77	1.1731162E-008
3.771	1.1832061E-008
3.772	1.1925582E-008
3.773	1.2011381E-008
3.774	1.2091771E-008
3.775	1.2164791E-008
3.776	1.2220529E-008
3.777	1.2263577E-008
3.778	1.2290754E-008
3.779	1.2301651E-008
3.78	1.2292479E-008
3.781	1.2269088E-008
3.782	1.2225930E-008
3.783	1.2165149E-008
3.784	1.2091882E-008
3.785	1.1995257E-008
3.786	1.1888085E-008
3.787	1.1773059E-008
3.788	1.1636828E-008
3.789	1.1498176E-008
3.79	1.1343442E-008
3.791	1.1196071E-008
3.792	1.1043573E-008
3.793	1.0883184E-008
3.794	1.0735643E-008
3.795	1.0592498E-008
3.796	1.0446378E-008
3.797	1.0316026E-008
3.798	1.0196367E-008
3.799	1.0085493E-008
3.8	9.9897548E-009
3.801	9.9052153E-009
3.802	9.8419672E-009
3.803	9.7883044E-009
3.804	9.7543715E-009
3.805	9.7354755E-009
3.806	9.7349568E-009
3.807	9.7451025E-009
3.808	9.7696997E-009
3.809	9.8071924E-009
3.81	9.8542197E-009
3.811	9.9091340E-009
3.812	9.9738831E-009
3.813	1.0042782E-008
3.814	1.0116341E-008
3.815	1.0187407E-008
3.816	1.0259467E-008
3.817	1.0327838E-008
3.818	1.0390087E-008
3.819	1.0448636E-008
3.82	1.0498328E-008
3.821	1.0538742E-008
3.822	1.0564637E-008
3.823	1.0583167E-008
3.824	1.0586015E-008
3.825	1.0573165E-008
3.826	1.0547940E-008
3.827	1.0511459E-008
3.828	1.0458226E-008
3.829	1.0392981E-008
3.83	1.0315252E-008
3.831	1.0228690E-008
3.832	1.0128545E-008
3.833	1.0023358E-008
3.834	9.9091970E-009
3.835	9.7870805E-009
3.836	9.6686490E-009
3.837	9.5415897E-009
3.838	9.4234407E-009
3.839	9.2996553E-009
3.84	9.1816306E-009
3.841	9.0734877E-009
3.842	8.9667767E-009
3.843	8.8727825E-009
3.844	8.7845100E-009
3.845	8.7083167E-009
3.846	8.6443581E-009
3.847	8.5911642E-009
3.848	8.5508027E-009
3.849	8.5256460E-009
3.85	8.5104617E-009
3.851	8.5051459E-009
3.852	8.5150278E-009
3.853	8.5326617E-009
3.854	8.5610132E-009
3.855	8.5951291E-009
3.856	8.6393737E-009
3.857	8.6882697E-009
3.858	8.7377154E-009
3.859	8.7914831E-009
3.86	8.8487067E-009
3.861	8.9028411E-009
3.862	8.9492751E-009
3.863	8.9963708E-009
3.864	9.0387315E-009
3.865	9.0697343E-009
3.866	9.0970156E-009
3.867	9.1148946E-009
3.868	9.1207930E-009
3.869	9.1167411E-009
3.87	9.1023802E-009
3.871	9.0777803E-009
3.872	9.0423002E-009
3.873	8.9948182E-009
3.874	8.9415977E-009
3.875	8.8741494E-009
3.876	8.7989847E-009
3.877	8.7161753E-009
3.878	8.6276710E-009
3.879	8.5384695E-009
3.88	8.4386507E-009
3.881	8.3386809E-009
3.882	8.2395113E-009
3.883	8.1383025E-009
3.884	8.0474365E-009
3.885	7.9526643E-009
3.886	7.8644549E-009
3.887	7.7796969E-009
3.888	7.7029565E-009
3.889	7.6359923E-009
3.89	7.5752427E-009
3.891	7.5256379E-009
3.892	7.4853244E-009
3.893	7.4548474E-009
3.894	7.4336231E-009
3.895	7.4226900E-009
3.896	7.4212743E-009
3.897	7.4293482E-009
3.898	7.4429738E-009
3.899	7.4635977E-009
3.9	7.4921207E-009
3.901	7.5247675E-009
3.902	7.5605833E-009
3.903	7.6004802E-009
3.904	7.6418427E-009
3.905	7.6811926E-009
3.906	7.7192057E-009
3.907	7.7572837E-009
3.908	7.7902893E-009
3.909	7.8181772E-009
3.91	7.8405042E-009
3.911	7.8557596E-009
3.912	7.8637710E-009
3.913	7.8640969E-009
3.914	7.8558564E-009
3.915	7.8406570E-009
3.916	7.8152356E-009
3.917	7.7818605E-009
3.918	7.7399127E-009
3.919	7.6916988E-009
3.92	7.6347977E-009
3.921	7.5705548E-009
3.922	7.5026616E-009
3.923	7.4296285E-009
3.924	7.3526092E-009
3.925	7.2730217E-009
3.926	7.1921402E-009
3.927	7.1123871E-009
3.928	7.0330346E-009
3.929	6.9541755E-009
3.93	6.8790973E-009
3.931	6.8103474E-009
3.932	6.7443109E-009
3.933	6.6831971E-009
3.934	6.6287966E-009
3.935	6.5816201E-009
3.936	6.5432895E-009
3.937	6.5119781E-009
3.938	6.4901347E-009
3.939	6.4730834E-009
3.94	6.4645174E-009
3.941	6.4629004E-009
3.942	6.4687109E-009
3.943	6.4805934E-009
3.944	6.4984413E-009
3.945	6.5202674E-009
3.946	6.5457675E-009
3.947	6.5723760E-009
3.948	6.6015171E-009
3.949	6.6293673E-009
3.95	6.6628307E-009
3.951	6.6906467E-009
3.952	6.7154033E-009
3.953	6.7398811E-009
3.954	6.7574710E-009
3.955	6.7708799E-009
3.956	6.7799326E-009
3.957	6.7832922E-009
3.958	6.7781025E-009
3.959	6.7680790E-009
3.96	6.7501329E-009
3.961	6.7263217E-009
3.962	6.6955606E-009
3.963	6.6581953E-009
3.964	6.6160193E-009
3.965	6.5660517E-009
3.966	6.5118573E-009
3.967	6.4552226E-009
3.968	6.3918804E-009
3.969	6.3312218E-009
3.97	6.2656396E-009
3.971	6.1999783E-009
3.972	6.1330798E-009
3.973	6.0695688E-009
3.974	6.0070287E-009
3.975	5.9468301E-009
3.976	5.8876619E-009
3.977	5.8376917E-009
3.978	5.7898446E-009
3.979	5.7477765E-009
3.98	5.7134484E-009
3.981	5.6824834E-009
3.982	5.6573137E-009
3.983	5.6386535E-009
3.984	5.6283267E-009
3.985	5.6220508E-009
3.986	5.6205525E-009
3.987	5.6240874E-009
3.988	5.6349689E-009
3.989	5.6477205E-009
3.99	5.6642930E-009
3.991	5.6835101E-009
3.992	5.7026059E-009
3.993	5.7265099E-009
3.994	5.7488014E-009
3.995	5.7703393E-009
3.996	5.7917351E-009
3.997	5.8092620E-009
3.998	5.8249974E-009
3.999	5.8354739E-009
4	5.8441612E-009
4.001	5.8475216E-009
4.002	5.8463554E-009
4.003	5.8386949E-009
4.004	5.8275842E-009
4.005	5.8088738E-009
4.006	5.7860232E-009
4.007	5.7575202E-009
4.008	5.7252785E-009
4.009	5.6884515E-009
4.01	5.6463767E-009
4.011	5.6009037E-009
4.012	5.5528155E-009
4.013	5.5025047E-009
4.014	5.4479563E-009
4.015	5.3949547E-009
4.016	5.3406439E-009
4.017	5.2857176E-009
4.018	5.2339360E-009
4.019	5.1841424E-009
4.02	5.1367337E-009
4.021	5.0903517E-009
4.022	5.0498614E-009
4.023	5.0118718E-009
4.024	4.9791415E-009
4.025	4.9499089E-009
4.026	4.9257900E-009
4.027	4.9081161E-009
4.028	4.8948494E-009
4.029	4.8854907E-009
4.03	4.8813948E-009
4.031	4.8812536E-009
4.032	4.8850048E-009
4.033	4.8917390E-009
4.034	4.9015236E-009
4.035	4.9145332E-009
4.036	4.9297597E-009
4.037	4.9458562E-009
4.038	4.9612257E-009
4.039	4.9782902E-009
4.04	4.9944955E-009
4.041	5.0066045E-009
4.042	5.0195994E-009
4.043	5.0302313E-009
4.044	5.0366831E-009
4.045	5.0406812E-009
4.046	5.0399249E-009
4.047	5.0348885E-009
4.048	5.0278408E-009
4.049	5.0142832E-009
4.05	4.9978999E-009
4.051	4.9761946E-009
4.052	4.9513185E-009
4.053	4.9225712E-009
4.054	4.8892868E-009
4.055	4.8521684E-009
4.056	4.8163580E-009
4.057	4.7736708E-009
4.058	4.7309188E-009
4.059	4.6873230E-009
4.06	4.6450004E-009
4.061	4.6004121E-009
4.062	4.5559316E-009
4.063	4.5143569E-009
4.064	4.4735717E-009
4.065	4.4335144E-009
4.066	4.3972919E-009
4.067	4.3646708E-009
4.068	4.3357655E-009
4.069	4.3088799E-009
4.07	4.2863828E-009
4.071	4.2669579E-009
4.072	4.2531623E-009
4.073	4.2425126E-009
4.074	4.2351993E-009
4.075	4.2316608E-009
4.076	4.2314792E-009
4.077	4.2352837E-009
4.078	4.2398836E-009
4.079	4.2475712E-009
4.08	4.2579793E-009
4.081	4.2693538E-009
4.082	4.2809587E-009
4.083	4.2918886E-009
4.084	4.3044164E-009
4.085	4.3157566E-009
4.086	4.3248627E-009
4.087	4.3332014E-009
4.088	4.3394639E-009
4.089	4.3426787E-009
4.09	4.3429793E-009
4.091	4.3401736E-009
4.092	4.3348045E-009
4.093	4.3258339E-009
4.094	4.3135686E-009
4.095	4.2972754E-009
4.096	4.2777031E-009
4.097	4.2561652E-009
4.098	4.2302952E-009
4.099	4.2017478E-009
4.1	4.1725747E-009
4.101	4.1386286E-009
4.102	4.1057850E-009
4.103	4.0700101E-009
4.104	4.0338084E-009
4.105	3.9976817E-009
4.106	3.9617065E-009
4.107	3.9260524E-009
4.108	3.8905998E-009
4.109	3.8574672E-009
4.11	3.8259107E-009
4.111	3.7964436E-009
4.112	3.7698760E-009
4.113	3.7459142E-009
4.114	3.7250880E-009
4.115	3.7072434E-009
4.116	3.6923282E-009
4.117	3.6811063E-009
4.118	3.6726531E-009
4.119	3.6668353E-009
4.12	3.6631957E-009
4.121	3.6639602E-009
4.122	3.6658858E-009
4.123	3.6693293E-009
4.124	3.6754493E-009
4.125	3.6826620E-009
4.126	3.6912287E-009
4.127	3.7000536E-009
4.128	3.7088388E-009
4.129	3.7164258E-009
4.13	3.7245425E-009
4.131	3.7307393E-009
4.132	3.7358832E-009
4.133	3.7387977E-009
4.134	3.7403582E-009
4.135	3.7394323E-009
4.136	3.7356935E-009
4.137	3.7294869E-009
4.138	3.7198464E-009
4.139	3.7090042E-009
4.14	3.6946886E-009
4.141	3.6769896E-009
4.142	3.6575063E-009
4.143	3.6357939E-009
4.144	3.6105232E-009
4.145	3.5852350E-009
4.146	3.5580641E-009
4.147	3.5295142E-009
4.148	3.5006078E-009
4.149	3.4692702E-009
4.15	3.4384915E-009
4.151	3.4095036E-009
4.152	3.3801697E-009
4.153	3.3519942E-009
4.154	3.3239864E-009
4.155	3.2983225E-009
4.156	3.2750349E-009
4.157	3.2536311E-009
4.158	3.2339935E-009
4.159	3.2168894E-009
4.16	3.2022549E-009
4.161	3.1905210E-009
4.162	3.1807172E-009
4.163	3.1730389E-009
4.164	3.1691922E-009
4.165	3.1664611E-009
4.166	3.1664857E-009
4.167	3.1672942E-009
4.168	3.1710363E-009
4.169	3.1754410E-009
4.17	3.1802356E-009
4.171	3.1861829E-009
4.172	3.1921563E-009
4.173	3.1990848E-009
4.174	3.2051535E-009
4.175	3.2104723E-009
4.176	3.2140162E-009
4.177	3.2185514E-009
4.178	3.2194167E-009
4.179	3.2188205E-009
4.18	3.2174137E-009
4.181	3.2132761E-009
4.182	3.2068281E-009
4.183	3.1983733E-009
4.184	3.1875358E-009
4.185	3.1755549E-009
4.186	3.1599423E-009
4.187	3.1431791E-009
4.188	3.1235732E-009
4.189	3.1040077E-009
4.19	3.0820735E-009
4.191	3.0580141E-009
4.192	3.0338898E-009
4.193	3.0086180E-009
4.194	2.9845191E-009
4.195	2.9593710E-009
4.196	2.9340459E-009
4.197	2.9096228E-009
4.198	2.8861278E-009
4.199	2.8636764E-009
4.2	2.8413323E-009
4.201	2.8223253E-009
4.202	2.8037899E-009
4.203	2.7885609E-009
4.204	2.7746700E-009
4.205	2.7619207E-009
4.206	2.7520028E-009
4.207	2.7442570E-009
4.208	2.7384008E-009
4.209	2.7338021E-009
4.21	2.7319023E-009
4.211	2.7309359E-009
4.212	2.7320601E-009
4.213	2.7342915E-009
4.214	2.7374309E-009
4.215	2.7413585E-009
4.216	2.7462836E-009
4.217	2.7506943E-009
4.218	2.7553151E-009
4.219	2.7596314E-009
4.22	2.7639626E-009
4.221	2.7668614E-009
4.222	2.7688962E-009
4.223	2.7693043E-009
4.224	2.7693796E-009
4.225	2.7665084E-009
4.226	2.7626708E-009
4.227	2.7569476E-009
4.228	2.7491867E-009
4.229	2.7399742E-009
4.23	2.7287108E-009
4.231	2.7162830E-009
4.232	2.7011962E-009
4.233	2.6859763E-009
4.234	2.6676441E-009
4.235	2.6490496E-009
4.236	2.6291835E-009
4.237	2.6085107E-009
4.238	2.5879365E-009
4.239	2.5667797E-009
4.24	2.5451448E-009
4.241	2.5242379E-009
4.242	2.5038875E-009
4.243	2.4833862E-009
4.244	2.4644506E-009
4.245	2.4462075E-009
4.246	2.4296032E-009
4.247	2.4145854E-009
4.248	2.4010067E-009
4.249	2.3884701E-009
4.25	2.3779767E-009
4.251	2.3697622E-009
4.252	2.3621727E-009
4.253	2.3572542E-009
4.254	2.3533551E-009
4.255	2.3515025E-009
4.256	2.3505098E-009
4.257	2.3509401E-009
4.258	2.3526341E-009
4.259	2.3549307E-009
4.26	2.3581963E-009
4.261	2.3618865E-009
4.262	2.3652635E-009
4.263	2.3695390E-009
4.264	2.3728879E-009
4.265	2.3766591E-009
4.266	2.3787383E-009
4.267	2.3805546E-009
4.268	2.3806452E-009
4.269	2.3803530E-009
4.27	2.3785178E-009
4.271	2.3753250E-009
4.272	2.3703142E-009
4.273	2.3642310E-009
4.274	2.3564080E-009
4.275	2.3466742E-009
4.276	2.3360669E-009
4.277	2.3236955E-009
4.278	2.3099205E-009
4.279	2.2951958E-009
4.28	2.2786020E-009
4.281	2.2619804E-009
4.282	2.2454234E-009
4.283	2.2272555E-009
4.284	2.2082662E-009
4.285	2.1896733E-009
4.286	2.1716398E-009
4.287	2.1532787E-009
4.288	2.1356648E-009
4.289	2.1188509E-009
4.29	2.1034521E-009
4.291	2.0882247E-009
4.292	2.0748872E-009
4.293	2.0624504E-009
4.294	2.0511488E-009
4.295	2.0416775E-009
4.296	2.0336433E-009
4.297	2.0272397E-009
4.298	2.0220168E-009
4.299	2.0185129E-009
4.3	2.0168389E-009
4.301	2.0160500E-009
4.302	2.0161701E-009
4.303	2.0172688E-009
4.304	2.0195765E-009
4.305	2.0221325E-009
4.306	2.0260158E-009
4.307	2.0294781E-009
4.308	2.0333719E-009
4.309	2.0368087E-009
4.31	2.0404614E-009
4.311	2.0437008E-009
4.312	2.0455144E-009
4.313	2.0468325E-009
4.314	2.0477897E-009
4.315	2.0471767E-009
4.316	2.0450026E-009
4.317	2.0417990E-009
4.318	2.0369741E-009
4.319	2.0313722E-009
4.32	2.0236821E-009
4.321	2.0149582E-009
4.322	2.0045110E-009
4.323	1.9930408E-009
4.324	1.9805397E-009
4.325	1.9669555E-009
4.326	1.9521864E-009
4.327	1.9361854E-009
4.328	1.9200781E-009
4.329	1.9040269E-009
4.33	1.8862183E-009
4.331	1.8692770E-009
4.332	1.8525875E-009
4.333	1.8360359E-009
4.334	1.8200589E-009
4.335	1.8045322E-009
4.336	1.7900441E-009
4.337	1.7772013E-009
4.338	1.7642491E-009
4.339	1.7527826E-009
4.34	1.7433156E-009
4.341	1.7348708E-009
4.342	1.7280093E-009
4.343	1.7227617E-009
4.344	1.7191965E-009
4.345	1.7164243E-009
4.346	1.7158344E-009
4.347	1.7161983E-009
4.348	1.7175080E-009
4.349	1.7204086E-009
4.35	1.7239377E-009
4.351	1.7283585E-009
4.352	1.7332208E-009
4.353	1.7382932E-009
4.354	1.7438575E-009
4.355	1.7492159E-009
4.356	1.7545231E-009
4.357	1.7595019E-009
4.358	1.7635294E-009
4.359	1.7670387E-009
4.36	1.7691472E-009
4.361	1.7708504E-009
4.362	1.7704418E-009
4.363	1.7690287E-009
4.364	1.7660673E-009
4.365	1.7616167E-009
4.366	1.7555217E-009
4.367	1.7478123E-009
4.368	1.7382231E-009
4.369	1.7271947E-009
4.37	1.7147874E-009
4.371	1.7012264E-009
4.372	1.6854032E-009
4.373	1.6691643E-009
4.374	1.6522897E-009
4.375	1.6334031E-009
4.376	1.6151832E-009
4.377	1.5961767E-009
4.378	1.5760456E-009
4.379	1.5573109E-009
4.38	1.5385039E-009
4.381	1.5191963E-009
4.382	1.5017000E-009
4.383	1.4857450E-009
4.384	1.4700259E-009
4.385	1.4559894E-009
4.386	1.4435795E-009
4.387	1.4329896E-009
4.388	1.4243188E-009
4.389	1.4180790E-009
4.39	1.4138919E-009
4.391	1.4117312E-009
4.392	1.4122348E-009
4.393	1.4146782E-009
4.394	1.4200365E-009
4.395	1.4272556E-009
4.396	1.4371839E-009
4.397	1.4486909E-009
4.398	1.4630797E-009
4.399	1.4778240E-009
4.4	1.4956676E-009
4.401	1.5138919E-009
4.402	1.5351035E-009
4.403	1.5556167E-009
4.404	1.5782096E-009
4.405	1.6002196E-009
4.406	1.6227938E-009
4.407	1.6450450E-009
4.408	1.6670273E-009
4.409	1.6896223E-009
4.41	1.7113053E-009
4.411	1.7308032E-009
4.412	1.7498073E-009
4.413	1.7668363E-009
4.414	1.7824711E-009
4.415	1.7955850E-009
4.416	1.8069777E-009
4.417	1.8161364E-009
4.418	1.8225831E-009
4.419	1.8265837E-009
4.42	1.8282814E-009
4.421	1.8271922E-009
4.422	1.8233699E-009
4.423	1.8173851E-009
4.424	1.8087478E-009
4.425	1.7972700E-009
4.426	1.7837000E-009
4.427	1.7676113E-009
4.428	1.7490609E-009
4.429	1.7294678E-009
4.43	1.7073498E-009
4.431	1.6830868E-009
4.432	1.6589298E-009
4.433	1.6319935E-009
4.434	1.6054015E-009
4.435	1.5771289E-009
4.436	1.5485451E-009
4.437	1.5205535E-009
4.438	1.4912135E-009
4.439	1.4621117E-009
4.44	1.4344749E-009
4.441	1.4063769E-009
4.442	1.3792073E-009
4.443	1.3543957E-009
4.444	1.3291955E-009
4.445	1.3052790E-009
4.446	1.2837000E-009
4.447	1.2628685E-009
4.448	1.2435190E-009
4.449	1.2255987E-009
4.45	1.2102996E-009
4.451	1.1968485E-009
4.452	1.1842783E-009
4.453	1.1743109E-009
4.454	1.1650482E-009
4.455	1.1578644E-009
4.456	1.1520110E-009
4.457	1.1479681E-009
4.458	1.1452556E-009
4.459	1.1433382E-009
4.46	1.1429703E-009
4.461	1.1435215E-009
4.462	1.1450418E-009
4.463	1.1468880E-009
4.464	1.1498774E-009
4.465	1.1527669E-009
4.466	1.1560728E-009
4.467	1.1597645E-009
4.468	1.1632191E-009
4.469	1.1666547E-009
4.47	1.1697285E-009
4.471	1.1726506E-009
4.472	1.1749688E-009
4.473	1.1768791E-009
4.474	1.1781515E-009
4.475	1.1786208E-009
4.476	1.1788760E-009
4.477	1.1778299E-009
4.478	1.1761762E-009
4.479	1.1735993E-009
4.48	1.1706052E-009
4.481	1.1667646E-009
4.482	1.1621039E-009
4.483	1.1566001E-009
4.484	1.1506421E-009
4.485	1.1442559E-009
4.486	1.1373723E-009
4.487	1.1301947E-009
4.488	1.1223846E-009
4.489	1.1141759E-009
4.49	1.1059132E-009
4.491	1.0979522E-009
4.492	1.0895888E-009
4.493	1.0811393E-009
4.494	1.0733293E-009
4.495	1.0653987E-009
4.496	1.0579541E-009
4.497	1.0503686E-009
4.498	1.0435699E-009
4.499	1.0369541E-009
4.5	1.0309616E-009
