theta_deg	R_normalised
0.04775	0.192676
0.04925	0.193536
0.05075	0.199175
0.05225	0.204897
0.05375	0.212666
0.05525	0.220544
0.05675	0.230062
0.05825	0.240974
0.05975	0.248255
0.06125	0.254796
0.06275	0.258543
0.06425	0.264838
0.06575	0.271722
0.06725	0.280259
0.06875	0.29075
0.07025	0.302417
0.07175	0.315064
0.07325	0.325621
0.07475	0.332211
0.07625	0.336003
0.07775	0.342964
0.07925	0.352689
0.08075	0.361831
0.08225	0.375246
0.08375	0.387623
0.08525	0.398211
0.08675	0.406286
0.08825	0.408699
0.08975	0.415137
0.09125	0.423636
0.09275	0.435254
0.09425	0.449281
0.09575	0.466226
0.09725	0.480296
0.09875	0.492779
0.10025	0.498678
0.10175	0.505115
0.10325	0.509628
0.10475	0.517201
0.10625	0.528174
0.10775	0.540601
0.10925	0.555237
0.11075	0.566755
0.11225	0.575294
0.11375	0.581405
0.11525	0.586678
0.11675	0.593527
0.11825	0.603698
0.11975	0.616268
0.12125	0.63093
0.12275	0.648578
0.12425	0.661164
0.12575	0.668372
0.12725	0.671997
0.12875	0.677943
0.13025	0.685551
0.13175	0.69424
0.13325	0.707226
0.13475	0.719759
0.13625	0.734709
0.13775	0.741027
0.13925	0.744275
0.14075	0.747904
0.14225	0.753984
0.14375	0.761122
0.14525	0.771982
0.14675	0.78959
0.14825	0.803575
0.14975	0.81633
0.15125	0.821962
0.15275	0.825168
0.15425	0.826529
0.15575	0.832607
0.15725	0.841968
0.15875	0.853527
0.16025	0.865134
0.16175	0.875823
0.16325	0.880958
0.16475	0.885897
0.16625	0.887027
0.16775	0.891171
0.16925	0.89709
0.17075	0.90604
0.17225	0.921147
0.17375	0.931242
0.17525	0.943555
0.17675	0.948365
0.17825	0.947219
0.17975	0.947608
0.18125	0.948979
0.18275	0.955059
0.18425	0.961144
0.18575	0.968785
0.18725	0.973471
0.18875	0.97842
0.19025	0.975901
0.19175	0.976752
0.19325	0.978702
0.19475	0.979201
0.19625	0.983555
0.19775	0.989221
0.19925	0.995652
0.20075	1
0.20225	0.999465
0.20375	0.99759
0.20525	0.995835
0.20675	0.993248
0.20825	0.992652
0.20975	0.990282
0.21125	0.991297
0.21275	0.987775
0.21425	0.981706
0.21575	0.972972
0.21725	0.958927
0.21875	0.939825
0.22025	0.913821
0.22175	0.886309
0.22325	0.862011
0.22475	0.836438
0.22625	0.814201
0.22775	0.796301
0.22925	0.778088
0.23075	0.766537
0.23225	0.759063
0.23375	0.755247
0.23525	0.751608
0.23675	0.752779
0.23825	0.750964
0.23975	0.747428
0.24125	0.739787
0.24275	0.730906
0.24425	0.722435
0.24575	0.714297
0.24725	0.708712
0.24875	0.703552
0.25025	0.700849
0.25175	0.695223
0.25325	0.685098
0.25475	0.671511
0.25625	0.658156
0.25775	0.643873
0.25925	0.630003
0.26075	0.616155
0.26225	0.601343
0.26375	0.585081
0.26525	0.566996
0.26675	0.545761
0.26825	0.522045
0.26975	0.498039
0.27125	0.476007
0.27275	0.452418
0.27425	0.430451
0.27575	0.410992
0.27725	0.389844
0.27875	0.368489
0.28025	0.349863
0.28175	0.328426
0.28325	0.310189
0.28475	0.292846
0.28625	0.27807
0.28775	0.264179
0.28925	0.251337
0.29075	0.238144
0.29225	0.225766
0.29375	0.214706
0.29525	0.201984
0.29675	0.191908
0.29825	0.182624
0.29975	0.174559
0.30125	0.168777
0.30275	0.163047
0.30425	0.157139
0.30575	0.151342
0.30725	0.14654
0.30875	0.141358
0.31025	0.135147
0.31175	0.129173
0.31325	0.12409
0.31475	0.118351
0.31625	0.113706
0.31775	0.107866
0.31925	0.103592
0.32075	0.0997422
0.32225	0.0965309
0.32375	0.0937801
0.32525	0.0933876
0.32675	0.0909447
0.32825	0.089566
0.32975	0.0881892
0.33125	0.0856385
0.33275	0.0829649
0.33425	0.0800587
0.33575	0.0764707
0.33725	0.0733506
0.33875	0.0695188
0.34025	0.0662201
0.34175	0.0630023
0.34325	0.060231
0.34475	0.05879
0.34625	0.0568244
0.34775	0.0557341
0.34925	0.0552681
0.35075	0.0547406
0.35225	0.0550215
0.35375	0.0547545
0.35525	0.0548085
0.35675	0.0537852
0.35825	0.053281
0.35975	0.0519144
0.36125	0.050213
0.36275	0.0481655
0.36425	0.0452956
0.36575	0.0429104
0.36725	0.0405773
0.36875	0.0381605
0.37025	0.0360134
0.37175	0.0343501
0.37325	0.0332998
0.37475	0.0327854
0.37625	0.0325277
0.37775	0.0325686
0.37925	0.0329482
0.38075	0.0334607
0.38225	0.034098
0.38375	0.0342766
0.38525	0.0348152
0.38675	0.0343473
0.38825	0.0338533
0.38975	0.0332654
0.39125	0.0317491
0.39275	0.0309034
0.39425	0.0287945
0.39575	0.0269675
0.39725	0.0249088
0.39875	0.0235264
0.40025	0.0218361
0.40175	0.020637
0.40325	0.0198668
0.40475	0.0193263
0.40625	0.0189291
0.40775	0.0190239
0.40925	0.0193198
0.41075	0.019717
0.41225	0.0204742
0.41375	0.0207003
0.41525	0.0214203
0.41675	0.0219775
0.41825	0.0221171
0.41975	0.0220734
0.42125	0.0221403
0.42275	0.0210436
0.42425	0.0203672
0.42575	0.0198305
0.42725	0.0183253
0.42875	0.0171029
0.43025	0.0160071
0.43175	0.014781
0.43325	0.013767
0.43475	0.0128702
0.43625	0.0120683
0.43775	0.0116627
0.43925	0.0116367
0.44075	0.0115037
0.44225	0.0118116
0.44375	0.0123344
0.44525	0.0130126
0.44675	0.0133186
0.44825	0.0139
0.44975	0.0146954
0.45125	0.0147317
0.45275	0.0153103
0.45425	0.015074
0.45575	0.014955
0.45725	0.0144675
0.45875	0.0140098
0.46025	0.0133354
0.46175	0.0121939
0.46325	0.0111064
0.46475	0.0103241
0.46625	0.00940034
0.46775	0.00864776
0.46925	0.00796215
0.47075	0.00737329
0.47225	0.0070663
0.47375	0.0068542
0.47525	0.00697886
0.47675	0.00718631
0.47825	0.00769609
0.47975	0.00798168
0.48125	0.00856496
0.48275	0.00918824
0.48425	0.00969896
0.48575	0.0103511
0.48725	0.0104739
0.48875	0.0104897
0.49025	0.0106795
0.49175	0.010552
0.49325	0.0100776
0.49475	0.00977896
0.49625	0.00930917
0.49775	0.00851845
0.49925	0.00764028
0.50075	0.00696583
0.50225	0.00624953
0.50375	0.00562439
0.50525	0.00499832
0.50675	0.00457412
0.50825	0.0043462
0.50975	0.0041341
0.51125	0.00434713
0.51275	0.00442156
0.51425	0.00479273
0.51575	0.00520019
0.51725	0.0056309
0.51875	0.00617325
0.52025	0.00663001
0.52175	0.0070263
0.52325	0.00752958
0.52475	0.00777796
0.52625	0.00787098
0.52775	0.007804
0.52925	0.00766539
0.53075	0.00767935
0.53225	0.00725515
0.53375	0.0068942
0.53525	0.00621883
0.53675	0.00573044
0.53825	0.00501786
0.53975	0.00439923
0.54125	0.00382619
0.54275	0.00345687
0.54425	0.00304755
0.54575	0.00280754
0.54725	0.0026987
0.54875	0.00281033
0.55025	0.00292476
0.55175	0.00321686
0.55325	0.00354431
0.55475	0.00405317
0.55625	0.00444574
0.55775	0.00468761
0.55925	0.00532484
0.56075	0.00567742
0.56225	0.00586254
0.56375	0.00606441
0.56525	0.00635744
0.56675	0.00619092
0.56825	0.00606534
0.56975	0.00589975
0.57125	0.00556206
0.57275	0.00509507
0.57425	0.00470343
0.57575	0.00414062
0.57725	0.00360106
0.57875	0.00312011
0.58025	0.00261405
0.58175	0.00229962
0.58325	0.00209403
0.58475	0.00184658
0.58625	0.00181774
0.58775	0.00193867
0.58925	0.00203077
0.59075	0.00235916
0.59225	0.00258149
0.59375	0.00298336
0.59525	0.00338152
0.59675	0.00381967
0.59825	0.00428853
0.59975	0.00448667
0.60125	0.00485413
0.60275	0.00504576
0.60425	0.0051853
0.60575	0.00520856
0.60725	0.0051574
0.60875	0.00484111
0.61025	0.00462714
0.61175	0.00424946
0.61325	0.00379363
0.61475	0.00352478
0.61625	0.00296569
0.61775	0.00251172
0.61925	0.00213775
0.62075	0.0017489
0.62225	0.00153773
0.62375	0.0013647
0.62525	0.00122795
0.62675	0.0011926
0.62825	0.00128098
0.62975	0.00157866
0.63125	0.00180472
0.63275	0.00223543
0.63425	0.00256009
0.63575	0.00298802
0.63725	0.00337408
0.63875	0.00377967
0.64025	0.00405782
0.64175	0.00424574
0.64325	0.00449412
0.64475	0.00464389
0.64625	0.00449784
0.64775	0.00464668
0.64925	0.0043676
0.65075	0.00397782
0.65225	0.00361222
0.65375	0.00343361
0.65525	0.00301406
0.65675	0.00243172
0.65825	0.00210333
0.65975	0.0017089
0.66125	0.00134517
0.66275	0.00118609
0.66425	0.00103911
0.66575	0.000897707
0.66725	0.000960965
0.66875	0.00106702
0.67025	0.00127819
0.67175	0.00155541
0.67325	0.001841
0.67475	0.00213589
0.67625	0.00247637
0.67775	0.00295453
0.67925	0.00335268
0.68075	0.00367827
0.68225	0.00384944
0.68375	0.00421597
0.68525	0.00426899
0.68675	0.00420852
0.68825	0.00428481
0.68975	0.00405689
0.69125	0.00378246
0.69275	0.00352478
0.69425	0.00310151
0.69575	0.00278894
0.69725	0.00242893
0.69875	0.00202612
0.70025	0.00159448
0.70175	0.00135447
0.70325	0.00109027
0.70475	0.000809332
0.70625	0.000764679
0.70775	0.000789796
0.70925	0.000794447
0.71075	0.00102608
0.71225	0.0013154
0.71375	0.00158238
0.71525	0.00199728
0.71675	0.0022838
0.71825	0.00288848
0.71975	0.00320198
0.72125	0.00367548
0.72275	0.00383921
0.72425	0.00416945
0.72575	0.0044169
0.72725	0.00446993
0.72875	0.00451644
0.73025	0.00433225
0.73175	0.00413689
0.73325	0.00378525
0.73475	0.0035378
0.73625	0.00306523
0.73775	0.00273498
0.73925	0.00229032
0.74075	0.00178053
0.74225	0.00151447
0.74375	0.00114144
0.74525	0.000910731
0.74675	0.000748864
0.74825	0.000730259
0.74975	0.000787005
0.75125	0.00094329
0.75275	0.00117307
0.75425	0.00154517
0.75575	0.00201031
0.75725	0.00252474
0.75875	0.0030643
0.76025	0.00367548
0.76175	0.00415829
0.76325	0.00453877
0.76475	0.00489599
0.76625	0.00541508
0.76775	0.00567742
0.76925	0.0058123
0.77075	0.00566625
0.77225	0.0055909
0.77375	0.00532112
0.77525	0.00493041
0.77675	0.00453319
0.77825	0.0040634
0.77975	0.00345594
0.78125	0.00284755
0.78275	0.00232381
0.78425	0.00185216
0.78575	0.00139354
0.78725	0.00112748
0.78875	0.00087445
0.79025	0.000814913
0.79175	0.000913522
0.79325	0.00120097
0.79475	0.00159541
0.79625	0.00208287
0.79775	0.00285592
0.79925	0.00352943
0.80075	0.00450714
0.80225	0.00527461
0.80375	0.00618441
0.80525	0.0070877
0.80675	0.00785145
0.80825	0.00843286
0.80975	0.00899195
0.81125	0.00926731
0.81275	0.00929615
0.81425	0.00949337
0.81575	0.00926824
0.81725	0.00885706
0.81875	0.00815099
0.82025	0.00758167
0.82175	0.00667373
0.82325	0.005803
0.82475	0.00497041
0.82625	0.00405782
0.82775	0.003095
0.82925	0.00252846
0.83075	0.00204193
0.83225	0.00176565
0.83375	0.00169774
0.83525	0.00197216
0.83675	0.00260009
0.83825	0.00349315
0.83975	0.00457412
0.84125	0.00583277
0.84275	0.00723561
0.84425	0.0089966
0.84575	0.0106339
0.84725	0.012513
0.84875	0.0141019
0.85025	0.0156945
0.85175	0.0171681
0.85325	0.0181327
0.85475	0.0185253
0.85625	0.0192258
0.85775	0.0189542
0.85925	0.0184481
0.86075	0.0176918
0.86225	0.016209
0.86375	0.0147177
0.86525	0.0133112
0.86675	0.0114423
0.86825	0.00953151
0.86975	0.00789145
0.87125	0.00657884
0.87275	0.00583928
0.87425	0.005643
0.87575	0.00637884
0.87725	0.00814448
0.87875	0.0112404
0.88025	0.0156257
0.88175	0.0214668
0.88325	0.028761
0.88475	0.0374944
0.88625	0.0480771
0.88775	0.0596663
0.88925	0.0723124
0.89075	0.0854654
0.89225	0.0996799
0.89375	0.114367
0.89525	0.128935
0.89675	0.143905
0.89825	0.158967
0.89975	0.172638
0.90125	0.185194
0.90275	0.198537
0.90425	0.209911
0.90575	0.218648
0.90725	0.227965
0.90875	0.235485
0.91025	0.241165
0.91175	0.245748
0.91325	0.247818
0.91475	0.250002
0.91625	0.24912
0.91775	0.249309
0.91925	0.246705
0.92075	0.241775
0.92225	0.236572
0.92375	0.230704
0.92525	0.223274
0.92675	0.214682
0.92825	0.205548
0.92975	0.195217
0.93125	0.185171
0.93275	0.173606
0.93425	0.161309
0.93575	0.148777
0.93725	0.135724
0.93875	0.123178
0.94025	0.110989
0.94175	0.0980845
0.94325	0.0868487
0.94475	0.0748102
0.94625	0.0650675
0.94775	0.054722
0.94925	0.0456789
0.95075	0.0374014
0.95225	0.0299583
0.95375	0.0237162
0.95525	0.0185653
0.95675	0.0145261
0.95825	0.0113381
0.95975	0.00901335
0.96125	0.00740957
0.96275	0.0064914
0.96425	0.00617139
0.96575	0.00631
0.96725	0.00668117
0.96875	0.00744957
0.97025	0.008271
0.97175	0.00922173
0.97325	0.00989431
0.97475	0.0105343
0.97625	0.0111195
0.97775	0.011392
0.97925	0.0115306
0.98075	0.0114637
0.98225	0.0112302
0.98375	0.0108804
0.98525	0.0101669
0.98675	0.00954546
0.98825	0.00858357
0.98975	0.00734445
0.99125	0.0065528
0.99275	0.00579091
0.99425	0.00478715
0.99575	0.0039927
0.99725	0.00330152
0.99875	0.00262986
1.00025	0.0022652
1.00175	0.00186704
1.00325	0.00164006
1.00475	0.00157959
1.00625	0.00161866
1.00775	0.00171448
1.00925	0.00187821
1.01075	0.00217775
1.01225	0.00231078
1.01375	0.002628
1.01525	0.00286615
1.01675	0.00316384
1.01825	0.00340105
1.01975	0.00354618
1.02125	0.0036485
1.02275	0.00367176
1.02425	0.00352013
1.02575	0.00333035
1.02725	0.00313593
1.02875	0.00297778
1.03025	0.00268568
1.03175	0.00247079
1.03325	0.00220938
1.03475	0.00187635
1.03625	0.0016782
1.03775	0.00136749
1.03925	0.00110051
1.04075	0.000933987
1.04225	0.000771191
1.04375	0.000669792
1.04525	0.000626999
1.04675	0.000600952
1.04825	0.000635372
1.04975	0.000711654
1.05125	0.000760958
1.05275	0.000888404
1.05425	0.00109957
1.05575	0.00119725
1.05725	0.00133028
1.05875	0.00140656
1.06025	0.0015461
1.06175	0.00161122
1.06325	0.0016596
1.06475	0.00180844
1.06625	0.00164006
1.06775	0.00164471
1.06925	0.00157587
1.07075	0.00152564
1.07225	0.00141866
1.07375	0.00132656
1.07525	0.00113399
1.07675	0.000968407
1.07825	0.000792587
1.07975	0.000707933
1.08125	0.000606534
1.08275	0.000506065
1.08425	0.000443737
1.08575	0.000368385
1.08725	0.00034885
1.08875	0.000328384
1.09025	0.000333035
1.09175	0.000363734
1.09325	0.000441876
1.09475	0.000512577
1.09625	0.000562811
1.09775	0.000655838
1.09925	0.00073212
1.10075	0.000791657
1.10225	0.000914452
1.10375	0.000914452
1.10525	0.000910731
1.10675	0.000950732
1.10825	0.000965616
1.10975	0.000898637
1.11125	0.00090701
1.11275	0.000853054
1.11425	0.000811192
1.11575	0.000727468
1.11725	0.000667931
1.11875	0.000577695
1.12025	0.000540485
1.12175	0.000439086
1.12325	0.000373967
1.12475	0.000328384
1.12625	0.000260475
1.12775	0.000240009
1.12925	0.000213961
1.13075	0.000200938
1.13225	0.000202798
1.13375	0.000240939
1.13525	0.000261405
1.13675	0.000323733
1.13825	0.000328384
1.13975	0.00041862
1.14125	0.000432574
1.14275	0.000520949
1.14425	0.000544206
1.14575	0.000598161
1.14725	0.000589789
1.14875	0.000575835
1.15025	0.000597231
1.15175	0.000589789
1.15325	0.000548857
1.15475	0.000534903
1.15625	0.000510716
1.15775	0.000516298
1.15925	0.000413969
1.16075	0.000373967
1.16225	0.000324663
1.16375	0.000272568
1.16525	0.000235357
1.16675	0.000199077
1.16825	0.000171169
1.16975	0.000154424
1.17125	0.000137679
1.17275	0.000112562
1.17425	0.000120935
1.17575	0.00013954
1.17725	0.000184193
1.17875	0.000187914
1.18025	0.000222334
1.18175	0.000270707
1.18325	0.000296755
1.18475	0.000306058
1.18625	0.000345129
1.18775	0.000380479
1.18925	0.000367455
1.19075	0.000376758
1.19225	0.000423271
1.19375	0.000416759
1.19525	0.000377688
1.19675	0.000386991
1.19825	0.00034792
1.19975	0.000368385
1.20125	0.000298615
1.20275	0.00028001
1.20425	0.000248381
1.20575	0.000204659
1.20725	0.000150703
1.20875	0.000144191
1.21025	0.000121865
1.21175	0.000108841
1.21325	8.27937e-05
1.21475	8.93056e-05
1.21625	7.72121e-05
1.21775	9.48872e-05
1.21925	0.000101399
1.22075	0.000127446
1.22225	0.000130237
1.22375	0.000147912
1.22525	0.000172099
1.22675	0.00021117
1.22825	0.000251172
1.22975	0.000254893
1.23125	0.000289313
1.23275	0.0003135
1.23425	0.000276289
1.23575	0.000317221
1.23725	0.000261405
1.23875	0.000274429
1.24025	0.00028094
1.24175	0.00024373
1.24325	0.000219543
1.24475	0.000206519
1.24625	0.000170239
1.24775	0.000131168
1.24925	0.000122795
1.25075	0.000120004
1.25225	8.83753e-05
1.25375	8.18634e-05
1.25525	6.69792e-05
1.25675	7.53516e-05
1.25825	4.83739e-05
1.25975	6.04673e-05
1.26125	8.46542e-05
1.26275	8.00029e-05
1.26425	7.90726e-05
1.26575	0.000124656
1.26725	0.00013861
1.26875	0.000172099
1.27025	0.00017582
1.27175	0.000185123
1.27325	0.000215822
1.27475	0.00021024
1.27625	0.000226055
1.27775	0.00020931
1.27925	0.000200007
1.28075	0.000207449
1.28225	0.000189774
1.28375	0.000197216
1.28525	0.000188844
1.28675	0.000164657
1.28825	0.00014047
1.28975	0.000133028
1.29125	0.000101399
1.29275	5.67462e-05
1.29425	6.23278e-05
1.29575	6.32581e-05
1.29725	4.46528e-05
1.29875	4.00015e-05
1.30025	4.00015e-05
1.30175	4.46528e-05
1.30325	4.46528e-05
1.30475	5.67462e-05
1.30625	5.5816e-05
1.30775	5.67462e-05
1.30925	9.20964e-05
1.31075	0.000116283
1.31225	0.000108841
1.31375	0.000146052
1.31525	0.000155354
1.31675	0.000154424
1.31825	0.000149773
1.31975	0.000160006
1.32125	0.000149773
1.32275	0.000153494
1.32425	0.000152564
1.32575	0.000152564
1.32725	0.000133028
1.32875	0.000113492
1.33025	0.00010512
1.33175	0.000100469
1.33325	7.62818e-05
1.33475	7.25608e-05
1.33625	6.51186e-05
1.33775	5.67462e-05
1.33925	3.53501e-05
1.34075	3.16291e-05
1.34225	2.32567e-05
1.34375	3.34896e-05
1.34525	3.72107e-05
1.34675	3.44199e-05
1.34825	3.62804e-05
1.34975	4.37225e-05
1.35125	6.51186e-05
1.35275	8.83753e-05
1.35425	8.55845e-05
1.35575	9.11661e-05
1.35725	0.000116283
1.35875	0.000129307
1.36025	0.000122795
1.36175	0.000123725
1.36325	0.000146052
1.36475	0.000134889
1.36625	0.00013861
1.36775	0.000151633
1.36925	0.000128377
1.37075	0.000114423
1.37225	0.000109771
1.37375	8.93056e-05
1.37525	9.7678e-05
1.37675	7.25608e-05
1.37825	5.86068e-05
1.37975	4.46528e-05
1.38125	4.83739e-05
1.38275	2.97685e-05
1.38425	2.88383e-05
1.38575	1.58145e-05
1.38725	2.32567e-05
1.38875	3.16291e-05
1.39025	3.44199e-05
1.39175	4.00015e-05
1.39325	5.5816e-05
1.39475	5.5816e-05
1.39625	6.13976e-05
1.39775	8.46542e-05
1.39925	7.3491e-05
1.40075	9.58174e-05
1.40225	0.000107911
1.40375	0.000111632
1.40525	0.000127446
1.40675	0.000120004
1.40825	0.00013861
1.40975	0.000112562
1.41125	0.000102329
1.41275	0.000113492
1.41425	9.95385e-05
1.41575	8.27937e-05
1.41725	6.41884e-05
1.41875	5.11646e-05
1.42025	5.02344e-05
1.42175	5.30252e-05
1.42325	3.53501e-05
1.42475	2.88383e-05
1.42625	2.51172e-05
1.42775	3.44199e-05
1.42925	1.67448e-05
1.43075	7.44213e-06
1.43225	1.95356e-05
1.43375	2.69777e-05
1.43525	4.65133e-05
1.43675	3.81409e-05
1.43825	5.11646e-05
1.43975	4.37225e-05
1.44125	7.44213e-05
1.44275	6.69792e-05
1.44425	9.58174e-05
1.44575	8.09332e-05
1.44725	0.000117214
1.44875	0.00010419
1.45025	0.000122795
1.45175	0.000133958
1.45325	8.93056e-05
1.45475	0.000120935
1.45625	8.83753e-05
1.45775	8.7445e-05
1.45925	7.53516e-05
1.46075	6.60489e-05
1.46225	5.76765e-05
1.46375	4.5583e-05
1.46525	4.83739e-05
1.46675	2.32567e-05
1.46825	2.23264e-05
1.46975	1.95356e-05
1.47125	1.95356e-05
1.47275	1.20935e-05
1.47425	1.20935e-05
1.47575	2.23264e-05
1.47725	2.32567e-05
1.47875	3.06988e-05
1.48025	5.02344e-05
1.48175	4.1862e-05
1.48325	6.32581e-05
1.48475	5.48857e-05
1.48625	7.53516e-05
1.48775	7.53516e-05
1.48925	0.00010419
1.49075	8.7445e-05
1.49225	0.00010326
1.49375	0.000118144
1.49525	8.18634e-05
1.49675	9.86082e-05
1.49825	0.000109771
1.49975	0.000108841
1.50125	7.90726e-05
1.50275	7.07002e-05
1.50425	6.41884e-05
1.50575	4.93041e-05
1.50725	4.65133e-05
1.50875	3.06988e-05
1.51025	3.16291e-05
1.51175	2.60475e-05
1.51325	1.76751e-05
1.51475	1.20935e-05
1.51625	1.02329e-05
1.51775	1.67448e-05
1.51925	2.51172e-05
1.52075	2.69777e-05
1.52225	1.95356e-05
1.52375	2.51172e-05
1.52525	4.00015e-05
1.52675	5.02344e-05
1.52825	5.11646e-05
1.52975	7.90726e-05
1.53125	5.67462e-05
1.53275	7.25608e-05
1.53425	9.39569e-05
1.53575	0.00010512
1.53725	0.00010419
1.53875	8.93056e-05
1.54025	9.48872e-05
1.54175	9.39569e-05
1.54325	7.07002e-05
1.54475	8.7445e-05
1.54625	6.51186e-05
1.54775	6.32581e-05
1.54925	6.32581e-05
1.55075	4.74436e-05
1.55225	4.1862e-05
1.55375	3.16291e-05
1.55525	1.95356e-05
1.55675	1.95356e-05
1.55825	2.32567e-05
1.55975	2.23264e-05
1.56125	2.13961e-05
1.56275	1.20935e-05
1.56425	2.97685e-05
1.56575	2.7908e-05
1.56725	4.27923e-05
1.56875	3.53501e-05
1.57025	5.48857e-05
1.57175	6.04673e-05
1.57325	5.67462e-05
1.57475	8.27937e-05
1.57625	8.46542e-05
1.57775	9.58174e-05
1.57925	0.000113492
1.58075	0.000113492
1.58225	0.000101399
1.58375	0.000119074
1.58525	0.00010512
1.58675	0.000111632
1.58825	8.3724e-05
1.58975	7.90726e-05
1.59125	6.13976e-05
1.59275	6.60489e-05
1.59425	5.86068e-05
1.59575	4.83739e-05
1.59725	4.46528e-05
1.59875	3.25593e-05
1.60025	1.95356e-05
1.60175	2.51172e-05
1.60325	1.48843e-05
1.60475	2.60475e-05
1.60625	2.97685e-05
1.60775	4.00015e-05
1.60925	4.27923e-05
1.61075	4.65133e-05
1.61225	4.46528e-05
1.61375	6.23278e-05
1.61525	7.81424e-05
1.61675	7.90726e-05
1.61825	9.39569e-05
1.61975	0.000113492
1.62125	0.000106981
1.62275	0.000129307
1.62425	0.000127446
1.62575	0.000120935
1.62725	0.000112562
1.62875	0.000113492
1.63025	0.000112562
1.63175	0.000110702
1.63325	0.000110702
1.63475	9.48872e-05
1.63625	7.72121e-05
1.63775	9.02358e-05
1.63925	6.88397e-05
1.64075	4.93041e-05
1.64225	4.65133e-05
1.64375	3.34896e-05
1.64525	3.53501e-05
1.64675	2.51172e-05
1.64825	3.34896e-05
1.64975	4.09317e-05
1.65125	3.72107e-05
1.65275	4.74436e-05
1.65425	6.23278e-05
1.65575	7.72121e-05
1.65725	9.58174e-05
1.65875	9.20964e-05
1.66025	0.000100469
1.66175	0.000130237
1.66325	0.000134889
1.66475	0.000169308
1.66625	0.000202798
1.66775	0.000206519
1.66925	0.000193495
1.67075	0.000198147
1.67225	0.000190705
1.67375	0.000213961
1.67525	0.000203728
1.67675	0.000182332
1.67825	0.000167448
1.67975	0.000180472
1.68125	0.000152564
1.68275	0.000130237
1.68425	0.00010419
1.68575	9.39569e-05
1.68725	6.69792e-05
1.68875	7.44213e-05
1.69025	5.30252e-05
1.69175	5.76765e-05
1.69325	3.81409e-05
1.69475	6.32581e-05
1.69625	6.60489e-05
1.69775	7.07002e-05
1.69925	9.30266e-05
1.70075	9.58174e-05
1.70225	0.000118144
1.70375	0.000160006
1.70525	0.000182332
1.70675	0.000204659
1.70825	0.000206519
1.70975	0.0002428
1.71125	0.000258614
1.71275	0.000271638
1.71425	0.000319081
1.71575	0.00031443
1.71725	0.000319081
1.71875	0.000293034
1.72025	0.000330245
1.72175	0.000266056
1.72325	0.00028001
1.72475	0.000235357
1.72625	0.000221403
1.72775	0.000201868
1.72925	0.00017303
1.73075	0.000149773
1.73225	0.000133958
1.73375	0.000106981
1.73525	8.18634e-05
1.73675	6.41884e-05
1.73825	0.000102329
1.73975	0.000118144
1.74125	0.000152564
1.74275	0.000207449
1.74425	0.000291173
1.74575	0.000391642
1.74725	0.000443737
1.74875	0.000577695
1.75025	0.000714444
1.75175	0.000902358
1.75325	0.0010605
1.75475	0.00120656
1.75625	0.00135447
1.75775	0.00157215
1.75925	0.00170983
1.76075	0.00195356
1.76225	0.00220008
1.76375	0.00234892
1.76525	0.00241404
1.76675	0.00271917
1.76825	0.0028522
1.76975	0.00304197
1.77125	0.00300104
1.77275	0.0032857
1.77425	0.0033164
1.77575	0.00337035
1.77725	0.00325407
1.77875	0.00330152
1.78025	0.00333966
1.78175	0.00322988
1.78325	0.00306988
1.78475	0.00302244
1.78625	0.00297778
1.78775	0.00283266
1.78925	0.00265126
1.79075	0.00250428
1.79225	0.00224194
1.79375	0.00208473
1.79525	0.0020624
1.79675	0.00180937
1.79825	0.00163448
1.79975	0.00136563
1.80125	0.00127726
1.80275	0.00108097
1.80425	0.000955383
1.80575	0.000784215
1.80725	0.000656768
1.80875	0.000565602
1.81025	0.000446528
1.81175	0.000346059
1.81325	0.000282801
1.81475	0.000205589
1.81625	0.000166518
1.81775	0.000111632
1.81925	8.09332e-05
1.82075	8.3724e-05
1.82225	5.67462e-05
1.82375	5.9537e-05
1.82525	4.83739e-05
1.82675	5.20949e-05
1.82825	5.5816e-05
1.82975	8.46542e-05
1.83125	8.3724e-05
1.83275	9.95385e-05
1.83425	0.000106981
1.83575	0.00010605
1.83725	0.000118144
1.83875	0.000136749
1.84025	0.000115353
1.84175	0.000108841
1.84325	0.000115353
1.84475	0.000113492
1.84625	0.000108841
1.84775	9.58174e-05
1.84925	9.67477e-05
1.85075	7.25608e-05
1.85225	5.76765e-05
1.85375	6.79094e-05
1.85525	3.90712e-05
1.85675	4.1862e-05
1.85825	2.97685e-05
1.85975	2.04659e-05
1.86125	2.60475e-05
1.86275	1.30237e-05
1.86425	1.3954e-05
1.86575	9.30266e-06
1.86725	1.48843e-05
1.86875	1.67448e-05
1.87025	1.67448e-05
1.87175	1.3954e-05
1.87325	2.7908e-05
1.87475	2.88383e-05
1.87625	2.7908e-05
1.87775	3.72107e-05
1.87925	3.44199e-05
1.88075	2.69777e-05
1.88225	2.51172e-05
1.88375	4.27923e-05
1.88525	4.00015e-05
1.88675	4.46528e-05
1.88825	4.1862e-05
1.88975	4.65133e-05
1.89125	3.06988e-05
1.89275	3.06988e-05
1.89425	2.60475e-05
1.89575	2.04659e-05
1.89725	1.76751e-05
1.89875	1.30237e-05
1.90025	2.13961e-05
1.90175	5.5816e-06
1.90325	1.3954e-05
1.90475	5.5816e-06
1.90625	5.5816e-06
1.90775	7.44213e-06
1.90925	4.65133e-06
1.91075	9.30266e-07
1.91225	6.51186e-06
1.91375	8.3724e-06
1.91525	1.48843e-05
1.91675	5.5816e-06
1.91825	1.02329e-05
1.91975	1.95356e-05
1.92125	1.11632e-05
1.92275	1.67448e-05
1.92425	1.20935e-05
1.92575	1.30237e-05
1.92725	1.20935e-05
1.92875	1.30237e-05
1.93025	1.67448e-05
1.93175	1.3954e-05
1.93325	1.95356e-05
1.93475	1.58145e-05
1.93625	1.58145e-05
1.93775	1.30237e-05
1.93925	8.3724e-06
1.94075	1.30237e-05
1.94225	1.3954e-05
1.94375	6.51186e-06
1.94525	8.3724e-06
1.94675	3.72107e-06
1.94825	7.44213e-06
1.94975	2.7908e-06
1.95125	4.65133e-06
1.95275	2.7908e-06
1.95425	4.65133e-06
1.95575	9.30266e-06
1.95725	8.3724e-06
1.95875	2.7908e-06
1.96025	9.30266e-06
1.96175	6.51186e-06
1.96325	5.5816e-06
1.96475	6.51186e-06
1.96625	5.5816e-06
1.96775	6.51186e-06
1.96925	8.3724e-06
1.97075	1.11632e-05
1.97225	8.3724e-06
1.97375	1.02329e-05
1.97525	8.3724e-06
1.97675	1.11632e-05
1.97825	1.02329e-05
1.97975	1.02329e-05
1.98125	5.5816e-06
1.98275	7.44213e-06
1.98425	3.72107e-06
1.98575	6.51186e-06
1.98725	3.72107e-06
1.98875	9.30266e-07
1.99025	2.7908e-06
1.99175	2.7908e-06
1.99325	2.7908e-06
1.99475	4.65133e-06
1.99625	1.86053e-06
1.99775	2.7908e-06
1.99925	1.86053e-06
2.00075	9.30266e-07
2.00225	9.30266e-07
2.00375	8.3724e-06
2.00525	3.72107e-06
2.00675	3.72107e-06
2.00825	2.7908e-06
2.00975	2.7908e-06
2.01125	3.72107e-06
2.01275	7.44213e-06
2.01425	7.44213e-06
2.01575	6.51186e-06
2.01725	8.3724e-06
2.01875	9.30266e-06
2.02025	9.30266e-06
2.02175	5.5816e-06
2.02325	6.51186e-06
2.02475	4.65133e-06
2.02625	3.72107e-06
2.02775	6.51186e-06
2.02925	2.7908e-06
2.03075	4.65133e-06
2.03225	9.30266e-07
2.03375	2.7908e-06
2.03525	2.7908e-06
2.03675	2.7908e-06
2.03825	9.30266e-07
2.03975	9.30266e-07
2.04125	9.30266e-07
2.04275	1.86053e-06
2.04425	9.30266e-07
2.04575	1.86053e-06
2.04725	3.72107e-06
2.04875	2.7908e-06
2.05025	3.72107e-06
2.05175	2.7908e-06
2.05325	1.86053e-06
2.05475	6.51186e-06
2.05625	9.30266e-06
2.05775	5.5816e-06
2.05925	4.65133e-06
2.06075	5.5816e-06
2.06225	6.51186e-06
2.06375	7.44213e-06
2.06525	2.7908e-06
2.06675	3.72107e-06
2.06825	3.72107e-06
2.06975	5.5816e-06
2.07125	4.65133e-06
2.07275	4.65133e-06
2.07425	4.65133e-06
2.07575	9.30266e-07
2.07725	1.86053e-06
2.07875	1.86053e-06
2.08025	9.30266e-07
2.08175	1.86053e-06
2.08325	9.30266e-07
2.08475	2.7908e-06
2.08625	9.30266e-07
2.08775	9.30266e-07
2.08925	9.30266e-07
2.09075	2.7908e-06
2.09225	1.86053e-06
2.09375	9.30266e-07
2.09525	3.72107e-06
2.09675	3.72107e-06
2.09825	3.72107e-06
2.09975	4.65133e-06
2.10125	3.72107e-06
2.10275	9.30266e-07
2.10425	4.65133e-06
2.10575	2.7908e-06
2.10725	4.65133e-06
2.10875	4.65133e-06
2.11025	9.30266e-07
2.11175	1.86053e-06
2.11325	2.7908e-06
2.11475	1.86053e-06
2.11625	2.7908e-06
2.11775	9.30266e-07
2.11925	9.30266e-07
2.12075	9.30266e-07
2.12225	1.86053e-06
2.12375	1.86053e-06
2.12525	1.86053e-06
2.12675	1.86053e-06
2.12825	9.30266e-07
2.12975	9.30266e-07
2.13125	9.30266e-07
2.13275	9.30266e-07
2.13425	9.30266e-07
2.13575	2.7908e-06
2.13725	2.7908e-06
2.13875	1.86053e-06
2.14025	3.72107e-06
2.14175	1.86053e-06
2.14325	3.72107e-06
2.14475	4.65133e-06
2.14625	1.86053e-06
2.14775	2.7908e-06
2.14925	1.86053e-06
2.15075	5.5816e-06
2.15225	9.30266e-07
2.15375	3.72107e-06
2.15525	3.72107e-06
2.15675	2.7908e-06
2.15825	9.30266e-07
2.15975	9.30266e-07
2.16125	9.30266e-07
2.16275	1.86053e-06
2.16425	1.86053e-06
2.16575	9.30266e-07
2.16725	9.30266e-07
2.16875	9.30266e-07
2.17025	9.30266e-07
2.17175	9.30266e-07
2.17325	1.86053e-06
2.17475	1.86053e-06
2.17625	3.72107e-06
2.17775	3.72107e-06
2.17925	3.72107e-06
2.18075	1.86053e-06
2.18225	2.7908e-06
2.18375	1.86053e-06
2.18525	9.30266e-07
2.18675	3.72107e-06
2.18825	9.30266e-07
2.18975	9.30266e-07
2.19125	9.30266e-07
2.19275	3.72107e-06
2.19425	1.86053e-06
2.19575	9.30266e-07
2.19725	9.30266e-07
2.19875	3.72107e-06
2.20025	2.7908e-06
2.20175	9.30266e-07
2.20325	9.30266e-07
2.20475	9.30266e-07
2.20625	9.30266e-07
2.20775	1.86053e-06
2.20925	9.30266e-07
2.21075	9.30266e-07
2.21225	1.86053e-06
2.21375	9.30266e-07
2.21525	9.30266e-07
2.21675	2.7908e-06
2.21825	9.30266e-07
2.21975	9.30266e-07
2.22125	1.86053e-06
2.22275	1.86053e-06
2.22425	9.30266e-07
2.22575	9.30266e-07
2.22725	3.72107e-06
2.22875	1.86053e-06
2.23025	1.86053e-06
2.23175	3.72107e-06
2.23325	1.86053e-06
2.23475	1.86053e-06
2.23625	1.86053e-06
2.23775	2.7908e-06
2.23925	2.7908e-06
2.24075	9.30266e-07
2.24225	9.30266e-07
2.24375	9.30266e-07
2.24525	3.72107e-06
2.24675	9.30266e-07
2.24825	9.30266e-07
2.24975	9.30266e-07
2.25125	9.30266e-07
2.25275	9.30266e-07
2.25425	9.30266e-07
2.25575	9.30266e-07
2.25725	9.30266e-07
2.25875	9.30266e-07
2.26025	9.30266e-07
2.26175	9.30266e-07
2.26325	2.7908e-06
2.26475	1.86053e-06
2.26625	1.86053e-06
2.26775	3.72107e-06
2.26925	9.30266e-07
2.27075	9.30266e-07
2.27225	9.30266e-07
2.27375	9.30266e-07
2.27525	9.30266e-07
2.27675	9.30266e-07
2.27825	9.30266e-07
2.27975	9.30266e-07
2.28125	9.30266e-07
2.28275	1.86053e-06
2.28425	9.30266e-07
2.28575	2.7908e-06
2.28725	9.30266e-07
2.28875	2.7908e-06
2.29025	9.30266e-07
2.29175	3.72107e-06
2.29325	9.30266e-07
2.29475	9.30266e-07
2.29625	1.86053e-06
2.29775	9.30266e-07
2.29925	9.30266e-07
2.30075	9.30266e-07
2.30225	2.7908e-06
2.30375	9.30266e-07
2.30525	9.30266e-07
2.30675	9.30266e-07
2.30825	9.30266e-07
2.30975	9.30266e-07
2.31125	1.86053e-06
2.31275	9.30266e-07
2.31425	9.30266e-07
2.31575	9.30266e-07
2.31725	2.7908e-06
2.31875	4.65133e-06
2.32025	1.86053e-06
2.32175	9.30266e-07
2.32325	9.30266e-07
2.32475	9.30266e-07
2.32625	3.72107e-06
2.32775	9.30266e-07
2.32925	3.72107e-06
2.33075	2.7908e-06
2.33225	2.7908e-06
2.33375	9.30266e-07
2.33525	9.30266e-07
2.33675	9.30266e-07
2.33825	1.86053e-06
2.33975	9.30266e-07
2.34125	2.7908e-06
2.34275	9.30266e-07
2.34425	9.30266e-07
2.34575	1.86053e-06
2.34725	9.30266e-07
2.34875	1.86053e-06
2.35025	9.30266e-07
2.35175	2.7908e-06
2.35325	9.30266e-07
2.35475	9.30266e-07
2.35625	9.30266e-07
2.35775	1.86053e-06
2.35925	2.7908e-06
2.36075	1.86053e-06
2.36225	9.30266e-07
2.36375	9.30266e-07
2.36525	9.30266e-07
2.36675	2.7908e-06
2.36825	1.86053e-06
2.36975	9.30266e-07
2.37125	9.30266e-07
2.37275	9.30266e-07
2.37425	1.86053e-06
2.37575	9.30266e-07
2.37725	9.30266e-07
2.37875	9.30266e-07
2.38025	9.30266e-07
2.38175	9.30266e-07
2.38325	1.86053e-06
2.38475	1.86053e-06
2.38625	9.30266e-07
2.38775	9.30266e-07
2.38925	9.30266e-07
2.39075	9.30266e-07
2.39225	9.30266e-07
2.39375	9.30266e-07
2.39525	9.30266e-07
2.39675	9.30266e-07
2.39825	9.30266e-07
2.39975	9.30266e-07
2.40125	9.30266e-07
2.40275	9.30266e-07
2.40425	9.30266e-07
2.40575	1.86053e-06
2.40725	9.30266e-07
2.40875	9.30266e-07
2.41025	2.7908e-06
2.41175	9.30266e-07
2.41325	5.5816e-06
2.41475	1.86053e-06
2.41625	9.30266e-07
2.41775	9.30266e-07
2.41925	9.30266e-07
2.42075	2.7908e-06
2.42225	1.86053e-06
2.42375	2.7908e-06
2.42525	1.86053e-06
2.42675	9.30266e-07
2.42825	9.30266e-07
2.42975	1.86053e-06
2.43125	9.30266e-07
2.43275	9.30266e-07
2.43425	9.30266e-07
2.43575	3.72107e-06
2.43725	1.86053e-06
2.43875	9.30266e-07
2.44025	9.30266e-07
2.44175	9.30266e-07
2.44325	1.86053e-06
2.44475	9.30266e-07
2.44625	3.72107e-06
2.44775	9.30266e-07
2.44925	9.30266e-07
2.45075	4.65133e-06
2.45225	1.86053e-06
2.45375	9.30266e-07
2.45525	3.72107e-06
2.45675	4.65133e-06
2.45825	9.30266e-07
2.45975	9.30266e-07
2.46125	9.30266e-07
2.46275	9.30266e-07
2.46425	9.30266e-07
2.46575	9.30266e-07
2.46725	9.30266e-07
2.46875	1.86053e-06
2.47025	9.30266e-07
2.47175	9.30266e-07
2.47325	9.30266e-07
2.47475	9.30266e-07
2.47625	9.30266e-07
2.47775	9.30266e-07
2.47925	9.30266e-07
2.48075	9.30266e-07
2.48225	9.30266e-07
2.48375	1.86053e-06
2.48525	1.86053e-06
2.48675	2.7908e-06
2.48825	1.86053e-06
2.48975	9.30266e-07
2.49125	9.30266e-07
2.49275	9.30266e-07
2.49425	9.30266e-07
2.49575	9.30266e-07
2.49725	9.30266e-07
2.49875	9.30266e-07
2.50025	1.86053e-06
2.50175	1.86053e-06
2.50325	1.86053e-06
2.50475	9.30266e-07
2.50625	1.86053e-06
2.50775	1.86053e-06
2.50925	9.30266e-07
2.51075	9.30266e-07
2.51225	9.30266e-07
2.51375	9.30266e-07
2.51525	9.30266e-07
2.51675	9.30266e-07
2.51825	2.7908e-06
2.51975	9.30266e-07
2.52125	9.30266e-07
2.52275	9.30266e-07
2.52425	2.7908e-06
2.52575	9.30266e-07
2.52725	9.30266e-07
2.52875	9.30266e-07
2.53025	2.7908e-06
2.53175	1.86053e-06
2.53325	1.86053e-06
2.53475	9.30266e-07
2.53625	9.30266e-07
2.53775	4.65133e-06
2.53925	2.7908e-06
2.54075	1.86053e-06
2.54225	6.51186e-06
2.54375	2.7908e-06
2.54525	5.5816e-06
2.54675	9.30266e-07
2.54825	3.72107e-06
2.54975	3.72107e-06
2.55125	9.30266e-07
2.55275	9.30266e-07
2.55425	1.86053e-06
2.55575	9.30266e-07
2.55725	1.86053e-06
2.55875	9.30266e-07
2.56025	2.7908e-06
2.56175	9.30266e-07
2.56325	1.86053e-06
2.56475	2.7908e-06
2.56625	9.30266e-07
2.56775	9.30266e-07
2.56925	1.86053e-06
2.57075	2.7908e-06
2.57225	9.30266e-07
2.57375	3.72107e-06
2.57525	9.30266e-07
2.57675	9.30266e-07
2.57825	3.72107e-06
2.57975	3.72107e-06
2.58125	1.86053e-06
2.58275	3.72107e-06
2.58425	3.72107e-06
2.58575	2.7908e-06
2.58725	1.86053e-06
2.58875	2.7908e-06
2.59025	5.5816e-06
2.59175	3.72107e-06
2.59325	5.5816e-06
2.59475	1.86053e-06
2.59625	9.30266e-07
2.59775	4.65133e-06
2.59925	3.72107e-06
2.60075	2.7908e-06
2.60225	5.5816e-06
2.60375	1.86053e-06
2.60525	9.30266e-07
2.60675	9.30266e-07
2.60825	1.86053e-06
2.60975	9.30266e-07
2.61125	2.7908e-06
2.61275	1.86053e-06
2.61425	2.7908e-06
2.61575	2.7908e-06
2.61725	5.5816e-06
2.61875	5.5816e-06
2.62025	4.65133e-06
2.62175	6.51186e-06
2.62325	1.58145e-05
2.62475	1.48843e-05
2.62625	2.04659e-05
2.62775	2.41869e-05
2.62925	2.7908e-05
2.63075	3.34896e-05
2.63225	3.72107e-05
2.63375	3.25593e-05
2.63525	3.90712e-05
2.63675	3.90712e-05
2.63825	5.11646e-05
2.63975	7.16305e-05
2.64125	6.41884e-05
2.64275	5.30252e-05
2.64425	7.07002e-05
2.64575	6.88397e-05
2.64725	7.53516e-05
2.64875	6.41884e-05
2.65025	7.72121e-05
2.65175	8.00029e-05
2.65325	8.09332e-05
2.65475	8.3724e-05
2.65625	7.25608e-05
2.65775	8.27937e-05
2.65925	9.20964e-05
2.66075	8.46542e-05
2.66225	7.25608e-05
2.66375	7.16305e-05
2.66525	7.25608e-05
2.66675	5.76765e-05
2.66825	6.88397e-05
2.66975	5.5816e-05
2.67125	4.37225e-05
2.67275	4.37225e-05
2.67425	4.83739e-05
2.67575	3.62804e-05
2.67725	3.44199e-05
2.67875	2.88383e-05
2.68025	3.06988e-05
2.68175	2.41869e-05
2.68325	1.86053e-05
2.68475	1.58145e-05
2.68625	1.76751e-05
2.68775	1.86053e-05
2.68925	8.3724e-06
2.69075	8.3724e-06
2.69225	8.3724e-06
2.69375	9.30266e-06
2.69525	4.65133e-06
2.69675	4.65133e-06
2.69825	2.7908e-06
2.69975	1.86053e-06
2.70125	6.51186e-06
2.70275	4.65133e-06
2.70425	9.30266e-07
2.70575	9.30266e-07
2.70725	1.86053e-06
2.70875	9.30266e-07
2.71025	1.86053e-06
2.71175	2.7908e-06
2.71325	3.72107e-06
2.71475	4.65133e-06
2.71625	3.72107e-06
2.71775	3.72107e-06
2.71925	5.5816e-06
2.72075	1.86053e-06
2.72225	9.30266e-07
2.72375	4.65133e-06
2.72525	9.30266e-07
2.72675	3.72107e-06
2.72825	7.44213e-06
2.72975	4.65133e-06
2.73125	2.7908e-06
2.73275	9.30266e-07
2.73425	1.86053e-06
2.73575	1.86053e-06
2.73725	1.86053e-06
2.73875	9.30266e-07
2.74025	9.30266e-07
2.74175	9.30266e-07
2.74325	9.30266e-07
2.74475	1.86053e-06
2.74625	9.30266e-07
2.74775	2.7908e-06
2.74925	1.86053e-06
2.75075	9.30266e-07
2.75225	9.30266e-07
2.75375	3.72107e-06
2.75525	2.7908e-06
2.75675	9.30266e-07
2.75825	2.7908e-06
2.75975	3.72107e-06
2.76125	9.30266e-07
2.76275	1.86053e-06
2.76425	9.30266e-07
2.76575	9.30266e-07
2.76725	1.86053e-06
2.76875	9.30266e-07
2.77025	1.86053e-06
2.77175	1.86053e-06
2.77325	9.30266e-07
2.77475	3.72107e-06
2.77625	1.86053e-06
2.77775	9.30266e-07
2.77925	9.30266e-07
2.78075	1.86053e-06
2.78225	9.30266e-07
2.78375	9.30266e-07
2.78525	9.30266e-07
2.78675	9.30266e-07
2.78825	9.30266e-07
2.78975	9.30266e-07
2.79125	9.30266e-07
2.79275	9.30266e-07
2.79425	1.86053e-06
2.79575	9.30266e-07
2.79725	2.7908e-06
2.79875	1.86053e-06
2.80025	1.86053e-06
2.80175	9.30266e-07
2.80325	9.30266e-07
2.80475	9.30266e-07
2.80625	9.30266e-07
2.80775	9.30266e-07
2.80925	3.72107e-06
2.81075	9.30266e-07
2.81225	9.30266e-07
2.81375	9.30266e-07
2.81525	1.86053e-06
2.81675	9.30266e-07
2.81825	1.86053e-06
2.81975	9.30266e-07
2.82125	9.30266e-07
2.82275	9.30266e-07
2.82425	9.30266e-07
2.82575	9.30266e-07
2.82725	9.30266e-07
2.82875	9.30266e-07
2.83025	1.86053e-06
2.83175	9.30266e-07
2.83325	9.30266e-07
2.83475	9.30266e-07
2.83625	9.30266e-07
2.83775	9.30266e-07
2.83925	9.30266e-07
2.84075	9.30266e-07
2.84225	9.30266e-07
2.84375	9.30266e-07
2.84525	2.7908e-06
2.84675	9.30266e-07
2.84825	3.72107e-06
2.84975	1.86053e-06
2.85125	9.30266e-07
2.85275	9.30266e-07
2.85425	9.30266e-07
2.85575	9.30266e-07
2.85725	9.30266e-07
2.85875	9.30266e-07
2.86025	9.30266e-07
2.86175	9.30266e-07
2.86325	9.30266e-07
2.86475	9.30266e-07
2.86625	9.30266e-07
2.86775	9.30266e-07
2.86925	9.30266e-07
2.87075	9.30266e-07
2.87225	1.86053e-06
2.87375	9.30266e-07
2.87525	9.30266e-07
2.87675	9.30266e-07
2.87825	9.30266e-07
2.87975	9.30266e-07
2.88125	9.30266e-07
2.88275	1.86053e-06
2.88425	9.30266e-07
2.88575	1.86053e-06
2.88725	1.86053e-06
2.88875	9.30266e-07
2.89025	9.30266e-07
2.89175	9.30266e-07
2.89325	9.30266e-07
2.89475	9.30266e-07
2.89625	9.30266e-07
2.89775	9.30266e-07
2.89925	9.30266e-07
2.90075	9.30266e-07
2.90225	9.30266e-07
2.90375	1.86053e-06
2.90525	9.30266e-07
2.90675	2.7908e-06
2.90825	1.86053e-06
2.90975	9.30266e-07
2.91125	9.30266e-07
2.91275	9.30266e-07
2.91425	2.7908e-06
2.91575	9.30266e-07
2.91725	9.30266e-07
2.91875	9.30266e-07
2.92025	9.30266e-07
2.92175	9.30266e-07
2.92325	9.30266e-07
2.92475	9.30266e-07
2.92625	9.30266e-07
2.92775	9.30266e-07
2.92925	1.86053e-06
2.93075	9.30266e-07
2.93225	9.30266e-07
2.93375	9.30266e-07
2.93525	9.30266e-07
2.93675	9.30266e-07
2.93825	1.86053e-06
2.93975	9.30266e-07
2.94125	9.30266e-07
2.94275	1.86053e-06
2.94425	9.30266e-07
2.94575	9.30266e-07
2.94725	9.30266e-07
2.94875	9.30266e-07
2.95025	9.30266e-07
2.95175	9.30266e-07
2.95325	9.30266e-07
2.95475	9.30266e-07
2.95625	9.30266e-07
2.95775	9.30266e-07
2.95925	9.30266e-07
2.96075	9.30266e-07
2.96225	9.30266e-07
2.96375	9.30266e-07
2.96525	9.30266e-07
2.96675	9.30266e-07
2.96825	9.30266e-07
2.96975	9.30266e-07
2.97125	1.86053e-06
2.97275	9.30266e-07
2.97425	9.30266e-07
2.97575	9.30266e-07
2.97725	9.30266e-07
2.97875	9.30266e-07
2.98025	9.30266e-07
2.98175	9.30266e-07
2.98325	9.30266e-07
2.98475	1.86053e-06
2.98625	9.30266e-07
2.98775	9.30266e-07
2.98925	9.30266e-07
2.99075	9.30266e-07
2.99225	9.30266e-07
2.99375	9.30266e-07
2.99525	9.30266e-07
2.99675	9.30266e-07
2.99825	9.30266e-07
2.99975	9.30266e-07
3.00125	9.30266e-07
3.00275	9.30266e-07
3.00425	9.30266e-07
3.00575	9.30266e-07
3.00725	9.30266e-07
3.00875	1.86053e-06
3.01025	9.30266e-07
3.01175	9.30266e-07
3.01325	9.30266e-07
3.01475	9.30266e-07
3.01625	9.30266e-07
3.01775	9.30266e-07
3.01925	9.30266e-07
3.02075	9.30266e-07
3.02225	1.86053e-06
3.02375	9.30266e-07
3.02525	9.30266e-07
3.02675	9.30266e-07
3.02825	9.30266e-07
3.02975	9.30266e-07
3.03125	9.30266e-07
3.03275	9.30266e-07
3.03425	9.30266e-07
3.03575	9.30266e-07
3.03725	9.30266e-07
3.03875	9.30266e-07
3.04025	9.30266e-07
3.04175	1.86053e-06
3.04325	9.30266e-07
3.04475	2.7908e-06
3.04625	9.30266e-07
3.04775	9.30266e-07
3.04925	9.30266e-07
3.05075	9.30266e-07
3.05225	9.30266e-07
3.05375	9.30266e-07
3.05525	9.30266e-07
3.05675	9.30266e-07
3.05825	9.30266e-07
3.05975	9.30266e-07
3.06125	9.30266e-07
3.06275	9.30266e-07
3.06425	2.7908e-06
3.06575	9.30266e-07
3.06725	9.30266e-07
3.06875	9.30266e-07
3.07025	9.30266e-07
3.07175	9.30266e-07
3.07325	9.30266e-07
3.07475	9.30266e-07
3.07625	9.30266e-07
3.07775	9.30266e-07
3.07925	9.30266e-07
3.08075	9.30266e-07
3.08225	9.30266e-07
3.08375	9.30266e-07
3.08525	9.30266e-07
3.08675	2.7908e-06
3.08825	1.86053e-06
3.08975	9.30266e-07
3.09125	9.30266e-07
3.09275	1.86053e-06
3.09425	9.30266e-07
3.09575	9.30266e-07
3.09725	9.30266e-07
3.09875	9.30266e-07
3.10025	9.30266e-07
3.10175	2.7908e-06
3.10325	9.30266e-07
3.10475	9.30266e-07
3.10625	9.30266e-07
3.10775	9.30266e-07
3.10925	1.86053e-06
3.11075	9.30266e-07
3.11225	1.86053e-06
3.11375	4.65133e-06
3.11525	9.30266e-07
3.11675	9.30266e-07
3.11825	9.30266e-07
3.11975	9.30266e-07
3.12125	9.30266e-07
3.12275	9.30266e-07
3.12425	9.30266e-07
3.12575	9.30266e-07
3.12725	9.30266e-07
3.12875	9.30266e-07
3.13025	9.30266e-07
3.13175	9.30266e-07
3.13325	1.86053e-06
3.13475	9.30266e-07
3.13625	9.30266e-07
3.13775	9.30266e-07
3.13925	9.30266e-07
3.14075	9.30266e-07
3.14225	1.86053e-06
3.14375	2.7908e-06
3.14525	9.30266e-07
3.14675	9.30266e-07
3.14825	9.30266e-07
3.14975	9.30266e-07
3.15125	1.86053e-06
3.15275	9.30266e-07
3.15425	9.30266e-07
3.15575	9.30266e-07
3.15725	9.30266e-07
3.15875	1.86053e-06
3.16025	9.30266e-07
3.16175	9.30266e-07
3.16325	9.30266e-07
3.16475	9.30266e-07
3.16625	9.30266e-07
3.16775	9.30266e-07
3.16925	9.30266e-07
3.17075	2.7908e-06
3.17225	9.30266e-07
3.17375	1.86053e-06
3.17525	9.30266e-07
3.17675	9.30266e-07
3.17825	9.30266e-07
3.17975	9.30266e-07
3.18125	9.30266e-07
3.18275	9.30266e-07
3.18425	9.30266e-07
3.18575	9.30266e-07
3.18725	9.30266e-07
3.18875	9.30266e-07
3.19025	2.7908e-06
3.19175	9.30266e-07
3.19325	9.30266e-07
3.19475	9.30266e-07
3.19625	9.30266e-07
3.19775	9.30266e-07
3.19925	9.30266e-07
3.20075	9.30266e-07
3.20225	9.30266e-07
3.20375	9.30266e-07
3.20525	9.30266e-07
3.20675	9.30266e-07
3.20825	3.72107e-06
3.20975	9.30266e-07
3.21125	9.30266e-07
3.21275	9.30266e-07
3.21425	1.86053e-06
3.21575	9.30266e-07
3.21725	9.30266e-07
3.21875	9.30266e-07
3.22025	9.30266e-07
3.22175	9.30266e-07
3.22325	9.30266e-07
3.22475	9.30266e-07
3.22625	9.30266e-07
3.22775	9.30266e-07
3.22925	2.7908e-06
3.23075	9.30266e-07
3.23225	9.30266e-07
3.23375	9.30266e-07
3.23525	9.30266e-07
3.23675	9.30266e-07
3.23825	9.30266e-07
3.23975	9.30266e-07
3.24125	9.30266e-07
3.24275	9.30266e-07
3.24425	1.86053e-06
3.24575	1.86053e-06
3.24725	9.30266e-07
3.24875	1.86053e-06
3.25025	1.86053e-06
3.25175	5.5816e-06
3.25325	9.30266e-07
3.25475	9.30266e-07
3.25625	1.86053e-06
3.25775	9.30266e-07
3.25925	1.86053e-06
3.26075	1.86053e-06
3.26225	9.30266e-07
3.26375	9.30266e-07
3.26525	9.30266e-07
3.26675	9.30266e-07
3.26825	9.30266e-07
3.26975	9.30266e-07
3.27125	9.30266e-07
3.27275	9.30266e-07
3.27425	9.30266e-07
3.27575	9.30266e-07
3.27725	9.30266e-07
3.27875	9.30266e-07
3.28025	9.30266e-07
3.28175	9.30266e-07
3.28325	1.86053e-06
3.28475	9.30266e-07
3.28625	9.30266e-07
3.28775	9.30266e-07
3.28925	9.30266e-07
3.29075	9.30266e-07
3.29225	9.30266e-07
3.29375	9.30266e-07
3.29525	9.30266e-07
3.29675	9.30266e-07
3.29825	9.30266e-07
3.29975	9.30266e-07
3.30125	9.30266e-07
3.30275	1.86053e-06
3.30425	9.30266e-07
3.30575	9.30266e-07
3.30725	9.30266e-07
3.30875	9.30266e-07
3.31025	9.30266e-07
3.31175	9.30266e-07
3.31325	2.7908e-06
3.31475	9.30266e-07
3.31625	9.30266e-07
3.31775	1.86053e-06
3.31925	9.30266e-07
3.32075	9.30266e-07
3.32225	9.30266e-07
3.32375	9.30266e-07
3.32525	9.30266e-07
3.32675	9.30266e-07
3.32825	9.30266e-07
3.32975	9.30266e-07
3.33125	9.30266e-07
3.33275	9.30266e-07
3.33425	9.30266e-07
3.33575	9.30266e-07
3.33725	9.30266e-07
3.33875	9.30266e-07
3.34025	2.7908e-06
3.34175	9.30266e-07
3.34325	1.86053e-06
3.34475	2.7908e-06
3.34625	9.30266e-07
3.34775	9.30266e-07
3.34925	9.30266e-07
3.35075	1.86053e-06
3.35225	9.30266e-07
3.35375	1.86053e-06
3.35525	9.30266e-07
3.35675	9.30266e-07
3.35825	9.30266e-07
3.35975	9.30266e-07
3.36125	9.30266e-07
3.36275	1.86053e-06
3.36425	9.30266e-07
3.36575	9.30266e-07
3.36725	9.30266e-07
3.36875	9.30266e-07
3.37025	1.86053e-06
3.37175	1.86053e-06
3.37325	9.30266e-07
3.37475	9.30266e-07
3.37625	2.7908e-06
3.37775	9.30266e-07
3.37925	9.30266e-07
3.38075	9.30266e-07
3.38225	1.86053e-06
3.38375	9.30266e-07
3.38525	1.86053e-06
3.38675	9.30266e-07
3.38825	1.86053e-06
3.38975	9.30266e-07
3.39125	9.30266e-07
3.39275	1.86053e-06
3.39425	2.7908e-06
3.39575	9.30266e-07
3.39725	2.7908e-06
3.39875	9.30266e-07
3.40025	9.30266e-07
3.40175	9.30266e-07
3.40325	9.30266e-07
3.40475	1.86053e-06
3.40625	9.30266e-07
3.40775	9.30266e-07
3.40925	9.30266e-07
3.41075	9.30266e-07
3.41225	3.72107e-06
3.41375	9.30266e-07
3.41525	9.30266e-07
3.41675	9.30266e-07
3.41825	9.30266e-07
3.41975	1.86053e-06
3.42125	9.30266e-07
3.42275	1.86053e-06
3.42425	1.86053e-06
3.42575	9.30266e-07
3.42725	2.7908e-06
3.42875	1.86053e-06
3.43025	1.86053e-06
3.43175	9.30266e-07
3.43325	9.30266e-07
3.43475	9.30266e-07
3.43625	2.7908e-06
3.43775	2.7908e-06
3.43925	9.30266e-07
3.44075	9.30266e-07
3.44225	9.30266e-07
3.44375	1.86053e-06
3.44525	9.30266e-07
3.44675	9.30266e-07
3.44825	9.30266e-07
3.44975	9.30266e-07
3.45125	9.30266e-07
3.45275	1.86053e-06
3.45425	2.7908e-06
3.45575	9.30266e-07
3.45725	1.86053e-06
3.45875	1.86053e-06
3.46025	9.30266e-07
3.46175	1.86053e-06
3.46325	9.30266e-07
3.46475	4.65133e-06
3.46625	9.30266e-07
3.46775	4.65133e-06
3.46925	9.30266e-07
3.47075	3.72107e-06
3.47225	9.30266e-07
3.47375	9.30266e-07
3.47525	1.86053e-06
3.47675	1.86053e-06
3.47825	2.7908e-06
3.47975	2.7908e-06
3.48125	1.86053e-06
3.48275	9.30266e-07
3.48425	4.65133e-06
3.48575	9.30266e-07
3.48725	9.30266e-07
3.48875	9.30266e-07
3.49025	1.86053e-06
3.49175	4.65133e-06
3.49325	1.86053e-06
3.49475	1.86053e-06
3.49625	9.30266e-07
3.49775	9.30266e-07
3.49925	9.30266e-07
3.50075	9.30266e-07
3.50225	1.86053e-06
3.50375	9.30266e-07
3.50525	1.86053e-06
3.50675	4.65133e-06
3.50825	1.86053e-06
3.50975	4.65133e-06
3.51125	1.86053e-06
3.51275	6.51186e-06
3.51425	7.44213e-06
3.51575	7.44213e-06
3.51725	8.3724e-06
3.51875	8.3724e-06
3.52025	1.48843e-05
3.52175	1.11632e-05
3.52325	6.51186e-06
3.52475	6.51186e-06
3.52625	9.30266e-06
3.52775	9.30266e-06
3.52925	1.3954e-05
3.53075	1.02329e-05
3.53225	9.30266e-06
3.53375	1.30237e-05
3.53525	1.11632e-05
3.53675	7.44213e-06
3.53825	7.44213e-06
3.53975	5.5816e-06
3.54125	1.11632e-05
3.54275	1.02329e-05
3.54425	3.72107e-06
3.54575	1.02329e-05
3.54725	7.44213e-06
3.54875	3.72107e-06
3.55025	9.30266e-06
3.55175	1.86053e-06
3.55325	6.51186e-06
3.55475	9.30266e-06
3.55625	9.30266e-07
3.55775	1.86053e-06
3.55925	4.65133e-06
3.56075	9.30266e-07
3.56225	2.7908e-06
3.56375	1.86053e-06
3.56525	9.30266e-07
3.56675	9.30266e-07
3.56825	1.86053e-06
3.56975	2.7908e-06
3.57125	9.30266e-07
3.57275	9.30266e-07
3.57425	9.30266e-07
3.57575	9.30266e-07
3.57725	9.30266e-07
3.57875	9.30266e-07
3.58025	9.30266e-07
3.58175	9.30266e-07
3.58325	9.30266e-07
3.58475	9.30266e-07
3.58625	2.7908e-06
3.58775	9.30266e-07
3.58925	9.30266e-07
3.59075	9.30266e-07
3.59225	9.30266e-07
3.59375	9.30266e-07
3.59525	9.30266e-07
3.59675	9.30266e-07
3.59825	9.30266e-07
3.59975	1.86053e-06
3.60125	9.30266e-07
3.60275	9.30266e-07
3.60425	9.30266e-07
3.60575	9.30266e-07
3.60725	9.30266e-07
3.60875	9.30266e-07
3.61025	9.30266e-07
3.61175	9.30266e-07
3.61325	9.30266e-07
3.61475	9.30266e-07
3.61625	9.30266e-07
3.61775	9.30266e-07
3.61925	9.30266e-07
3.62075	9.30266e-07
3.62225	9.30266e-07
3.62375	9.30266e-07
3.62525	9.30266e-07
3.62675	9.30266e-07
3.62825	9.30266e-07
3.62975	9.30266e-07
3.63125	9.30266e-07
3.63275	9.30266e-07
3.63425	9.30266e-07
3.63575	1.86053e-06
3.63725	9.30266e-07
3.63875	2.7908e-06
3.64025	9.30266e-07
3.64175	9.30266e-07
3.64325	1.86053e-06
3.64475	9.30266e-07
3.64625	9.30266e-07
3.64775	1.86053e-06
3.64925	9.30266e-07
3.65075	9.30266e-07
3.65225	9.30266e-07
3.65375	9.30266e-07
3.65525	9.30266e-07
3.65675	9.30266e-07
3.65825	9.30266e-07
3.65975	9.30266e-07
3.66125	9.30266e-07
3.66275	9.30266e-07
3.66425	9.30266e-07
3.66575	9.30266e-07
3.66725	9.30266e-07
3.66875	9.30266e-07
3.67025	9.30266e-07
3.67175	9.30266e-07
3.67325	9.30266e-07
3.67475	9.30266e-07
3.67625	9.30266e-07
3.67775	9.30266e-07
3.67925	9.30266e-07
3.68075	9.30266e-07
3.68225	1.86053e-06
3.68375	9.30266e-07
3.68525	9.30266e-07
3.68675	9.30266e-07
3.68825	1.86053e-06
3.68975	9.30266e-07
3.69125	9.30266e-07
3.69275	9.30266e-07
3.69425	9.30266e-07
3.69575	9.30266e-07
3.69725	9.30266e-07
3.69875	9.30266e-07
3.70025	9.30266e-07
3.70175	9.30266e-07
3.70325	9.30266e-07
3.70475	9.30266e-07
3.70625	9.30266e-07
3.70775	9.30266e-07
3.70925	9.30266e-07
3.71075	9.30266e-07
3.71225	9.30266e-07
3.71375	9.30266e-07
3.71525	9.30266e-07
3.71675	9.30266e-07
3.71825	9.30266e-07
3.71975	9.30266e-07
3.72125	9.30266e-07
3.72275	9.30266e-07
3.72425	9.30266e-07
3.72575	9.30266e-07
3.72725	9.30266e-07
3.72875	9.30266e-07
3.73025	9.30266e-07
3.73175	9.30266e-07
3.73325	9.30266e-07
3.73475	9.30266e-07
3.73625	9.30266e-07
3.73775	9.30266e-07
3.73925	9.30266e-07
3.74075	9.30266e-07
3.74225	9.30266e-07
3.74375	1.86053e-06
3.74525	9.30266e-07
3.74675	9.30266e-07
3.74825	9.30266e-07
3.74975	9.30266e-07
3.75125	9.30266e-07
3.75275	9.30266e-07
3.75425	9.30266e-07
3.75575	9.30266e-07
3.75725	1.86053e-06
3.75875	9.30266e-07
3.76025	9.30266e-07
3.76175	9.30266e-07
3.76325	9.30266e-07
3.76475	9.30266e-07
3.76625	9.30266e-07
3.76775	9.30266e-07
3.76925	9.30266e-07
3.77075	9.30266e-07
3.77225	9.30266e-07
3.77375	9.30266e-07
3.77525	9.30266e-07
3.77675	9.30266e-07
3.77825	9.30266e-07
3.77975	9.30266e-07
3.78125	9.30266e-07
3.78275	9.30266e-07
3.78425	9.30266e-07
3.78575	9.30266e-07
3.78725	9.30266e-07
3.78875	9.30266e-07
3.79025	9.30266e-07
3.79175	9.30266e-07
3.79325	9.30266e-07
3.79475	9.30266e-07
3.79625	9.30266e-07
3.79775	9.30266e-07
3.79925	9.30266e-07
3.80075	9.30266e-07
3.80225	9.30266e-07
3.80375	9.30266e-07
3.80525	9.30266e-07
3.80675	9.30266e-07
3.80825	9.30266e-07
3.80975	9.30266e-07
3.81125	9.30266e-07
3.81275	9.30266e-07
3.81425	9.30266e-07
3.81575	9.30266e-07
3.81725	9.30266e-07
3.81875	9.30266e-07
3.82025	9.30266e-07
3.82175	9.30266e-07
3.82325	9.30266e-07
3.82475	2.7908e-06
3.82625	9.30266e-07
3.82775	9.30266e-07
3.82925	9.30266e-07
3.83075	9.30266e-07
3.83225	9.30266e-07
3.83375	9.30266e-07
3.83525	9.30266e-07
3.83675	9.30266e-07
3.83825	9.30266e-07
3.83975	9.30266e-07
3.84125	9.30266e-07
3.84275	9.30266e-07
3.84425	9.30266e-07
3.84575	9.30266e-07
3.84725	9.30266e-07
3.84875	9.30266e-07
3.85025	9.30266e-07
3.85175	9.30266e-07
3.85325	9.30266e-07
3.85475	9.30266e-07
3.85625	9.30266e-07
3.85775	9.30266e-07
3.85925	9.30266e-07
3.86075	9.30266e-07
3.86225	9.30266e-07
3.86375	9.30266e-07
3.86525	9.30266e-07
3.86675	9.30266e-07
3.86825	9.30266e-07
3.86975	9.30266e-07
3.87125	9.30266e-07
3.87275	9.30266e-07
3.87425	9.30266e-07
3.87575	9.30266e-07
3.87725	9.30266e-07
3.87875	9.30266e-07
3.88025	9.30266e-07
3.88175	9.30266e-07
3.88325	9.30266e-07
3.88475	9.30266e-07
3.88625	9.30266e-07
3.88775	9.30266e-07
3.88925	9.30266e-07
3.89075	9.30266e-07
3.89225	9.30266e-07
3.89375	9.30266e-07
3.89525	9.30266e-07
3.89675	9.30266e-07
3.89825	9.30266e-07
3.89975	9.30266e-07
3.90125	9.30266e-07
3.90275	9.30266e-07
3.90425	9.30266e-07
3.90575	9.30266e-07
3.90725	9.30266e-07
3.90875	9.30266e-07
3.91025	9.30266e-07
3.91175	9.30266e-07
3.91325	9.30266e-07
3.91475	9.30266e-07
3.91625	9.30266e-07
3.91775	9.30266e-07
3.91925	2.7908e-06
3.92075	9.30266e-07
3.92225	9.30266e-07
3.92375	9.30266e-07
3.92525	9.30266e-07
3.92675	9.30266e-07
3.92825	9.30266e-07
3.92975	9.30266e-07
3.93125	9.30266e-07
3.93275	9.30266e-07
3.93425	9.30266e-07
3.93575	9.30266e-07
3.93725	9.30266e-07
3.93875	9.30266e-07
3.94025	9.30266e-07
3.94175	9.30266e-07
3.94325	9.30266e-07
3.94475	9.30266e-07
3.94625	9.30266e-07
3.94775	9.30266e-07
3.94925	9.30266e-07
3.95075	9.30266e-07
3.95225	9.30266e-07
3.95375	9.30266e-07
3.95525	9.30266e-07
3.95675	9.30266e-07
3.95825	9.30266e-07
3.95975	2.7908e-06
3.96125	1.86053e-06
3.96275	9.30266e-07
3.96425	9.30266e-07
3.96575	9.30266e-07
3.96725	9.30266e-07
3.96875	9.30266e-07
3.97025	9.30266e-07
3.97175	9.30266e-07
3.97325	9.30266e-07
3.97475	9.30266e-07
3.97625	9.30266e-07
3.97775	9.30266e-07
3.97925	9.30266e-07
3.98075	9.30266e-07
3.98225	9.30266e-07
3.98375	9.30266e-07
3.98525	9.30266e-07
3.98675	9.30266e-07
3.98825	9.30266e-07
3.98975	9.30266e-07
3.99125	9.30266e-07
3.99275	9.30266e-07
3.99425	9.30266e-07
3.99575	9.30266e-07
3.99725	9.30266e-07
3.99875	9.30266e-07
4.00025	9.30266e-07
4.00175	9.30266e-07
4.00325	9.30266e-07
4.00475	9.30266e-07
4.00625	9.30266e-07
4.00775	9.30266e-07
4.00925	9.30266e-07
4.01075	9.30266e-07
4.01225	1.86053e-06
4.01375	9.30266e-07
4.01525	9.30266e-07
4.01675	9.30266e-07
4.01825	9.30266e-07
4.01975	9.30266e-07
4.02125	9.30266e-07
4.02275	9.30266e-07
4.02425	9.30266e-07
4.02575	9.30266e-07
4.02725	9.30266e-07
4.02875	9.30266e-07
4.03025	9.30266e-07
4.03175	9.30266e-07
4.03325	9.30266e-07
4.03475	9.30266e-07
4.03625	9.30266e-07
4.03775	9.30266e-07
4.03925	9.30266e-07
4.04075	9.30266e-07
4.04225	9.30266e-07
4.04375	9.30266e-07
4.04525	9.30266e-07
4.04675	9.30266e-07
4.04825	9.30266e-07
4.04975	9.30266e-07
4.05125	9.30266e-07
4.05275	9.30266e-07
4.05425	9.30266e-07
4.05575	9.30266e-07
4.05725	9.30266e-07
4.05875	9.30266e-07
4.06025	9.30266e-07
4.06175	9.30266e-07
4.06325	9.30266e-07
4.06475	9.30266e-07
4.06625	9.30266e-07
4.06775	9.30266e-07
4.06925	9.30266e-07
4.07075	2.7908e-06
4.07225	9.30266e-07
4.07375	9.30266e-07
4.07525	9.30266e-07
4.07675	9.30266e-07
4.07825	9.30266e-07
4.07975	9.30266e-07
4.08125	9.30266e-07
4.08275	9.30266e-07
4.08425	9.30266e-07
4.08575	9.30266e-07
4.08725	9.30266e-07
4.08875	9.30266e-07
4.09025	9.30266e-07
4.09175	9.30266e-07
4.09325	9.30266e-07
4.09475	9.30266e-07
4.09625	9.30266e-07
4.09775	9.30266e-07
4.09925	9.30266e-07
4.10075	9.30266e-07
4.10225	9.30266e-07
4.10375	9.30266e-07
4.10525	9.30266e-07
4.10675	9.30266e-07
4.10825	9.30266e-07
4.10975	9.30266e-07
4.11125	9.30266e-07
4.11275	9.30266e-07
4.11425	9.30266e-07
4.11575	9.30266e-07
4.11725	9.30266e-07
4.11875	9.30266e-07
4.12025	9.30266e-07
4.12175	9.30266e-07
4.12325	9.30266e-07
4.12475	9.30266e-07
4.12625	9.30266e-07
4.12775	9.30266e-07
4.12925	9.30266e-07
4.13075	9.30266e-07
4.13225	9.30266e-07
4.13375	9.30266e-07
4.13525	9.30266e-07
4.13675	9.30266e-07
4.13825	9.30266e-07
4.13975	9.30266e-07
4.14125	9.30266e-07
4.14275	9.30266e-07
4.14425	9.30266e-07
4.14575	9.30266e-07
4.14725	9.30266e-07
4.14875	9.30266e-07
4.15025	9.30266e-07
4.15175	9.30266e-07
4.15325	9.30266e-07
4.15475	9.30266e-07
4.15625	9.30266e-07
4.15775	9.30266e-07
4.15925	9.30266e-07
4.16075	9.30266e-07
4.16225	9.30266e-07
4.16375	9.30266e-07
4.16525	9.30266e-07
4.16675	9.30266e-07
4.16825	9.30266e-07
4.16975	9.30266e-07
4.17125	9.30266e-07
4.17275	9.30266e-07
4.17425	9.30266e-07
4.17575	9.30266e-07
4.17725	9.30266e-07
4.17875	9.30266e-07
4.18025	9.30266e-07
4.18175	9.30266e-07
4.18325	9.30266e-07
4.18475	9.30266e-07
4.18625	9.30266e-07
4.18775	9.30266e-07
4.18925	9.30266e-07
4.19075	9.30266e-07
4.19225	9.30266e-07
4.19375	9.30266e-07
4.19525	9.30266e-07
4.19675	9.30266e-07
4.19825	9.30266e-07
4.19975	9.30266e-07
4.20125	9.30266e-07
4.20275	9.30266e-07
4.20425	9.30266e-07
4.20575	9.30266e-07
4.20725	9.30266e-07
4.20875	1.86053e-06
4.21025	9.30266e-07
4.21175	9.30266e-07
4.21325	9.30266e-07
4.21475	9.30266e-07
4.21625	1.86053e-06
4.21775	9.30266e-07
4.21925	9.30266e-07
4.22075	9.30266e-07
4.22225	9.30266e-07
4.22375	9.30266e-07
4.22525	9.30266e-07
4.22675	9.30266e-07
4.22825	9.30266e-07
4.22975	9.30266e-07
4.23125	1.86053e-06
4.23275	9.30266e-07
4.23425	9.30266e-07
4.23575	9.30266e-07
4.23725	9.30266e-07
4.23875	9.30266e-07
4.24025	9.30266e-07
4.24175	9.30266e-07
4.24325	1.86053e-06
4.24475	9.30266e-07
4.24625	9.30266e-07
4.24775	9.30266e-07
4.24925	9.30266e-07
4.25075	9.30266e-07
4.25225	9.30266e-07
4.25375	9.30266e-07
4.25525	9.30266e-07
4.25675	9.30266e-07
4.25825	9.30266e-07
4.25975	9.30266e-07
4.26125	9.30266e-07
4.26275	9.30266e-07
4.26425	9.30266e-07
4.26575	9.30266e-07
4.26725	9.30266e-07
4.26875	9.30266e-07
4.27025	9.30266e-07
4.27175	9.30266e-07
4.27325	9.30266e-07
4.27475	9.30266e-07
4.27625	9.30266e-07
4.27775	9.30266e-07
4.27925	9.30266e-07
4.28075	9.30266e-07
4.28225	9.30266e-07
4.28375	9.30266e-07
4.28525	9.30266e-07
4.28675	9.30266e-07
4.28825	9.30266e-07
4.28975	9.30266e-07
4.29125	9.30266e-07
4.29275	9.30266e-07
4.29425	9.30266e-07
4.29575	9.30266e-07
4.29725	9.30266e-07
4.29875	2.7908e-06
4.30025	9.30266e-07
4.30175	9.30266e-07
4.30325	9.30266e-07
4.30475	9.30266e-07
4.30625	9.30266e-07
4.30775	9.30266e-07
4.30925	9.30266e-07
4.31075	9.30266e-07
4.31225	9.30266e-07
4.31375	9.30266e-07
4.31525	9.30266e-07
4.31675	9.30266e-07
4.31825	9.30266e-07
4.31975	9.30266e-07
4.32125	9.30266e-07
4.32275	9.30266e-07
4.32425	9.30266e-07
4.32575	9.30266e-07
4.32725	9.30266e-07
4.32875	9.30266e-07
4.33025	9.30266e-07
4.33175	9.30266e-07
4.33325	9.30266e-07
4.33475	9.30266e-07
4.33625	9.30266e-07
4.33775	9.30266e-07
4.33925	9.30266e-07
4.34075	9.30266e-07
4.34225	9.30266e-07
4.34375	9.30266e-07
4.34525	9.30266e-07
4.34675	9.30266e-07
4.34825	9.30266e-07
4.34975	9.30266e-07
4.35125	9.30266e-07
4.35275	9.30266e-07
4.35425	9.30266e-07
4.35575	9.30266e-07
4.35725	9.30266e-07
4.35875	9.30266e-07
4.36025	9.30266e-07
4.36175	9.30266e-07
4.36325	9.30266e-07
4.36475	9.30266e-07
4.36625	9.30266e-07
4.36775	9.30266e-07
4.36925	9.30266e-07
4.37075	9.30266e-07
4.37225	9.30266e-07
4.37375	1.86053e-06
4.37525	9.30266e-07
4.37675	9.30266e-07
4.37825	9.30266e-07
4.37975	9.30266e-07
4.38125	9.30266e-07
4.38275	9.30266e-07
4.38425	9.30266e-07
4.38575	9.30266e-07
4.38725	9.30266e-07
4.38875	9.30266e-07
4.39025	9.30266e-07
4.39175	9.30266e-07
4.39325	9.30266e-07
4.39475	9.30266e-07
4.39625	9.30266e-07
4.39775	9.30266e-07
4.39925	9.30266e-07
4.40075	9.30266e-07
4.40225	9.30266e-07
4.40375	9.30266e-07
4.40525	9.30266e-07
4.40675	9.30266e-07
4.40825	2.7908e-06
4.40975	9.30266e-07
4.41125	1.86053e-06
4.41275	9.30266e-07
4.41425	9.30266e-07
4.41575	9.30266e-07
4.41725	9.30266e-07
4.41875	9.30266e-07
4.42025	9.30266e-07
4.42175	9.30266e-07
4.42325	9.30266e-07
4.42475	9.30266e-07
4.42625	9.30266e-07
4.42775	9.30266e-07
4.42925	9.30266e-07
4.43075	1.86053e-06
4.43225	9.30266e-07
4.43375	9.30266e-07
4.43525	9.30266e-07
4.43675	9.30266e-07
4.43825	9.30266e-07
4.43975	9.30266e-07
4.44125	9.30266e-07
4.44275	9.30266e-07
4.44425	9.30266e-07
4.44575	9.30266e-07
4.44725	9.30266e-07
4.44875	9.30266e-07
4.45025	9.30266e-07
4.45175	9.30266e-07
4.45325	9.30266e-07
4.45475	9.30266e-07
4.45625	9.30266e-07
4.45775	9.30266e-07
4.45925	9.30266e-07
4.46075	9.30266e-07
4.46225	9.30266e-07
4.46375	9.30266e-07
4.46525	9.30266e-07
4.46675	9.30266e-07
4.46825	9.30266e-07
4.46975	9.30266e-07
4.47125	9.30266e-07
4.47275	9.30266e-07
4.47425	9.30266e-07
4.47575	9.30266e-07
4.47725	9.30266e-07
4.47875	9.30266e-07
4.48025	9.30266e-07
4.48175	9.30266e-07
4.48325	9.30266e-07
4.48475	9.30266e-07
4.48625	9.30266e-07
4.48775	9.30266e-07
4.48925	9.30266e-07
4.49075	9.30266e-07
4.49225	9.30266e-07
4.49375	9.30266e-07
4.49525	9.30266e-07
4.49675	9.30266e-07
4.49825	9.30266e-07
4.49975	9.30266e-07
4.50125	9.30266e-07
4.50275	9.30266e-07
4.50425	9.30266e-07
4.50575	9.30266e-07
4.50725	9.30266e-07
4.50875	9.30266e-07
4.51025	9.30266e-07
4.51175	1.86053e-06
4.51325	9.30266e-07
4.51475	9.30266e-07
4.51625	9.30266e-07
4.51775	9.30266e-07
4.51925	9.30266e-07
4.52075	9.30266e-07
4.52225	9.30266e-07
4.52375	9.30266e-07
4.52525	9.30266e-07
4.52675	9.30266e-07
4.52825	9.30266e-07
4.52975	9.30266e-07
4.53125	9.30266e-07
4.53275	1.86053e-06
4.53425	9.30266e-07
4.53575	9.30266e-07
4.53725	9.30266e-07
4.53875	9.30266e-07
4.54025	9.30266e-07
4.54175	9.30266e-07
4.54325	9.30266e-07
4.54475	9.30266e-07
4.54625	9.30266e-07
4.54775	9.30266e-07
4.54925	1.86053e-06
4.55075	9.30266e-07
4.55225	9.30266e-07
4.55375	9.30266e-07
4.55525	9.30266e-07
4.55675	9.30266e-07
4.55825	9.30266e-07
4.55975	9.30266e-07
4.56125	1.86053e-06
4.56275	9.30266e-07
4.56425	9.30266e-07
4.56575	9.30266e-07
4.56725	9.30266e-07
4.56875	9.30266e-07
4.57025	9.30266e-07
4.57175	9.30266e-07
4.57325	9.30266e-07
4.57475	9.30266e-07
4.57625	9.30266e-07
4.57775	9.30266e-07
4.57925	9.30266e-07
4.58075	9.30266e-07
4.58225	9.30266e-07
4.58375	9.30266e-07
4.58525	9.30266e-07
4.58675	9.30266e-07
4.58825	9.30266e-07
4.58975	9.30266e-07
4.59125	9.30266e-07
4.59275	9.30266e-07
4.59425	9.30266e-07
4.59575	9.30266e-07
4.59725	9.30266e-07
4.59875	9.30266e-07
4.60025	9.30266e-07
4.60175	9.30266e-07
4.60325	9.30266e-07
4.60475	9.30266e-07
4.60625	9.30266e-07
4.60775	9.30266e-07
4.60925	9.30266e-07
4.61075	9.30266e-07
4.61225	9.30266e-07
4.61375	9.30266e-07
4.61525	9.30266e-07
4.61675	9.30266e-07
4.61825	9.30266e-07
4.61975	9.30266e-07
4.62125	9.30266e-07
4.62275	9.30266e-07
4.62425	9.30266e-07
4.62575	9.30266e-07
4.62725	9.30266e-07
4.62875	9.30266e-07
4.63025	9.30266e-07
4.63175	9.30266e-07
4.63325	9.30266e-07
4.63475	9.30266e-07
4.63625	9.30266e-07
4.63775	9.30266e-07
4.63925	9.30266e-07
4.64075	9.30266e-07
4.64225	9.30266e-07
4.64375	9.30266e-07
4.64525	9.30266e-07
4.64675	9.30266e-07
4.64825	9.30266e-07
4.64975	9.30266e-07
4.65125	1.86053e-06
4.65275	9.30266e-07
4.65425	9.30266e-07
4.65575	9.30266e-07
4.65725	9.30266e-07
4.65875	9.30266e-07
4.66025	9.30266e-07
4.66175	9.30266e-07
4.66325	9.30266e-07
4.66475	9.30266e-07
4.66625	9.30266e-07
4.66775	9.30266e-07
4.66925	9.30266e-07
4.67075	9.30266e-07
4.67225	9.30266e-07
4.67375	9.30266e-07
4.67525	9.30266e-07
4.67675	9.30266e-07
4.67825	9.30266e-07
4.67975	9.30266e-07
4.68125	9.30266e-07
4.68275	9.30266e-07
4.68425	9.30266e-07
4.68575	9.30266e-07
4.68725	9.30266e-07
4.68875	9.30266e-07
4.69025	9.30266e-07
4.69175	9.30266e-07
4.69325	9.30266e-07
4.69475	9.30266e-07
4.69625	9.30266e-07
4.69775	9.30266e-07
4.69925	9.30266e-07
4.70075	9.30266e-07
4.70225	9.30266e-07
4.70375	9.30266e-07
4.70525	2.7908e-06
4.70675	9.30266e-07
4.70825	9.30266e-07
4.70975	9.30266e-07
4.71125	9.30266e-07
4.71275	9.30266e-07
4.71425	9.30266e-07
4.71575	9.30266e-07
4.71725	9.30266e-07
4.71875	9.30266e-07
4.72025	9.30266e-07
4.72175	9.30266e-07
4.72325	9.30266e-07
4.72475	9.30266e-07
4.72625	9.30266e-07
4.72775	9.30266e-07
4.72925	1.86053e-06
4.73075	9.30266e-07
4.73225	9.30266e-07
4.73375	9.30266e-07
4.73525	9.30266e-07
4.73675	9.30266e-07
4.73825	9.30266e-07
4.73975	9.30266e-07
4.74125	9.30266e-07
4.74275	9.30266e-07
4.74425	9.30266e-07
4.74575	9.30266e-07
4.74725	9.30266e-07
4.74875	9.30266e-07
4.75025	9.30266e-07
4.75175	9.30266e-07
4.75325	9.30266e-07
4.75475	9.30266e-07
4.75625	9.30266e-07
4.75775	9.30266e-07
4.75925	9.30266e-07
4.76075	9.30266e-07
4.76225	9.30266e-07
4.76375	9.30266e-07
4.76525	2.7908e-06
4.76675	9.30266e-07
4.76825	9.30266e-07
4.76975	9.30266e-07
4.77125	9.30266e-07
4.77275	9.30266e-07
4.77425	9.30266e-07
4.77575	9.30266e-07
4.77725	9.30266e-07
4.77875	9.30266e-07
4.78025	9.30266e-07
4.78175	9.30266e-07
4.78325	9.30266e-07
4.78475	9.30266e-07
4.78625	9.30266e-07
4.78775	9.30266e-07
4.78925	9.30266e-07
4.79075	9.30266e-07
4.79225	9.30266e-07
4.79375	9.30266e-07
4.79525	9.30266e-07
4.79675	9.30266e-07
4.79825	9.30266e-07
4.79975	9.30266e-07
4.80125	9.30266e-07
4.80275	9.30266e-07
4.80425	9.30266e-07
4.80575	9.30266e-07
4.80725	9.30266e-07
4.80875	9.30266e-07
4.81025	9.30266e-07
4.81175	9.30266e-07
4.81325	9.30266e-07
4.81475	9.30266e-07
4.81625	9.30266e-07
4.81775	9.30266e-07
4.81925	9.30266e-07
4.82075	9.30266e-07
4.82225	9.30266e-07
4.82375	9.30266e-07
4.82525	9.30266e-07
4.82675	9.30266e-07
4.82825	9.30266e-07
4.82975	9.30266e-07
4.83125	9.30266e-07
4.83275	9.30266e-07
4.83425	9.30266e-07
4.83575	9.30266e-07
4.83725	9.30266e-07
4.83875	9.30266e-07
4.84025	9.30266e-07
4.84175	9.30266e-07
4.84325	9.30266e-07
4.84475	9.30266e-07
4.84625	9.30266e-07
4.84775	9.30266e-07
4.84925	9.30266e-07
4.85075	9.30266e-07
4.85225	9.30266e-07
4.85375	9.30266e-07
4.85525	9.30266e-07
4.85675	9.30266e-07
4.85825	9.30266e-07
4.85975	9.30266e-07
4.86125	9.30266e-07
4.86275	1.86053e-06
4.86425	9.30266e-07
4.86575	9.30266e-07
4.86725	9.30266e-07
4.86875	9.30266e-07
4.87025	9.30266e-07
4.87175	9.30266e-07
4.87325	9.30266e-07
4.87475	9.30266e-07
4.87625	9.30266e-07
4.87775	9.30266e-07
4.87925	9.30266e-07
4.88075	9.30266e-07
4.88225	9.30266e-07
4.88375	9.30266e-07
4.88525	9.30266e-07
4.88675	9.30266e-07
4.88825	9.30266e-07
4.88975	9.30266e-07
4.89125	9.30266e-07
4.89275	9.30266e-07
4.89425	9.30266e-07
4.89575	9.30266e-07
4.89725	9.30266e-07
4.89875	9.30266e-07
4.90025	9.30266e-07
4.90175	1.86053e-06
4.90325	9.30266e-07
4.90475	9.30266e-07
4.90625	1.86053e-06
4.90775	9.30266e-07
4.90925	9.30266e-07
4.91075	9.30266e-07
4.91225	9.30266e-07
4.91375	9.30266e-07
4.91525	9.30266e-07
4.91675	9.30266e-07
4.91825	9.30266e-07
4.91975	9.30266e-07
4.92125	9.30266e-07
4.92275	9.30266e-07
4.92425	9.30266e-07
4.92575	9.30266e-07
4.92725	9.30266e-07
4.92875	9.30266e-07
4.93025	9.30266e-07
4.93175	9.30266e-07
4.93325	9.30266e-07
4.93475	9.30266e-07
4.93625	9.30266e-07
4.93775	9.30266e-07
4.93925	9.30266e-07
4.94075	9.30266e-07
4.94225	9.30266e-07
4.94375	9.30266e-07
4.94525	9.30266e-07
4.94675	9.30266e-07
4.94825	9.30266e-07
4.94975	9.30266e-07
4.95125	9.30266e-07
4.95275	9.30266e-07
4.95425	9.30266e-07
4.95575	9.30266e-07
4.95725	9.30266e-07
4.95875	9.30266e-07
4.96025	9.30266e-07
4.96175	9.30266e-07
4.96325	9.30266e-07
4.96475	9.30266e-07
4.96625	9.30266e-07
4.96775	9.30266e-07
4.96925	9.30266e-07
4.97075	9.30266e-07
4.97225	9.30266e-07
4.97375	9.30266e-07
4.97525	9.30266e-07
4.97675	9.30266e-07
4.97825	9.30266e-07
4.97975	9.30266e-07
4.98125	9.30266e-07
4.98275	9.30266e-07
4.98425	9.30266e-07
4.98575	2.7908e-06
4.98725	9.30266e-07
4.98875	9.30266e-07
4.99025	9.30266e-07
4.99175	9.30266e-07
4.99325	9.30266e-07
4.99475	9.30266e-07
4.99625	9.30266e-07
4.99775	9.30266e-07
4.99925	9.30266e-07
5.00075	9.30266e-07
5.00225	9.30266e-07
5.00375	9.30266e-07
5.00525	9.30266e-07
5.00675	9.30266e-07
5.00825	9.30266e-07
5.00975	9.30266e-07
5.01125	9.30266e-07
5.01275	9.30266e-07
5.01425	9.30266e-07
5.01575	9.30266e-07
5.01725	9.30266e-07
5.01875	9.30266e-07
5.02025	9.30266e-07
5.02175	9.30266e-07
5.02325	9.30266e-07
5.02475	9.30266e-07
5.02625	9.30266e-07
5.02775	9.30266e-07
5.02925	9.30266e-07
5.03075	9.30266e-07
5.03225	9.30266e-07
5.03375	9.30266e-07
5.03525	9.30266e-07
5.03675	9.30266e-07
5.03825	9.30266e-07
5.03975	1.86053e-06
5.04125	9.30266e-07
5.04275	9.30266e-07
5.04425	9.30266e-07
5.04575	9.30266e-07
5.04725	9.30266e-07
5.04875	9.30266e-07
5.05025	9.30266e-07
5.05175	9.30266e-07
5.05325	9.30266e-07
5.05475	9.30266e-07
5.05625	9.30266e-07
5.05775	9.30266e-07
5.05925	9.30266e-07
5.06075	9.30266e-07
5.06225	9.30266e-07
5.06375	9.30266e-07
5.06525	9.30266e-07
5.06675	9.30266e-07
5.06825	9.30266e-07
5.06975	9.30266e-07
5.07125	9.30266e-07
5.07275	9.30266e-07
5.07425	9.30266e-07
5.07575	9.30266e-07
5.07725	9.30266e-07
5.07875	9.30266e-07
5.08025	9.30266e-07
5.08175	9.30266e-07
5.08325	9.30266e-07
5.08475	9.30266e-07
5.08625	9.30266e-07
5.08775	9.30266e-07
5.08925	9.30266e-07
5.09075	9.30266e-07
5.09225	9.30266e-07
5.09375	9.30266e-07
5.09525	9.30266e-07
5.09675	9.30266e-07
5.09825	9.30266e-07
5.09975	9.30266e-07
5.10125	9.30266e-07
5.10275	9.30266e-07
5.10425	9.30266e-07
5.10575	9.30266e-07
5.10725	9.30266e-07
5.10875	9.30266e-07
5.11025	9.30266e-07
5.11175	9.30266e-07
5.11325	9.30266e-07
5.11475	9.30266e-07
5.11625	9.30266e-07
5.11775	9.30266e-07
5.11925	9.30266e-07
5.12075	9.30266e-07
5.12225	9.30266e-07
5.12375	9.30266e-07
5.12525	9.30266e-07
5.12675	9.30266e-07
5.12825	9.30266e-07
5.12975	9.30266e-07
5.13125	9.30266e-07
5.13275	9.30266e-07
5.13425	9.30266e-07
5.13575	9.30266e-07
5.13725	9.30266e-07
5.13875	9.30266e-07
5.14025	9.30266e-07
5.14175	9.30266e-07
5.14325	9.30266e-07
5.14475	9.30266e-07
5.14625	9.30266e-07
5.14775	9.30266e-07
5.14925	9.30266e-07
5.15075	9.30266e-07
5.15225	9.30266e-07
5.15375	9.30266e-07
5.15525	9.30266e-07
5.15675	9.30266e-07
5.15825	9.30266e-07
5.15975	9.30266e-07
5.16125	9.30266e-07
5.16275	9.30266e-07
5.16425	9.30266e-07
5.16575	9.30266e-07
5.16725	9.30266e-07
5.16875	9.30266e-07
5.17025	9.30266e-07
5.17175	9.30266e-07
5.17325	9.30266e-07
5.17475	9.30266e-07
5.17625	9.30266e-07
5.17775	9.30266e-07
5.17925	9.30266e-07
5.18075	9.30266e-07
5.18225	1.86053e-06
5.18375	9.30266e-07
5.18525	9.30266e-07
5.18675	9.30266e-07
5.18825	9.30266e-07
5.18975	9.30266e-07
5.19125	9.30266e-07
5.19275	1.86053e-06
5.19425	9.30266e-07
5.19575	9.30266e-07
5.19725	9.30266e-07
5.19875	9.30266e-07
5.20025	9.30266e-07
5.20175	9.30266e-07
5.20325	9.30266e-07
5.20475	9.30266e-07
5.20625	9.30266e-07
5.20775	9.30266e-07
5.20925	9.30266e-07
5.21075	9.30266e-07
5.21225	9.30266e-07
5.21375	9.30266e-07
5.21525	9.30266e-07
5.21675	9.30266e-07
5.21825	9.30266e-07
5.21975	9.30266e-07
5.22125	9.30266e-07
5.22275	9.30266e-07
5.22425	9.30266e-07
5.22575	9.30266e-07
5.22725	9.30266e-07
5.22875	9.30266e-07
5.23025	9.30266e-07
5.23175	9.30266e-07
5.23325	9.30266e-07
5.23475	9.30266e-07
5.23625	9.30266e-07
5.23775	9.30266e-07
5.23925	9.30266e-07
5.24075	9.30266e-07
5.24225	9.30266e-07
5.24375	9.30266e-07
5.24525	9.30266e-07
5.24675	9.30266e-07
5.24825	9.30266e-07
5.24975	9.30266e-07
5.25125	9.30266e-07
5.25275	2.7908e-06
5.25425	9.30266e-07
5.25575	9.30266e-07
5.25725	9.30266e-07
5.25875	9.30266e-07
5.26025	9.30266e-07
5.26175	9.30266e-07
5.26325	9.30266e-07
5.26475	9.30266e-07
5.26625	9.30266e-07
5.26775	9.30266e-07
5.26925	9.30266e-07
5.27075	9.30266e-07
5.27225	9.30266e-07
5.27375	9.30266e-07
5.27525	9.30266e-07
5.27675	9.30266e-07
5.27825	9.30266e-07
5.27975	9.30266e-07
5.28125	9.30266e-07
5.28275	9.30266e-07
5.28425	9.30266e-07
5.28575	9.30266e-07
5.28725	9.30266e-07
5.28875	9.30266e-07
5.29025	9.30266e-07
5.29175	9.30266e-07
5.29325	9.30266e-07
5.29475	9.30266e-07
5.29625	9.30266e-07
5.29775	9.30266e-07
5.29925	9.30266e-07
5.30075	9.30266e-07
5.30225	1.86053e-06
5.30375	9.30266e-07
5.30525	9.30266e-07
5.30675	9.30266e-07
5.30825	9.30266e-07
5.30975	9.30266e-07
5.31125	9.30266e-07
5.31275	9.30266e-07
5.31425	9.30266e-07
5.31575	9.30266e-07
5.31725	9.30266e-07
5.31875	9.30266e-07
5.32025	9.30266e-07
5.32175	1.86053e-06
5.32325	1.86053e-06
5.32475	9.30266e-07
5.32625	9.30266e-07
5.32775	9.30266e-07
5.32925	9.30266e-07
5.33075	9.30266e-07
5.33225	9.30266e-07
5.33375	9.30266e-07
5.33525	9.30266e-07
5.33675	9.30266e-07
5.33825	9.30266e-07
5.33975	9.30266e-07
5.34125	9.30266e-07
5.34275	9.30266e-07
5.34425	9.30266e-07
5.34575	9.30266e-07
5.34725	9.30266e-07
5.34875	9.30266e-07
5.35025	9.30266e-07
5.35175	9.30266e-07
5.35325	9.30266e-07
5.35475	9.30266e-07
5.35625	9.30266e-07
5.35775	9.30266e-07
5.35925	9.30266e-07
5.36075	9.30266e-07
5.36225	9.30266e-07
5.36375	9.30266e-07
5.36525	9.30266e-07
5.36675	9.30266e-07
5.36825	9.30266e-07
5.36975	1.86053e-06
5.37125	9.30266e-07
5.37275	9.30266e-07
5.37425	9.30266e-07
5.37575	9.30266e-07
5.37725	1.86053e-06
5.37875	9.30266e-07
5.38025	9.30266e-07
5.38175	9.30266e-07
5.38325	9.30266e-07
5.38475	9.30266e-07
5.38625	9.30266e-07
5.38775	9.30266e-07
5.38925	1.86053e-06
5.39075	9.30266e-07
5.39225	9.30266e-07
5.39375	9.30266e-07
5.39525	9.30266e-07
5.39675	9.30266e-07
5.39825	9.30266e-07
5.39975	9.30266e-07
5.40125	9.30266e-07
5.40275	9.30266e-07
5.40425	9.30266e-07
5.40575	9.30266e-07
5.40725	9.30266e-07
5.40875	9.30266e-07
5.41025	9.30266e-07
5.41175	9.30266e-07
5.41325	9.30266e-07
5.41475	9.30266e-07
5.41625	9.30266e-07
5.41775	9.30266e-07
5.41925	9.30266e-07
5.42075	9.30266e-07
5.42225	9.30266e-07
5.42375	9.30266e-07
5.42525	9.30266e-07
5.42675	9.30266e-07
5.42825	1.86053e-06
5.42975	9.30266e-07
5.43125	9.30266e-07
5.43275	9.30266e-07
5.43425	9.30266e-07
5.43575	9.30266e-07
5.43725	9.30266e-07
5.43875	9.30266e-07
5.44025	9.30266e-07
5.44175	9.30266e-07
5.44325	9.30266e-07
5.44475	9.30266e-07
5.44625	9.30266e-07
5.44775	9.30266e-07
5.44925	9.30266e-07
5.45075	9.30266e-07
5.45225	9.30266e-07
5.45375	9.30266e-07
5.45525	9.30266e-07
5.45675	9.30266e-07
5.45825	9.30266e-07
5.45975	9.30266e-07
5.46125	9.30266e-07
5.46275	9.30266e-07
5.46425	9.30266e-07
5.46575	9.30266e-07
5.46725	9.30266e-07
5.46875	9.30266e-07
5.47025	9.30266e-07
5.47175	9.30266e-07
5.47325	9.30266e-07
5.47475	9.30266e-07
5.47625	9.30266e-07
5.47775	9.30266e-07
5.47925	9.30266e-07
5.48075	9.30266e-07
5.48225	9.30266e-07
5.48375	9.30266e-07
5.48525	9.30266e-07
5.48675	9.30266e-07
5.48825	9.30266e-07
5.48975	9.30266e-07
5.49125	9.30266e-07
5.49275	9.30266e-07
5.49425	9.30266e-07
5.49575	9.30266e-07
5.49725	9.30266e-07
5.49875	9.30266e-07
5.50025	9.30266e-07
5.50175	9.30266e-07
5.50325	9.30266e-07
5.50475	9.30266e-07
5.50625	9.30266e-07
5.50775	9.30266e-07
5.50925	9.30266e-07
5.51075	9.30266e-07
5.51225	9.30266e-07
5.51375	9.30266e-07
5.51525	9.30266e-07
5.51675	9.30266e-07
5.51825	9.30266e-07
5.51975	9.30266e-07
5.52125	9.30266e-07
5.52275	9.30266e-07
5.52425	9.30266e-07
5.52575	9.30266e-07
5.52725	9.30266e-07
5.52875	9.30266e-07
5.53025	9.30266e-07
5.53175	9.30266e-07
5.53325	9.30266e-07
5.53475	9.30266e-07
5.53625	9.30266e-07
5.53775	9.30266e-07
5.53925	9.30266e-07
5.54075	9.30266e-07
5.54225	9.30266e-07
5.54375	9.30266e-07
5.54525	9.30266e-07
5.54675	9.30266e-07
5.54825	9.30266e-07
5.54975	9.30266e-07
5.55125	9.30266e-07
5.55275	9.30266e-07
5.55425	9.30266e-07
5.55575	9.30266e-07
5.55725	9.30266e-07
5.55875	9.30266e-07
5.56025	9.30266e-07
5.56175	9.30266e-07
5.56325	9.30266e-07
5.56475	9.30266e-07
5.56625	9.30266e-07
5.56775	9.30266e-07
5.56925	9.30266e-07
5.57075	9.30266e-07
5.57225	9.30266e-07
5.57375	9.30266e-07
5.57525	9.30266e-07
5.57675	9.30266e-07
5.57825	9.30266e-07
5.57975	9.30266e-07
5.58125	9.30266e-07
5.58275	9.30266e-07
5.58425	9.30266e-07
5.58575	9.30266e-07
5.58725	9.30266e-07
5.58875	9.30266e-07
5.59025	9.30266e-07
5.59175	9.30266e-07
5.59325	9.30266e-07
5.59475	9.30266e-07
5.59625	9.30266e-07
5.59775	9.30266e-07
5.59925	9.30266e-07
5.60075	9.30266e-07
5.60225	9.30266e-07
5.60375	9.30266e-07
5.60525	9.30266e-07
5.60675	9.30266e-07
5.60825	9.30266e-07
5.60975	9.30266e-07
5.61125	9.30266e-07
5.61275	9.30266e-07
5.61425	9.30266e-07
5.61575	9.30266e-07
5.61725	9.30266e-07
5.61875	9.30266e-07
5.62025	9.30266e-07
5.62175	9.30266e-07
5.62325	9.30266e-07
5.62475	9.30266e-07
5.62625	9.30266e-07
5.62775	1.86053e-06
5.62925	9.30266e-07
5.63075	2.7908e-06
5.63225	9.30266e-07
5.63375	9.30266e-07
5.63525	9.30266e-07
5.63675	9.30266e-07
5.63825	9.30266e-07
5.63975	1.86053e-06
5.64125	9.30266e-07
5.64275	9.30266e-07
5.64425	9.30266e-07
5.64575	9.30266e-07
5.64725	9.30266e-07
5.64875	9.30266e-07
5.65025	9.30266e-07
5.65175	9.30266e-07
5.65325	9.30266e-07
5.65475	9.30266e-07
5.65625	9.30266e-07
5.65775	9.30266e-07
5.65925	9.30266e-07
5.66075	9.30266e-07
5.66225	9.30266e-07
5.66375	9.30266e-07
5.66525	9.30266e-07
5.66675	9.30266e-07
5.66825	9.30266e-07
5.66975	9.30266e-07
5.67125	9.30266e-07
5.67275	9.30266e-07
5.67425	9.30266e-07
5.67575	9.30266e-07
5.67725	9.30266e-07
5.67875	9.30266e-07
5.68025	9.30266e-07
5.68175	9.30266e-07
5.68325	9.30266e-07
5.68475	9.30266e-07
5.68625	9.30266e-07
5.68775	9.30266e-07
5.68925	9.30266e-07
5.69075	9.30266e-07
5.69225	9.30266e-07
5.69375	9.30266e-07
5.69525	9.30266e-07
5.69675	9.30266e-07
5.69825	9.30266e-07
5.69975	9.30266e-07
5.70125	9.30266e-07
5.70275	9.30266e-07
5.70425	9.30266e-07
5.70575	9.30266e-07
5.70725	9.30266e-07
5.70875	9.30266e-07
5.71025	9.30266e-07
5.71175	9.30266e-07
5.71325	9.30266e-07
5.71475	9.30266e-07
5.71625	9.30266e-07
5.71775	9.30266e-07
5.71925	1.86053e-06
5.72075	9.30266e-07
5.72225	9.30266e-07
5.72375	9.30266e-07
5.72525	9.30266e-07
5.72675	9.30266e-07
5.72825	9.30266e-07
5.72975	9.30266e-07
5.73125	9.30266e-07
5.73275	9.30266e-07
5.73425	9.30266e-07
5.73575	9.30266e-07
5.73725	1.86053e-06
5.73875	9.30266e-07
5.74025	9.30266e-07
5.74175	9.30266e-07
5.74325	9.30266e-07
5.74475	9.30266e-07
5.74625	9.30266e-07
5.74775	9.30266e-07
5.74925	9.30266e-07
5.75075	9.30266e-07
5.75225	9.30266e-07
5.75375	9.30266e-07
5.75525	9.30266e-07
5.75675	9.30266e-07
5.75825	9.30266e-07
5.75975	9.30266e-07
5.76125	9.30266e-07
5.76275	9.30266e-07
5.76425	9.30266e-07
5.76575	9.30266e-07
5.76725	9.30266e-07
5.76875	9.30266e-07
5.77025	9.30266e-07
5.77175	9.30266e-07
5.77325	9.30266e-07
5.77475	9.30266e-07
5.77625	9.30266e-07
5.77775	9.30266e-07
5.77925	9.30266e-07
5.78075	9.30266e-07
5.78225	1.86053e-06
5.78375	9.30266e-07
5.78525	9.30266e-07
5.78675	9.30266e-07
5.78825	9.30266e-07
5.78975	9.30266e-07
5.79125	9.30266e-07
5.79275	9.30266e-07
5.79425	9.30266e-07
5.79575	9.30266e-07
5.79725	9.30266e-07
5.79875	9.30266e-07
5.80025	9.30266e-07
5.80175	9.30266e-07
5.80325	9.30266e-07
5.80475	9.30266e-07
5.80625	9.30266e-07
5.80775	9.30266e-07
5.80925	9.30266e-07
5.81075	9.30266e-07
5.81225	9.30266e-07
5.81375	9.30266e-07
5.81525	9.30266e-07
5.81675	9.30266e-07
5.81825	9.30266e-07
5.81975	9.30266e-07
5.82125	9.30266e-07
5.82275	9.30266e-07
5.82425	9.30266e-07
5.82575	9.30266e-07
5.82725	9.30266e-07
5.82875	9.30266e-07
5.83025	9.30266e-07
5.83175	9.30266e-07
5.83325	9.30266e-07
5.83475	9.30266e-07
5.83625	9.30266e-07
5.83775	9.30266e-07
5.83925	9.30266e-07
5.84075	9.30266e-07
5.84225	9.30266e-07
5.84375	9.30266e-07
5.84525	9.30266e-07
5.84675	9.30266e-07
5.84825	9.30266e-07
5.84975	9.30266e-07
5.85125	9.30266e-07
5.85275	9.30266e-07
5.85425	9.30266e-07
5.85575	9.30266e-07
5.85725	9.30266e-07
5.85875	9.30266e-07
5.86025	9.30266e-07
5.86175	9.30266e-07
5.86325	9.30266e-07
5.86475	9.30266e-07
5.86625	9.30266e-07
5.86775	9.30266e-07
5.86925	9.30266e-07
5.87075	9.30266e-07
5.87225	9.30266e-07
5.87375	9.30266e-07
5.87525	9.30266e-07
5.87675	9.30266e-07
5.87825	9.30266e-07
5.87975	9.30266e-07
5.88125	9.30266e-07
5.88275	9.30266e-07
5.88425	9.30266e-07
5.88575	9.30266e-07
5.88725	9.30266e-07
5.88875	9.30266e-07
5.89025	9.30266e-07
5.89175	9.30266e-07
5.89325	1.86053e-06
5.89475	9.30266e-07
5.89625	9.30266e-07
5.89775	9.30266e-07
5.89925	9.30266e-07
5.90075	9.30266e-07
5.90225	9.30266e-07
5.90375	9.30266e-07
5.90525	9.30266e-07
5.90675	9.30266e-07
5.90825	9.30266e-07
5.90975	9.30266e-07
5.91125	9.30266e-07
5.91275	9.30266e-07
5.91425	9.30266e-07
5.91575	9.30266e-07
5.91725	9.30266e-07
5.91875	9.30266e-07
5.92025	2.7908e-06
5.92175	9.30266e-07
5.92325	9.30266e-07
5.92475	9.30266e-07
5.92625	9.30266e-07
5.92775	9.30266e-07
5.92925	9.30266e-07
5.93075	9.30266e-07
5.93225	9.30266e-07
5.93375	9.30266e-07
5.93525	9.30266e-07
5.93675	9.30266e-07
5.93825	9.30266e-07
5.93975	9.30266e-07
5.94125	9.30266e-07
5.94275	9.30266e-07
5.94425	9.30266e-07
5.94575	9.30266e-07
5.94725	9.30266e-07
5.94875	9.30266e-07
5.95025	9.30266e-07
5.95175	9.30266e-07
5.95325	9.30266e-07
5.95475	9.30266e-07
5.95625	9.30266e-07
5.95775	9.30266e-07
5.95925	9.30266e-07
5.96075	9.30266e-07
5.96225	1.86053e-06
5.96375	9.30266e-07
5.96525	9.30266e-07
5.96675	9.30266e-07
5.96825	9.30266e-07
5.96975	9.30266e-07
5.97125	9.30266e-07
5.97275	9.30266e-07
5.97425	9.30266e-07
5.97575	9.30266e-07
5.97725	9.30266e-07
5.97875	9.30266e-07
5.98025	9.30266e-07
5.98175	9.30266e-07
5.98325	9.30266e-07
5.98475	9.30266e-07
5.98625	9.30266e-07
5.98775	9.30266e-07
5.98925	9.30266e-07
5.99075	9.30266e-07
5.99225	9.30266e-07
5.99375	9.30266e-07
5.99525	9.30266e-07
5.99675	9.30266e-07
5.99825	9.30266e-07
5.99975	9.30266e-07
6.00125	9.30266e-07
6.00275	9.30266e-07
6.00425	9.30266e-07
6.00575	9.30266e-07
6.00725	9.30266e-07
6.00875	9.30266e-07
6.01025	9.30266e-07
6.01175	9.30266e-07
6.01325	9.30266e-07
6.01475	9.30266e-07
6.01625	9.30266e-07
6.01775	9.30266e-07
6.01925	9.30266e-07
6.02075	9.30266e-07
6.02225	9.30266e-07
6.02375	9.30266e-07
6.02525	9.30266e-07
6.02675	9.30266e-07
6.02825	9.30266e-07
6.02975	9.30266e-07
6.03125	1.86053e-06
6.03275	9.30266e-07
6.03425	9.30266e-07
6.03575	9.30266e-07
6.03725	9.30266e-07
6.03875	9.30266e-07
6.04025	9.30266e-07
6.04175	9.30266e-07
6.04325	9.30266e-07
6.04475	9.30266e-07
6.04625	9.30266e-07
6.04775	9.30266e-07
6.04925	9.30266e-07
6.05075	9.30266e-07
6.05225	9.30266e-07
6.05375	9.30266e-07
6.05525	9.30266e-07
6.05675	9.30266e-07
6.05825	9.30266e-07
6.05975	9.30266e-07
6.06125	9.30266e-07
6.06275	9.30266e-07
6.06425	9.30266e-07
6.06575	9.30266e-07
6.06725	9.30266e-07
6.06875	9.30266e-07
6.07025	9.30266e-07
6.07175	9.30266e-07
6.07325	9.30266e-07
6.07475	9.30266e-07
6.07625	9.30266e-07
6.07775	9.30266e-07
6.07925	9.30266e-07
6.08075	9.30266e-07
6.08225	9.30266e-07
6.08375	9.30266e-07
6.08525	9.30266e-07
6.08675	9.30266e-07
6.08825	9.30266e-07
6.08975	9.30266e-07
6.09125	9.30266e-07
6.09275	9.30266e-07
6.09425	9.30266e-07
6.09575	9.30266e-07
6.09725	9.30266e-07
6.09875	9.30266e-07
6.10025	9.30266e-07
6.10175	9.30266e-07
6.10325	9.30266e-07
6.10475	9.30266e-07
6.10625	9.30266e-07
6.10775	9.30266e-07
6.10925	9.30266e-07
6.11075	9.30266e-07
6.11225	9.30266e-07
6.11375	9.30266e-07
6.11525	9.30266e-07
6.11675	9.30266e-07
6.11825	9.30266e-07
6.11975	9.30266e-07
6.12125	9.30266e-07
6.12275	9.30266e-07
6.12425	9.30266e-07
6.12575	9.30266e-07
6.12725	9.30266e-07
6.12875	9.30266e-07
6.13025	9.30266e-07
6.13175	9.30266e-07
6.13325	9.30266e-07
6.13475	9.30266e-07
6.13625	9.30266e-07
6.13775	9.30266e-07
6.13925	9.30266e-07
6.14075	9.30266e-07
6.14225	9.30266e-07
6.14375	9.30266e-07
6.14525	9.30266e-07
6.14675	9.30266e-07
6.14825	9.30266e-07
6.14975	9.30266e-07
6.15125	9.30266e-07
6.15275	9.30266e-07
6.15425	9.30266e-07
6.15575	9.30266e-07
6.15725	9.30266e-07
6.15875	9.30266e-07
6.16025	9.30266e-07
6.16175	9.30266e-07
6.16325	9.30266e-07
6.16475	9.30266e-07
6.16625	9.30266e-07
6.16775	9.30266e-07
6.16925	9.30266e-07
6.17075	9.30266e-07
6.17225	9.30266e-07
6.17375	9.30266e-07
6.17525	1.86053e-06
6.17675	9.30266e-07
6.17825	9.30266e-07
6.17975	9.30266e-07
6.18125	9.30266e-07
6.18275	9.30266e-07
6.18425	9.30266e-07
6.18575	9.30266e-07
6.18725	9.30266e-07
6.18875	9.30266e-07
6.19025	9.30266e-07
6.19175	9.30266e-07
6.19325	9.30266e-07
6.19475	9.30266e-07
6.19625	9.30266e-07
6.19775	9.30266e-07
6.19925	9.30266e-07
6.20075	9.30266e-07
6.20225	9.30266e-07
6.20375	9.30266e-07
6.20525	9.30266e-07
6.20675	9.30266e-07
6.20825	9.30266e-07
6.20975	9.30266e-07
6.21125	9.30266e-07
6.21275	9.30266e-07
6.21425	9.30266e-07
6.21575	9.30266e-07
6.21725	9.30266e-07
6.21875	9.30266e-07
6.22025	9.30266e-07
6.22175	9.30266e-07
6.22325	9.30266e-07
6.22475	9.30266e-07
6.22625	9.30266e-07
6.22775	9.30266e-07
6.22925	1.86053e-06
6.23075	9.30266e-07
6.23225	9.30266e-07
6.23375	9.30266e-07
6.23525	9.30266e-07
6.23675	2.7908e-06
6.23825	9.30266e-07
6.23975	9.30266e-07
6.24125	9.30266e-07
6.24275	9.30266e-07
6.24425	9.30266e-07
6.24575	9.30266e-07
6.24725	9.30266e-07
6.24875	9.30266e-07
6.25025	9.30266e-07
6.25175	9.30266e-07
6.25325	9.30266e-07
6.25475	9.30266e-07
6.25625	9.30266e-07
6.25775	9.30266e-07
6.25925	9.30266e-07
6.26075	9.30266e-07
6.26225	9.30266e-07
6.26375	9.30266e-07
6.26525	9.30266e-07
6.26675	9.30266e-07
6.26825	9.30266e-07
6.26975	9.30266e-07
6.27125	9.30266e-07
6.27275	9.30266e-07
6.27425	9.30266e-07
6.27575	9.30266e-07
6.27725	9.30266e-07
6.27875	9.30266e-07
6.28025	9.30266e-07
6.28175	9.30266e-07
6.28325	9.30266e-07
6.28475	9.30266e-07
6.28625	9.30266e-07
6.28775	9.30266e-07
6.28925	9.30266e-07
6.29075	9.30266e-07
6.29225	9.30266e-07
6.29375	9.30266e-07
6.29525	9.30266e-07
6.29675	9.30266e-07
6.29825	9.30266e-07
6.29975	9.30266e-07
6.30125	9.30266e-07
6.30275	9.30266e-07
6.30425	9.30266e-07
6.30575	9.30266e-07
6.30725	9.30266e-07
6.30875	9.30266e-07
6.31025	9.30266e-07
6.31175	9.30266e-07
6.31325	9.30266e-07
6.31475	9.30266e-07
6.31625	9.30266e-07
6.31775	9.30266e-07
6.31925	9.30266e-07
6.32075	9.30266e-07
6.32225	9.30266e-07
6.32375	9.30266e-07
6.32525	9.30266e-07
6.32675	9.30266e-07
6.32825	9.30266e-07
6.32975	9.30266e-07
6.33125	9.30266e-07
6.33275	9.30266e-07
6.33425	9.30266e-07
6.33575	9.30266e-07
6.33725	2.7908e-06
6.33875	9.30266e-07
6.34025	9.30266e-07
6.34175	9.30266e-07
6.34325	9.30266e-07
6.34475	9.30266e-07
6.34625	9.30266e-07
6.34775	9.30266e-07
6.34925	9.30266e-07
6.35075	9.30266e-07
6.35225	9.30266e-07
6.35375	9.30266e-07
6.35525	9.30266e-07
6.35675	9.30266e-07
6.35825	9.30266e-07
6.35975	9.30266e-07
6.36125	9.30266e-07
6.36275	9.30266e-07
6.36425	9.30266e-07
6.36575	9.30266e-07
6.36725	9.30266e-07
6.36875	9.30266e-07
6.37025	9.30266e-07
6.37175	9.30266e-07
6.37325	9.30266e-07
6.37475	9.30266e-07
6.37625	9.30266e-07
6.37775	9.30266e-07
6.37925	9.30266e-07
6.38075	9.30266e-07
6.38225	9.30266e-07
6.38375	9.30266e-07
6.38525	9.30266e-07
6.38675	9.30266e-07
6.38825	9.30266e-07
6.38975	9.30266e-07
6.39125	9.30266e-07
6.39275	9.30266e-07
6.39425	9.30266e-07
6.39575	9.30266e-07
6.39725	9.30266e-07
6.39875	9.30266e-07
6.40025	9.30266e-07
6.40175	9.30266e-07
6.40325	1.86053e-06
6.40475	9.30266e-07
6.40625	9.30266e-07
6.40775	9.30266e-07
6.40925	9.30266e-07
6.41075	9.30266e-07
6.41225	9.30266e-07
6.41375	9.30266e-07
6.41525	9.30266e-07
6.41675	9.30266e-07
6.41825	9.30266e-07
6.41975	9.30266e-07
6.42125	9.30266e-07
6.42275	9.30266e-07
6.42425	9.30266e-07
6.42575	9.30266e-07
6.42725	9.30266e-07
6.42875	9.30266e-07
6.43025	9.30266e-07
6.43175	9.30266e-07
6.43325	9.30266e-07
6.43475	9.30266e-07
6.43625	9.30266e-07
6.43775	9.30266e-07
6.43925	9.30266e-07
6.44075	9.30266e-07
6.44225	9.30266e-07
6.44375	9.30266e-07
6.44525	9.30266e-07
6.44675	9.30266e-07
6.44825	9.30266e-07
6.44975	9.30266e-07
6.45125	9.30266e-07
6.45275	9.30266e-07
6.45425	9.30266e-07
6.45575	9.30266e-07
6.45725	9.30266e-07
6.45875	1.86053e-06
6.46025	9.30266e-07
6.46175	9.30266e-07
6.46325	9.30266e-07
6.46475	9.30266e-07
6.46625	9.30266e-07
6.46775	9.30266e-07
6.46925	9.30266e-07
6.47075	9.30266e-07
6.47225	9.30266e-07
6.47375	9.30266e-07
6.47525	9.30266e-07
6.47675	9.30266e-07
6.47825	9.30266e-07
6.47975	9.30266e-07
6.48125	9.30266e-07
6.48275	9.30266e-07
6.48425	9.30266e-07
6.48575	9.30266e-07
6.48725	9.30266e-07
6.48875	9.30266e-07
6.49025	9.30266e-07
6.49175	9.30266e-07
6.49325	9.30266e-07
6.49475	9.30266e-07
6.49625	9.30266e-07
6.49775	9.30266e-07
6.49925	9.30266e-07
6.50075	9.30266e-07
6.50225	9.30266e-07
6.50375	9.30266e-07
6.50525	9.30266e-07
6.50675	9.30266e-07
6.50825	9.30266e-07
6.50975	1.86053e-06
6.51125	9.30266e-07
6.51275	9.30266e-07
6.51425	9.30266e-07
6.51575	9.30266e-07
6.51725	9.30266e-07
6.51875	9.30266e-07
6.52025	2.7908e-06
6.52175	9.30266e-07
6.52325	9.30266e-07
6.52475	9.30266e-07
6.52625	9.30266e-07
6.52775	9.30266e-07
6.52925	9.30266e-07
6.53075	1.86053e-06
6.53225	1.86053e-06
6.53375	9.30266e-07
6.53525	9.30266e-07
6.53675	9.30266e-07
6.53825	9.30266e-07
6.53975	9.30266e-07
6.54125	9.30266e-07
6.54275	9.30266e-07
6.54425	9.30266e-07
6.54575	9.30266e-07
6.54725	9.30266e-07
6.54875	9.30266e-07
6.55025	9.30266e-07
6.55175	9.30266e-07
6.55325	9.30266e-07
6.55475	9.30266e-07
6.55625	9.30266e-07
6.55775	9.30266e-07
6.55925	9.30266e-07
6.56075	9.30266e-07
6.56225	9.30266e-07
6.56375	9.30266e-07
6.56525	9.30266e-07
6.56675	9.30266e-07
6.56825	9.30266e-07
6.56975	9.30266e-07
6.57125	9.30266e-07
6.57275	9.30266e-07
6.57425	1.86053e-06
6.57575	9.30266e-07
6.57725	9.30266e-07
6.57875	9.30266e-07
6.58025	9.30266e-07
6.58175	9.30266e-07
6.58325	9.30266e-07
6.58475	9.30266e-07
6.58625	9.30266e-07
6.58775	9.30266e-07
6.58925	9.30266e-07
6.59075	9.30266e-07
6.59225	9.30266e-07
6.59375	9.30266e-07
6.59525	9.30266e-07
6.59675	9.30266e-07
6.59825	9.30266e-07
6.59975	9.30266e-07
6.60125	9.30266e-07
6.60275	9.30266e-07
6.60425	9.30266e-07
6.60575	9.30266e-07
6.60725	9.30266e-07
6.60875	9.30266e-07
6.61025	9.30266e-07
6.61175	9.30266e-07
6.61325	9.30266e-07
6.61475	9.30266e-07
6.61625	9.30266e-07
6.61775	9.30266e-07
6.61925	9.30266e-07
6.62075	9.30266e-07
6.62225	9.30266e-07
6.62375	9.30266e-07
6.62525	9.30266e-07
6.62675	9.30266e-07
6.62825	9.30266e-07
6.62975	9.30266e-07
6.63125	9.30266e-07
6.63275	9.30266e-07
6.63425	9.30266e-07
6.63575	9.30266e-07
6.63725	9.30266e-07
6.63875	9.30266e-07
6.64025	9.30266e-07
6.64175	9.30266e-07
6.64325	9.30266e-07
6.64475	9.30266e-07
6.64625	9.30266e-07
6.64775	9.30266e-07
6.64925	9.30266e-07
6.65075	9.30266e-07
6.65225	9.30266e-07
6.65375	9.30266e-07
6.65525	9.30266e-07
6.65675	9.30266e-07
6.65825	9.30266e-07
6.65975	9.30266e-07
6.66125	9.30266e-07
6.66275	9.30266e-07
6.66425	9.30266e-07
6.66575	9.30266e-07
6.66725	9.30266e-07
6.66875	9.30266e-07
6.67025	9.30266e-07
6.67175	9.30266e-07
6.67325	9.30266e-07
6.67475	9.30266e-07
6.67625	9.30266e-07
6.67775	9.30266e-07
6.67925	9.30266e-07
6.68075	9.30266e-07
6.68225	9.30266e-07
6.68375	9.30266e-07
6.68525	9.30266e-07
6.68675	9.30266e-07
6.68825	9.30266e-07
6.68975	9.30266e-07
6.69125	9.30266e-07
6.69275	9.30266e-07
6.69425	9.30266e-07
6.69575	9.30266e-07
6.69725	9.30266e-07
6.69875	9.30266e-07
6.70025	9.30266e-07
6.70175	9.30266e-07
6.70325	9.30266e-07
6.70475	9.30266e-07
6.70625	9.30266e-07
6.70775	9.30266e-07
6.70925	9.30266e-07
6.71075	9.30266e-07
6.71225	9.30266e-07
6.71375	9.30266e-07
6.71525	9.30266e-07
6.71675	9.30266e-07
6.71825	9.30266e-07
6.71975	9.30266e-07
6.72125	9.30266e-07
6.72275	9.30266e-07
6.72425	9.30266e-07
6.72575	9.30266e-07
6.72725	9.30266e-07
6.72875	9.30266e-07
6.73025	9.30266e-07
6.73175	9.30266e-07
6.73325	9.30266e-07
6.73475	9.30266e-07
6.73625	9.30266e-07
6.73775	9.30266e-07
6.73925	9.30266e-07
6.74075	1.86053e-06
6.74225	9.30266e-07
6.74375	9.30266e-07
6.74525	9.30266e-07
6.74675	9.30266e-07
6.74825	9.30266e-07
6.74975	9.30266e-07
6.75125	9.30266e-07
6.75275	9.30266e-07
6.75425	9.30266e-07
6.75575	9.30266e-07
6.75725	9.30266e-07
6.75875	9.30266e-07
6.76025	9.30266e-07
6.76175	9.30266e-07
6.76325	9.30266e-07
6.76475	9.30266e-07
6.76625	9.30266e-07
6.76775	9.30266e-07
6.76925	9.30266e-07
6.77075	9.30266e-07
6.77225	9.30266e-07
6.77375	9.30266e-07
6.77525	9.30266e-07
6.77675	9.30266e-07
6.77825	9.30266e-07
6.77975	9.30266e-07
6.78125	9.30266e-07
6.78275	9.30266e-07
6.78425	9.30266e-07
6.78575	9.30266e-07
6.78725	9.30266e-07
6.78875	9.30266e-07
6.79025	9.30266e-07
6.79175	9.30266e-07
6.79325	9.30266e-07
6.79475	9.30266e-07
6.79625	9.30266e-07
6.79775	9.30266e-07
6.79925	9.30266e-07
6.80075	9.30266e-07
6.80225	9.30266e-07
6.80375	9.30266e-07
6.80525	9.30266e-07
6.80675	9.30266e-07
6.80825	9.30266e-07
6.80975	9.30266e-07
6.81125	9.30266e-07
6.81275	9.30266e-07
6.81425	9.30266e-07
6.81575	9.30266e-07
6.81725	9.30266e-07
6.81875	9.30266e-07
6.82025	9.30266e-07
6.82175	9.30266e-07
6.82325	9.30266e-07
6.82475	9.30266e-07
6.82625	9.30266e-07
6.82775	9.30266e-07
6.82925	9.30266e-07
6.83075	9.30266e-07
6.83225	9.30266e-07
6.83375	9.30266e-07
6.83525	9.30266e-07
6.83675	9.30266e-07
6.83825	1.86053e-06
6.83975	9.30266e-07
6.84125	9.30266e-07
6.84275	9.30266e-07
6.84425	9.30266e-07
6.84575	9.30266e-07
6.84725	9.30266e-07
6.84875	9.30266e-07
6.85025	9.30266e-07
6.85175	9.30266e-07
6.85325	9.30266e-07
6.85475	9.30266e-07
6.85625	9.30266e-07
6.85775	9.30266e-07
6.85925	9.30266e-07
6.86075	9.30266e-07
6.86225	9.30266e-07
6.86375	9.30266e-07
6.86525	9.30266e-07
6.86675	9.30266e-07
6.86825	9.30266e-07
6.86975	9.30266e-07
6.87125	9.30266e-07
6.87275	9.30266e-07
6.87425	9.30266e-07
6.87575	9.30266e-07
6.87725	9.30266e-07
6.87875	9.30266e-07
6.88025	9.30266e-07
6.88175	9.30266e-07
6.88325	9.30266e-07
6.88475	9.30266e-07
6.88625	9.30266e-07
6.88775	9.30266e-07
6.88925	9.30266e-07
6.89075	9.30266e-07
6.89225	9.30266e-07
6.89375	9.30266e-07
6.89525	9.30266e-07
6.89675	9.30266e-07
6.89825	9.30266e-07
6.89975	9.30266e-07
6.90125	9.30266e-07
6.90275	9.30266e-07
6.90425	9.30266e-07
6.90575	9.30266e-07
6.90725	9.30266e-07
6.90875	9.30266e-07
6.91025	9.30266e-07
6.91175	9.30266e-07
6.91325	9.30266e-07
6.91475	9.30266e-07
6.91625	9.30266e-07
6.91775	1.86053e-06
6.91925	9.30266e-07
6.92075	9.30266e-07
6.92225	9.30266e-07
6.92375	9.30266e-07
6.92525	9.30266e-07
6.92675	9.30266e-07
6.92825	9.30266e-07
6.92975	9.30266e-07
6.93125	9.30266e-07
6.93275	9.30266e-07
6.93425	9.30266e-07
6.93575	9.30266e-07
6.93725	9.30266e-07
6.93875	9.30266e-07
6.94025	9.30266e-07
6.94175	9.30266e-07
6.94325	9.30266e-07
6.94475	9.30266e-07
6.94625	9.30266e-07
6.94775	9.30266e-07
6.94925	9.30266e-07
6.95075	9.30266e-07
6.95225	9.30266e-07
6.95375	9.30266e-07
6.95525	9.30266e-07
6.95675	9.30266e-07
6.95825	9.30266e-07
6.95975	9.30266e-07
6.96125	9.30266e-07
6.96275	9.30266e-07
6.96425	9.30266e-07
6.96575	9.30266e-07
6.96725	9.30266e-07
6.96875	9.30266e-07
6.97025	9.30266e-07
6.97175	9.30266e-07
6.97325	9.30266e-07
6.97475	9.30266e-07
6.97625	9.30266e-07
6.97775	9.30266e-07
6.97925	9.30266e-07
6.98075	9.30266e-07
6.98225	9.30266e-07
6.98375	9.30266e-07
6.98525	9.30266e-07
6.98675	9.30266e-07
6.98825	9.30266e-07
6.98975	9.30266e-07
6.99125	9.30266e-07
6.99275	9.30266e-07
6.99425	1.86053e-06
6.99575	9.30266e-07
6.99725	9.30266e-07
6.99875	9.30266e-07
