theta_deg	R
0.001	1.0000052E+000
0.002	1.0000052E+000
0.003	1.0000052E+000
0.004	1.0000052E+000
0.005	1.0000052E+000
0.006	1.0000052E+000
0.007	1.0000052E+000
0.008	1.0000052E+000
0.009	1.0000052E+000
0.01	1.0000052E+000
0.011	1.0000052E+000
0.012	1.0000052E+000
0.013	1.0000052E+000
0.014	9.9406159E-001
0.015	9.9406159E-001
0.016	9.9406159E-001
0.017	9.9406159E-001
0.018	9.9406159E-001
0.019	9.9406159E-001
0.02	9.9406159E-001
0.021	9.9406159E-001
0.022	9.9406159E-001
0.023	9.9406159E-001
0.024	9.9406159E-001
0.025	9.9159992E-001
0.026	9.9159992E-001
0.027	9.9159992E-001
0.028	9.9159992E-001
0.029	9.9159992E-001
0.03	9.9159992E-001
0.031	9.9159992E-001
0.032	9.8971117E-001
0.033	9.8971117E-001
0.034	9.8971117E-001
0.035	9.8971117E-001
0.036	9.8971117E-001
0.037	9.8971117E-001
0.038	9.8811692E-001
0.039	9.8811692E-001
0.04	9.8811692E-001
0.041	9.8811692E-001
0.042	9.8670769E-001
0.043	9.8670769E-001
0.044	9.8670769E-001
0.045	9.8670769E-001
0.046	9.8670769E-001
0.047	9.8543394E-001
0.048	9.8543394E-001
0.049	9.8543394E-001
0.05	9.8543394E-001
0.051	9.8425740E-001
0.052	9.8425740E-001
0.053	9.8425740E-001
0.054	9.8425740E-001
0.055	9.8316360E-001
0.056	9.8316360E-001
0.057	9.8316360E-001
0.058	9.8213047E-001
0.059	9.8213047E-001
0.06	9.8213047E-001
0.061	9.8115522E-001
0.062	9.8115522E-001
0.063	9.8115522E-001
0.064	9.8115522E-001
0.065	9.8022139E-001
0.066	9.8022139E-001
0.067	9.8022139E-001
0.068	9.7933167E-001
0.069	9.7933167E-001
0.07	9.7847176E-001
0.071	9.7847176E-001
0.072	9.7847176E-001
0.073	9.7764248E-001
0.074	9.7764248E-001
0.075	9.7764248E-001
0.076	9.7684556E-001
0.077	9.7684556E-001
0.078	9.7606736E-001
0.079	9.7606736E-001
0.08	9.7606736E-001
0.081	9.7531730E-001
0.082	9.7531730E-001
0.083	9.7458160E-001
0.084	9.7458160E-001
0.085	9.7458160E-001
0.086	9.7386402E-001
0.087	9.7386414E-001
0.088	9.7316980E-001
0.089	9.7316980E-001
0.09	9.7248465E-001
0.091	9.7248465E-001
0.092	9.7181427E-001
0.093	9.7181427E-001
0.094	9.7116351E-001
0.095	9.7116351E-001
0.096	9.7051919E-001
0.097	9.7051919E-001
0.098	9.6988606E-001
0.099	9.6988606E-001
0.1	9.6926403E-001
0.101	9.6926403E-001
0.102	9.6865928E-001
0.103	9.6865928E-001
0.104	9.6805727E-001
0.105	9.6805727E-001
0.106	9.6746427E-001
0.107	9.6746427E-001
0.108	9.6688014E-001
0.109	9.6688014E-001
0.11	9.6630406E-001
0.111	9.6630406E-001
0.112	9.6573550E-001
0.113	9.6518248E-001
0.114	9.6518248E-001
0.115	9.6462828E-001
0.116	9.6462828E-001
0.117	9.6408105E-001
0.118	9.6353996E-001
0.119	9.6353996E-001
0.12	9.6300530E-001
0.121	9.6300530E-001
0.122	9.6247637E-001
0.123	9.6195281E-001
0.124	9.6195281E-001
0.125	9.6143454E-001
0.126	9.6092159E-001
0.127	9.6092159E-001
0.128	9.6041346E-001
0.129	9.5991004E-001
0.13	9.5991004E-001
0.131	9.5941132E-001
0.132	9.5891684E-001
0.133	9.5891684E-001
0.134	9.5842654E-001
0.135	9.5794028E-001
0.136	9.5794028E-001
0.137	9.5745802E-001
0.138	9.5697933E-001
0.139	9.5697933E-001
0.14	9.5650458E-001
0.141	9.5602363E-001
0.142	9.5555568E-001
0.143	9.5555568E-001
0.144	9.5509118E-001
0.145	9.5462942E-001
0.146	9.5462942E-001
0.147	9.5417124E-001
0.148	9.5370573E-001
0.149	9.5325303E-001
0.15	9.5325303E-001
0.151	9.5280349E-001
0.152	9.5234627E-001
0.153	9.5190197E-001
0.154	9.5146018E-001
0.155	9.5146018E-001
0.156	9.5101053E-001
0.157	9.5057350E-001
0.158	9.5012838E-001
0.159	9.4969618E-001
0.16	9.4969618E-001
0.161	9.4926608E-001
0.162	9.4882756E-001
0.163	9.4840187E-001
0.164	9.4796741E-001
0.165	9.4754535E-001
0.166	9.4754535E-001
0.167	9.4711477E-001
0.168	9.4668579E-001
0.169	9.4626981E-001
0.17	9.4584429E-001
0.171	9.4543177E-001
0.172	9.4500965E-001
0.173	9.4500965E-001
0.174	9.4458896E-001
0.175	9.4416994E-001
0.176	9.4376433E-001
0.177	9.4334829E-001
0.178	9.4293362E-001
0.179	9.4252050E-001
0.18	9.4212055E-001
0.181	9.4171023E-001
0.182	9.4130117E-001
0.183	9.4089335E-001
0.184	9.4048679E-001
0.185	9.4048679E-001
0.186	9.4008142E-001
0.187	9.3967736E-001
0.188	9.3927443E-001
0.189	9.3887275E-001
0.19	9.3847191E-001
0.191	9.3807214E-001
0.192	9.3767363E-001
0.193	9.3727642E-001
0.194	9.3687981E-001
0.195	9.3648416E-001
0.196	9.3608963E-001
0.197	9.3569618E-001
0.198	9.3530357E-001
0.199	9.3491209E-001
0.2	9.3450803E-001
0.201	9.3411803E-001
0.202	9.3372899E-001
0.203	9.3332750E-001
0.204	9.3293977E-001
0.205	9.3255311E-001
0.206	9.3215394E-001
0.207	9.3176895E-001
0.208	9.3098706E-001
0.209	9.3059033E-001
0.21	9.3020815E-001
0.211	9.2981249E-001
0.212	9.2943168E-001
0.213	9.2903709E-001
0.214	9.2864352E-001
0.215	9.2826432E-001
0.216	9.2787164E-001
0.217	9.2747939E-001
0.218	9.2710179E-001
0.219	9.2633390E-001
0.22	9.2594326E-001
0.221	9.2555285E-001
0.222	9.2516267E-001
0.223	9.2477250E-001
0.224	9.2438269E-001
0.225	9.2399317E-001
0.226	9.2321604E-001
0.227	9.2282814E-001
0.228	9.2244089E-001
0.229	9.2205423E-001
0.23	9.2165291E-001
0.231	9.2126697E-001
0.232	9.2049670E-001
0.233	9.2009658E-001
0.234	9.1971260E-001
0.235	9.1932863E-001
0.236	9.1892970E-001
0.237	9.1814810E-001
0.238	9.1776586E-001
0.239	9.1736782E-001
0.24	9.1698611E-001
0.241	9.1658896E-001
0.242	9.1581053E-001
0.243	9.1541392E-001
0.244	9.1504914E-001
0.245	9.1465294E-001
0.246	9.1386145E-001
0.247	9.1346580E-001
0.248	9.1307050E-001
0.249	9.1267532E-001
0.25	9.1188544E-001
0.251	9.1149068E-001
0.252	9.1109574E-001
0.253	9.1030723E-001
0.254	9.0989643E-001
0.255	9.0950215E-001
0.256	9.0910804E-001
0.257	9.0830368E-001
0.258	9.0791011E-001
0.259	9.0749967E-001
0.26	9.0669572E-001
0.261	9.0630257E-001
0.262	9.0589207E-001
0.263	9.0510571E-001
0.264	9.0469563E-001
0.265	9.0428549E-001
0.266	9.0346557E-001
0.267	9.0305519E-001
0.268	9.0223491E-001
0.269	9.0182483E-001
0.27	9.0141457E-001
0.271	9.0059400E-001
0.272	9.0018386E-001
0.273	8.9975607E-001
0.274	8.9893538E-001
0.275	8.9850712E-001
0.276	8.9768595E-001
0.277	8.9725763E-001
0.278	8.9684683E-001
0.279	8.9600742E-001
0.28	8.9557886E-001
0.281	8.9473855E-001
0.282	8.9430958E-001
0.283	8.9345080E-001
0.284	8.9302140E-001
0.285	8.9214349E-001
0.286	8.9171374E-001
0.287	8.9126539E-001
0.288	8.9038616E-001
0.289	8.8995552E-001
0.29	8.8905704E-001
0.291	8.8862586E-001
0.292	8.8774449E-001
0.293	8.8729429E-001
0.294	8.8641161E-001
0.295	8.8596070E-001
0.296	8.8503951E-001
0.297	8.8458806E-001
0.298	8.8368434E-001
0.299	8.8321304E-001
0.3	8.8228875E-001
0.301	8.8136351E-001
0.302	8.8089114E-001
0.303	8.7996411E-001
0.304	8.7949073E-001
0.305	8.7854272E-001
0.306	8.7804937E-001
0.307	8.7709969E-001
0.308	8.7662435E-001
0.309	8.7563431E-001
0.31	8.7466222E-001
0.311	8.7416595E-001
0.312	8.7319154E-001
0.313	8.7269425E-001
0.314	8.7169826E-001
0.315	8.7068146E-001
0.316	8.7018204E-001
0.317	8.6916262E-001
0.318	8.6864293E-001
0.319	8.6760145E-001
0.32	8.6655819E-001
0.321	8.6603606E-001
0.322	8.6497062E-001
0.323	8.6390370E-001
0.324	8.6337900E-001
0.325	8.6228937E-001
0.326	8.6119747E-001
0.327	8.6063111E-001
0.328	8.5953599E-001
0.329	8.5841918E-001
0.33	8.5785025E-001
0.331	8.5671079E-001
0.332	8.5556877E-001
0.333	8.5499722E-001
0.334	8.5383236E-001
0.335	8.5264462E-001
0.336	8.5205007E-001
0.337	8.5085928E-001
0.338	8.4966630E-001
0.339	8.4843016E-001
0.34	8.4781170E-001
0.341	8.4655160E-001
0.342	8.4530967E-001
0.343	8.4402472E-001
0.344	8.4338146E-001
0.345	8.4211308E-001
0.346	8.4078103E-001
0.347	8.3946693E-001
0.348	8.3879888E-001
0.349	8.3746064E-001
0.35	8.3607858E-001
0.351	8.3469409E-001
0.352	8.3328635E-001
0.353	8.3259195E-001
0.354	8.3115989E-001
0.355	8.2970464E-001
0.356	8.2824683E-001
0.357	8.2676607E-001
0.358	8.2524139E-001
0.359	8.2447809E-001
0.36	8.2292843E-001
0.361	8.2137692E-001
0.362	8.1978118E-001
0.363	8.1818360E-001
0.364	8.1654167E-001
0.365	8.1570995E-001
0.366	8.1404412E-001
0.367	8.1235582E-001
0.368	8.1064481E-001
0.369	8.0886912E-001
0.37	8.0709195E-001
0.371	8.0529273E-001
0.372	8.0345041E-001
0.373	8.0158585E-001
0.374	8.0064309E-001
0.375	7.9871488E-001
0.376	7.9682839E-001
0.377	7.9481632E-001
0.378	7.9280448E-001
0.379	7.9075128E-001
0.38	7.8865772E-001
0.381	7.8656512E-001
0.382	7.8434962E-001
0.383	7.8217852E-001
0.384	7.7992713E-001
0.385	7.7763754E-001
0.386	7.7526987E-001
0.387	7.7290708E-001
0.388	7.7050889E-001
0.389	7.6803499E-001
0.39	7.6552796E-001
0.391	7.6294780E-001
0.392	7.6033652E-001
0.393	7.5765520E-001
0.394	7.5494593E-001
0.395	7.5212967E-001
0.396	7.4928892E-001
0.397	7.4634528E-001
0.398	7.4338168E-001
0.399	7.4036074E-001
0.4	7.3724514E-001
0.401	7.3407739E-001
0.402	7.3086113E-001
0.403	7.2752166E-001
0.404	7.2414100E-001
0.405	7.2064602E-001
0.406	7.1708065E-001
0.407	7.1345007E-001
0.408	7.0972192E-001
0.409	7.0586455E-001
0.41	6.9998026E-001
0.411	6.9592750E-001
0.412	6.9173723E-001
0.413	6.8749261E-001
0.414	6.8313015E-001
0.415	6.7858922E-001
0.416	6.7402673E-001
0.417	6.6931158E-001
0.418	6.6445881E-001
0.419	6.5699106E-001
0.42	6.5179354E-001
0.421	6.4651489E-001
0.422	6.4107084E-001
0.423	6.3547975E-001
0.424	6.2972718E-001
0.425	6.2088704E-001
0.426	6.1474401E-001
0.427	6.0843384E-001
0.428	6.0203129E-001
0.429	5.9541905E-001
0.43	5.8866417E-001
0.431	5.7823992E-001
0.432	5.7101887E-001
0.433	5.6374466E-001
0.434	5.5621451E-001
0.435	5.4468763E-001
0.436	5.3679222E-001
0.437	5.2875918E-001
0.438	5.2057785E-001
0.439	5.1222992E-001
0.44	4.9943426E-001
0.441	4.9071014E-001
0.442	4.8183587E-001
0.443	4.7283119E-001
0.444	4.5900279E-001
0.445	4.4962141E-001
0.446	4.4008955E-001
0.447	4.2555356E-001
0.448	4.1570878E-001
0.449	4.0572801E-001
0.45	3.9562589E-001
0.451	3.8029841E-001
0.452	3.6994687E-001
0.453	3.5955101E-001
0.454	3.4379426E-001
0.455	3.3323872E-001
0.456	3.2265356E-001
0.457	3.0674994E-001
0.458	2.9615167E-001
0.459	2.8559133E-001
0.46	2.6982865E-001
0.461	2.5941139E-001
0.462	2.4909028E-001
0.463	2.3382315E-001
0.464	2.2382940E-001
0.465	2.0914955E-001
0.466	1.9960624E-001
0.467	1.9027825E-001
0.468	1.7673400E-001
0.469	1.6802932E-001
0.47	1.5960269E-001
0.471	1.4752518E-001
0.472	1.3986728E-001
0.473	1.2899777E-001
0.474	1.2219482E-001
0.475	1.1264544E-001
0.476	1.0674419E-001
0.477	1.0121229E-001
0.478	9.3598410E-002
0.479	8.9004189E-002
0.48	8.2802713E-002
0.481	7.9118304E-002
0.482	7.4305788E-002
0.483	7.1525745E-002
0.484	6.8005398E-002
0.485	6.6067144E-002
0.486	6.3774414E-002
0.487	6.2623449E-002
0.488	6.1421379E-002
0.489	6.0958218E-002
0.49	6.0726460E-002
0.491	6.0858455E-002
0.492	6.1467681E-002
0.493	6.2114421E-002
0.494	6.3411124E-002
0.495	6.4471349E-002
0.496	6.6327542E-002
0.497	6.7722760E-002
0.498	7.0007056E-002
0.499	7.1644761E-002
0.5	7.4246138E-002
0.501	7.6055244E-002
0.502	7.8859881E-002
0.503	8.1743196E-002
0.504	8.3693258E-002
0.505	8.6638473E-002
0.506	8.8604458E-002
0.507	9.1539234E-002
0.508	9.3476459E-002
0.509	9.6338734E-002
0.51	9.9133112E-002
0.511	1.0095105E-001
0.512	1.0360049E-001
0.513	1.0530442E-001
0.514	1.0776896E-001
0.515	1.1011145E-001
0.516	1.1159993E-001
0.517	1.1371994E-001
0.518	1.1570324E-001
0.519	1.1694052E-001
0.52	1.1867373E-001
0.521	1.2026008E-001
0.522	1.2122817E-001
0.523	1.2255789E-001
0.524	1.2373286E-001
0.525	1.2443018E-001
0.526	1.2535150E-001
0.527	1.2611982E-001
0.528	1.2654349E-001
0.529	1.2705813E-001
0.53	1.2743010E-001
0.531	1.2760036E-001
0.532	1.2772869E-001
0.533	1.2772802E-001
0.534	1.2758408E-001
0.535	1.2741075E-001
0.536	1.2705456E-001
0.537	1.2657093E-001
0.538	1.2596853E-001
0.539	1.2548968E-001
0.54	1.2468717E-001
0.541	1.2377750E-001
0.542	1.2276528E-001
0.543	1.2202924E-001
0.544	1.2084834E-001
0.545	1.1956979E-001
0.546	1.1819805E-001
0.547	1.1674386E-001
0.548	1.1572437E-001
0.549	1.1413563E-001
0.55	1.1247528E-001
0.551	1.1074273E-001
0.552	1.0894726E-001
0.553	1.0771450E-001
0.554	1.0582384E-001
0.555	1.0387182E-001
0.556	1.0187791E-001
0.557	9.9836051E-002
0.558	9.7755693E-002
0.559	9.6347295E-002
0.56	9.4206207E-002
0.561	9.2036955E-002
0.562	8.9843623E-002
0.563	8.7630004E-002
0.564	8.5391410E-002
0.565	8.3140194E-002
0.566	8.0883816E-002
0.567	7.8618214E-002
0.568	7.7105515E-002
0.569	7.4835189E-002
0.57	7.2571680E-002
0.571	7.0311867E-002
0.572	6.8062283E-002
0.573	6.5825708E-002
0.574	6.3600346E-002
0.575	6.1396860E-002
0.576	5.9215177E-002
0.577	5.7058118E-002
0.578	5.4926164E-002
0.579	5.2824318E-002
0.58	5.0754495E-002
0.581	4.8719041E-002
0.582	4.6719000E-002
0.583	4.4757474E-002
0.584	4.2836770E-002
0.585	4.0958386E-002
0.586	3.9729882E-002
0.587	3.7925370E-002
0.588	3.6168054E-002
0.589	3.4458276E-002
0.59	3.2255691E-002
0.591	3.0662870E-002
0.592	2.9121844E-002
0.593	2.7633647E-002
0.594	2.6199086E-002
0.595	2.4818722E-002
0.596	2.3493050E-002
0.597	2.2223115E-002
0.598	2.1008076E-002
0.599	1.9849407E-002
0.6	1.8746629E-002
0.601	1.7699705E-002
0.602	1.6708406E-002
0.603	1.5772758E-002
0.604	1.4893452E-002
0.605	1.4067907E-002
0.606	1.3298067E-002
0.607	1.2354214E-002
0.608	1.1709236E-002
0.609	1.1117953E-002
0.61	1.0576990E-002
0.611	1.0086760E-002
0.612	9.6477000E-003
0.613	9.2576873E-003
0.614	8.9140646E-003
0.615	8.6187078E-003
0.616	8.2951700E-003
0.617	8.1045618E-003
0.618	7.9580545E-003
0.619	7.8519685E-003
0.62	7.7875857E-003
0.621	7.7608535E-003
0.622	7.7846264E-003
0.623	7.8451801E-003
0.624	7.9402793E-003
0.625	8.0691343E-003
0.626	8.2291113E-003
0.627	8.4892185E-003
0.628	8.7189721E-003
0.629	8.9748632E-003
0.63	9.2573175E-003
0.631	9.5635392E-003
0.632	1.0006978E-002
0.633	1.0365367E-002
0.634	1.0742683E-002
0.635	1.1139062E-002
0.636	1.1693051E-002
0.637	1.2127082E-002
0.638	1.2575121E-002
0.639	1.3035839E-002
0.64	1.3667514E-002
0.641	1.4153192E-002
0.642	1.4647737E-002
0.643	1.5149765E-002
0.644	1.5828824E-002
0.645	1.6344098E-002
0.646	1.6863270E-002
0.647	1.7559793E-002
0.648	1.8084085E-002
0.649	1.8609038E-002
0.65	1.9308275E-002
0.651	1.9830748E-002
0.652	2.0351229E-002
0.653	2.1039831E-002
0.654	2.1551399E-002
0.655	2.2057770E-002
0.656	2.2724245E-002
0.657	2.3216143E-002
0.658	2.3700755E-002
0.659	2.4334693E-002
0.66	2.4799975E-002
0.661	2.5255637E-002
0.662	2.5848733E-002
0.663	2.6281500E-002
0.664	2.6841734E-002
0.665	2.7247429E-002
0.666	2.7641859E-002
0.667	2.8149387E-002
0.668	2.8514439E-002
0.669	2.8982399E-002
0.67	2.9316960E-002
0.671	2.9742815E-002
0.672	3.0045541E-002
0.673	3.0334357E-002
0.674	3.0698199E-002
0.675	3.0952971E-002
0.676	3.1272139E-002
0.677	3.1493053E-002
0.678	3.1766854E-002
0.679	3.1953588E-002
0.68	3.2180782E-002
0.681	3.2332990E-002
0.682	3.2514300E-002
0.683	3.2632049E-002
0.684	3.2766759E-002
0.685	3.2850485E-002
0.686	3.2939821E-002
0.687	3.2988869E-002
0.688	3.3033643E-002
0.689	3.3049442E-002
0.69	3.3050627E-002
0.691	3.3033222E-002
0.692	3.2991704E-002
0.693	3.2943483E-002
0.694	3.2859735E-002
0.695	3.2780208E-002
0.696	3.2656409E-002
0.697	3.2548420E-002
0.698	3.2385282E-002
0.699	3.2200944E-002
0.7	3.2048300E-002
0.701	3.1828202E-002
0.702	3.1649459E-002
0.703	3.1395581E-002
0.704	3.1192189E-002
0.705	3.0906117E-002
0.706	3.0602042E-002
0.707	3.0362865E-002
0.708	3.0030876E-002
0.709	2.9769821E-002
0.71	2.9410327E-002
0.711	2.9036362E-002
0.712	2.8746000E-002
0.713	2.8348656E-002
0.714	2.7939014E-002
0.715	2.7623164E-002
0.716	2.7192865E-002
0.717	2.6752075E-002
0.718	2.6414733E-002
0.719	2.5958205E-002
0.72	2.5492460E-002
0.721	2.5136327E-002
0.722	2.4657520E-002
0.723	2.4172155E-002
0.724	2.3803897E-002
0.725	2.3308694E-002
0.726	2.2808263E-002
0.727	2.2303853E-002
0.728	2.1923479E-002
0.729	2.1413758E-002
0.73	2.0901758E-002
0.731	2.0515900E-002
0.732	2.0001680E-002
0.733	1.9486982E-002
0.734	1.8972928E-002
0.735	1.8586762E-002
0.736	1.8073516E-002
0.737	1.7562430E-002
0.738	1.7053638E-002
0.739	1.6673241E-002
0.74	1.6169468E-002
0.741	1.5669754E-002
0.742	1.5174073E-002
0.743	1.4683029E-002
0.744	1.4317687E-002
0.745	1.3836198E-002
0.746	1.3360702E-002
0.747	1.2891585E-002
0.748	1.2429338E-002
0.749	1.1974127E-002
0.75	1.1637673E-002
0.751	1.1196140E-002
0.752	1.0762759E-002
0.753	1.0337888E-002
0.754	9.9218860E-003
0.755	9.5150964E-003
0.756	9.2160050E-003
0.757	8.8257957E-003
0.758	8.4453840E-003
0.759	8.0751404E-003
0.76	7.7151321E-003
0.761	7.3655997E-003
0.762	7.0267394E-003
0.763	6.6986345E-003
0.764	6.3814782E-003
0.765	6.1509586E-003
0.766	5.8532185E-003
0.767	5.5668065E-003
0.768	5.2917092E-003
0.769	5.0280066E-003
0.77	4.7757062E-003
0.771	4.5347717E-003
0.772	4.3053832E-003
0.773	4.0876614E-003
0.774	3.8812449E-003
0.775	3.6862812E-003
0.776	3.5026825E-003
0.777	3.3304752E-003
0.778	3.1696816E-003
0.779	3.0199548E-003
0.78	2.8812985E-003
0.781	2.7538936E-003
0.782	2.6371565E-003
0.783	2.5314151E-003
0.784	2.4361119E-003
0.785	2.3515003E-003
0.786	2.2772679E-003
0.787	2.2129894E-003
0.788	2.1589575E-003
0.789	2.1147653E-003
0.79	2.0801832E-003
0.791	2.0550939E-003
0.792	2.0392393E-003
0.793	2.0326332E-003
0.794	2.0346525E-003
0.795	2.0453020E-003
0.796	2.0643179E-003
0.797	2.0916869E-003
0.798	2.1267771E-003
0.799	2.1697422E-003
0.8	2.2201212E-003
0.801	2.2775687E-003
0.802	2.3589607E-003
0.803	2.4318506E-003
0.804	2.5109253E-003
0.805	2.5962936E-003
0.806	2.6875052E-003
0.807	2.7843134E-003
0.808	2.8864848E-003
0.809	2.9937122E-003
0.81	3.1344336E-003
0.811	3.2521647E-003
0.812	3.3741600E-003
0.813	3.5001421E-003
0.814	3.6298577E-003
0.815	3.7630375E-003
0.816	3.8995184E-003
0.817	4.0741335E-003
0.818	4.2168959E-003
0.819	4.3621054E-003
0.82	4.5094537E-003
0.821	4.6587563E-003
0.822	4.8477105E-003
0.823	5.0004972E-003
0.824	5.1544327E-003
0.825	5.3093438E-003
0.826	5.4649701E-003
0.827	5.6602075E-003
0.828	5.8167013E-003
0.829	5.9731989E-003
0.83	6.1295088E-003
0.831	6.3244565E-003
0.832	6.4796563E-003
0.833	6.6340575E-003
0.834	6.7874813E-003
0.835	6.9777258E-003
0.836	7.1282880E-003
0.837	7.2772941E-003
0.838	7.4245892E-003
0.839	7.6062614E-003
0.84	7.7489670E-003
0.841	7.8896526E-003
0.842	8.0624074E-003
0.843	8.1974594E-003
0.844	8.3300369E-003
0.845	8.4919063E-003
0.846	8.6179236E-003
0.847	8.7411031E-003
0.848	8.8907192E-003
0.849	9.0067415E-003
0.85	9.1191605E-003
0.851	9.2551978E-003
0.852	9.3600377E-003
0.853	9.4609912E-003
0.854	9.5823677E-003
0.855	9.6749263E-003
0.856	9.7638965E-003
0.857	9.8694908E-003
0.858	9.9493796E-003
0.859	1.0044012E-002
0.86	1.0114841E-002
0.861	1.0181586E-002
0.862	1.0259362E-002
0.863	1.0316839E-002
0.864	1.0383189E-002
0.865	1.0431275E-002
0.866	1.0475126E-002
0.867	1.0524148E-002
0.868	1.0558580E-002
0.869	1.0596091E-002
0.87	1.0621002E-002
0.871	1.0646190E-002
0.872	1.0661698E-002
0.873	1.0673079E-002
0.874	1.0681744E-002
0.875	1.0683870E-002
0.876	1.0681043E-002
0.877	1.0673780E-002
0.878	1.0659969E-002
0.879	1.0643842E-002
0.88	1.0618729E-002
0.881	1.0593846E-002
0.882	1.0558131E-002
0.883	1.0525121E-002
0.884	1.0478654E-002
0.885	1.0437588E-002
0.886	1.0381390E-002
0.887	1.0332137E-002
0.888	1.0266069E-002
0.889	1.0209608E-002
0.89	1.0134335E-002
0.891	1.0054516E-002
0.892	9.9867368E-003
0.893	9.8981028E-003
0.894	9.8237917E-003
0.895	9.7274892E-003
0.896	9.6469298E-003
0.897	9.5429048E-003
0.898	9.4351107E-003
0.899	9.3457876E-003
0.9	9.2311418E-003
0.901	9.1366544E-003
0.902	9.0158712E-003
0.903	8.8918665E-003
0.904	8.7903272E-003
0.905	8.6610457E-003
0.906	8.5554775E-003
0.907	8.4214592E-003
0.908	8.2852254E-003
0.909	8.1741437E-003
0.91	8.0338139E-003
0.911	7.8916084E-003
0.912	7.7764145E-003
0.913	7.6309703E-003
0.914	7.4844742E-003
0.915	7.3658745E-003
0.916	7.2170347E-003
0.917	7.0670457E-003
0.918	6.9464394E-003
0.919	6.7951414E-003
0.92	6.6435747E-003
0.921	6.5216878E-003
0.922	6.3693370E-003
0.923	6.2170038E-003
0.924	6.0646310E-003
0.925	5.9428797E-003
0.926	5.7911291E-003
0.927	5.6397654E-003
0.928	5.4890080E-003
0.929	5.3689475E-003
0.93	5.2197743E-003
0.931	5.0715241E-003
0.932	4.9244449E-003
0.933	4.8075793E-003
0.934	4.6628630E-003
0.935	4.5196866E-003
0.936	4.3780534E-003
0.937	4.2659319E-003
0.938	4.1274633E-003
0.939	3.9909482E-003
0.94	3.8564529E-003
0.941	3.7240612E-003
0.942	3.6196923E-003
0.943	3.4913328E-003
0.944	3.3653586E-003
0.945	3.2418417E-003
0.946	3.1208689E-003
0.947	3.0025051E-003
0.948	2.9097360E-003
0.949	2.7962553E-003
0.95	2.6855813E-003
0.951	2.5777961E-003
0.952	2.4729134E-003
0.953	2.3710120E-003
0.954	2.2721428E-003
0.955	2.1952963E-003
0.956	2.1019827E-003
0.957	2.0118128E-003
0.958	1.9248152E-003
0.959	1.8410631E-003
0.96	1.7604948E-003
0.961	1.6831897E-003
0.962	1.6091451E-003
0.963	1.5384471E-003
0.964	1.4709854E-003
0.965	1.4069011E-003
0.966	1.3580018E-003
0.967	1.2998147E-003
0.968	1.2449716E-003
0.969	1.1934601E-003
0.97	1.1451626E-003
0.971	1.1001296E-003
0.972	1.0584440E-003
0.973	1.0200058E-003
0.974	9.8472228E-004
0.975	9.5269200E-004
0.976	9.2377677E-004
0.977	8.9806982E-004
0.978	8.7546912E-004
0.979	8.5586251E-004
0.98	8.3937228E-004
0.981	8.2586915E-004
0.982	8.1531744E-004
0.983	8.0758956E-004
0.984	8.0279988E-004
0.985	8.0081989E-004
0.986	8.0159638E-004
0.987	8.0506084E-004
0.988	8.1111136E-004
0.989	8.1982836E-004
0.99	8.3106942E-004
0.991	8.4477745E-004
0.992	8.6433167E-004
0.993	8.8326569E-004
0.994	9.0446632E-004
0.995	9.2783116E-004
0.996	9.5339876E-004
0.997	9.8097592E-004
0.998	1.0105772E-003
0.999	1.0421315E-003
1	1.0755213E-003
1.001	1.1107135E-003
1.002	1.1476101E-003
1.003	1.1939756E-003
1.004	1.2344114E-003
1.005	1.2763273E-003
1.006	1.3196327E-003
1.007	1.3642957E-003
1.008	1.4101905E-003
1.009	1.4573062E-003
1.01	1.5152739E-003
1.011	1.5647390E-003
1.012	1.6151660E-003
1.013	1.6664682E-003
1.014	1.7185824E-003
1.015	1.7714361E-003
1.016	1.8357242E-003
1.017	1.8899527E-003
1.018	1.9446921E-003
1.019	1.9998651E-003
1.02	2.0554210E-003
1.021	2.1224811E-003
1.022	2.1786203E-003
1.023	2.2349064E-003
1.024	2.2912740E-003
1.025	2.3590000E-003
1.026	2.4153476E-003
1.027	2.4715811E-003
1.028	2.5276463E-003
1.029	2.5946661E-003
1.03	2.6501298E-003
1.031	2.7052460E-003
1.032	2.7599589E-003
1.033	2.8250092E-003
1.034	2.8786105E-003
1.035	2.9316223E-003
1.036	2.9944372E-003
1.037	3.0459827E-003
1.038	3.0967849E-003
1.039	3.1467990E-003
1.04	3.2057324E-003
1.041	3.2538432E-003
1.042	3.3010384E-003
1.043	3.3564069E-003
1.044	3.4014119E-003
1.045	3.4453368E-003
1.046	3.4967260E-003
1.047	3.5382463E-003
1.048	3.5785756E-003
1.049	3.6255168E-003
1.05	3.6631769E-003
1.051	3.7068590E-003
1.052	3.7417500E-003
1.053	3.7753209E-003
1.054	3.8140037E-003
1.055	3.8446384E-003
1.056	3.8738910E-003
1.057	3.9073224E-003
1.058	3.9335112E-003
1.059	3.9631426E-003
1.06	3.9861673E-003
1.061	4.0077716E-003
1.062	4.0318971E-003
1.063	4.0502734E-003
1.064	4.0704263E-003
1.065	4.0840772E-003
1.066	4.1005975E-003
1.067	4.1125328E-003
1.068	4.1250642E-003
1.069	4.1338243E-003
1.07	4.1424274E-003
1.071	4.1479156E-003
1.072	4.1519040E-003
1.073	4.1548512E-003
1.074	4.1555576E-003
1.075	4.1546696E-003
1.076	4.1522561E-003
1.077	4.1475799E-003
1.078	4.1419538E-003
1.079	4.1335630E-003
1.08	4.1249325E-003
1.081	4.1128863E-003
1.082	4.0989043E-003
1.083	4.0855608E-003
1.084	4.0680924E-003
1.085	4.0519964E-003
1.086	4.0311338E-003
1.087	4.0121675E-003
1.088	3.9880322E-003
1.089	3.9665350E-003
1.09	3.9392095E-003
1.091	3.9150920E-003
1.092	3.8848508E-003
1.093	3.8530480E-003
1.094	3.8251793E-003
1.095	3.7906109E-003
1.096	3.7606126E-003
1.097	3.7233809E-003
1.098	3.6848069E-003
1.099	3.6515852E-003
1.1	3.6106699E-003
1.101	3.5755711E-003
1.102	3.5324676E-003
1.103	3.4883325E-003
1.104	3.4505520E-003
1.105	3.4044781E-003
1.106	3.3574100E-003
1.107	3.3174241E-003
1.108	3.2687264E-003
1.109	3.2192189E-003
1.11	3.1773236E-003
1.111	3.1264285E-003
1.112	3.0749696E-003
1.113	3.0315293E-003
1.114	2.9789389E-003
1.115	2.9258819E-003
1.116	2.8812282E-003
1.117	2.8273677E-003
1.118	2.7731967E-003
1.119	2.7186594E-003
1.12	2.6730082E-003
1.121	2.6181007E-003
1.122	2.5630412E-003
1.123	2.5170387E-003
1.124	2.4618236E-003
1.125	2.4066437E-003
1.126	2.3514680E-003
1.127	2.3055263E-003
1.128	2.2505864E-003
1.129	2.1958291E-003
1.13	2.1412750E-003
1.131	2.0870210E-003
1.132	2.0420004E-003
1.133	1.9883402E-003
1.134	1.9351119E-003
1.135	1.8823021E-003
1.136	1.8299761E-003
1.137	1.7867535E-003
1.138	1.7354346E-003
1.139	1.6847025E-003
1.14	1.6346092E-003
1.141	1.5851730E-003
1.142	1.5445049E-003
1.143	1.4963916E-003
1.144	1.4490454E-003
1.145	1.4025081E-003
1.146	1.3567731E-003
1.147	1.3119261E-003
1.148	1.2679405E-003
1.149	1.2319846E-003
1.15	1.1897045E-003
1.151	1.1483858E-003
1.152	1.1080472E-003
1.153	1.0687086E-003
1.154	1.0303905E-003
1.155	9.9312502E-004
1.156	9.5692766E-004
1.157	9.2180650E-004
1.158	8.9338346E-004
1.159	8.6028193E-004
1.16	8.2830054E-004
1.161	7.9746684E-004
1.162	7.6775334E-004
1.163	7.3920650E-004
1.164	7.1182288E-004
1.165	6.8562245E-004
1.166	6.6058419E-004
1.167	6.3672866E-004
1.168	6.1405305E-004
1.169	5.9258903E-004
1.17	5.7229446E-004
1.171	5.5319199E-004
1.172	5.3527544E-004
1.173	5.1856448E-004
1.174	5.0301244E-004
1.175	4.8864703E-004
1.176	4.7547070E-004
1.177	4.6346014E-004
1.178	4.5259926E-004
1.179	4.4288687E-004
1.18	4.3433491E-004
1.181	4.2689737E-004
1.182	4.2059069E-004
1.183	4.1540025E-004
1.184	4.1131140E-004
1.185	4.0829688E-004
1.186	4.0636116E-004
1.187	4.0548301E-004
1.188	4.0562853E-004
1.189	4.0680860E-004
1.19	4.0897776E-004
1.191	4.1274063E-004
1.192	4.1704148E-004
1.193	4.2226491E-004
1.194	4.2843647E-004
1.195	4.3551018E-004
1.196	4.4346304E-004
1.197	4.5226453E-004
1.198	4.6191862E-004
1.199	4.7239146E-004
1.2	4.8557765E-004
1.201	4.9773668E-004
1.202	5.1063456E-004
1.203	5.2425091E-004
1.204	5.3855998E-004
1.205	5.5353536E-004
1.206	5.6915043E-004
1.207	5.8813166E-004
1.208	6.0505443E-004
1.209	6.2253640E-004
1.21	6.4055406E-004
1.211	6.5908238E-004
1.212	6.7808741E-004
1.213	7.0082862E-004
1.214	7.2079524E-004
1.215	7.4115820E-004
1.216	7.6189724E-004
1.217	7.8651286E-004
1.218	8.0797059E-004
1.219	8.2971237E-004
1.22	8.5171516E-004
1.221	8.7395712E-004
1.222	9.0016890E-004
1.223	9.2283363E-004
1.224	9.4565470E-004
1.225	9.6860511E-004
1.226	9.9551561E-004
1.227	1.0186634E-003
1.228	1.0418560E-003
1.229	1.0689581E-003
1.23	1.0921741E-003
1.231	1.1153730E-003
1.232	1.1385239E-003
1.233	1.1654499E-003
1.234	1.1884181E-003
1.235	1.2112652E-003
1.236	1.2377457E-003
1.237	1.2602590E-003
1.238	1.2825725E-003
1.239	1.3083642E-003
1.24	1.3302093E-003
1.241	1.3518032E-003
1.242	1.3766676E-003
1.243	1.3976435E-003
1.244	1.4183153E-003
1.245	1.4420416E-003
1.246	1.4619709E-003
1.247	1.4815523E-003
1.248	1.5039264E-003
1.249	1.5226618E-003
1.25	1.5440204E-003
1.251	1.5618275E-003
1.252	1.5791932E-003
1.253	1.5989096E-003
1.254	1.6152915E-003
1.255	1.6338102E-003
1.256	1.6491055E-003
1.257	1.6638889E-003
1.258	1.6805419E-003
1.259	1.6942222E-003
1.26	1.7095219E-003
1.261	1.7219955E-003
1.262	1.7359158E-003
1.263	1.7472019E-003
1.264	1.7578969E-003
1.265	1.7697079E-003
1.266	1.7791289E-003
1.267	1.7894645E-003
1.268	1.7976457E-003
1.269	1.8064817E-003
1.27	1.8133509E-003
1.271	1.8206643E-003
1.272	1.8262053E-003
1.273	1.8320144E-003
1.274	1.8362643E-003
1.275	1.8404934E-003
1.276	1.8434192E-003
1.277	1.8461420E-003
1.278	1.8477903E-003
1.279	1.8489592E-003
1.28	1.8492814E-003
1.281	1.8489554E-003
1.282	1.8478007E-003
1.283	1.8461640E-003
1.284	1.8435232E-003
1.285	1.8406020E-003
1.286	1.8365058E-003
1.287	1.8323460E-003
1.288	1.8268418E-003
1.289	1.8205877E-003
1.29	1.8145714E-003
1.291	1.8069277E-003
1.292	1.7997546E-003
1.293	1.7907737E-003
1.294	1.7811034E-003
1.295	1.7722265E-003
1.296	1.7612870E-003
1.297	1.7513440E-003
1.298	1.7392109E-003
1.299	1.7264220E-003
1.3	1.7149438E-003
1.301	1.7010587E-003
1.302	1.6865584E-003
1.303	1.6736373E-003
1.304	1.6581384E-003
1.305	1.6420679E-003
1.306	1.6278443E-003
1.307	1.6108644E-003
1.308	1.5933965E-003
1.309	1.5780216E-003
1.31	1.5597257E-003
1.311	1.5409853E-003
1.312	1.5245612E-003
1.313	1.5051076E-003
1.314	1.4852654E-003
1.315	1.4650936E-003
1.316	1.4475102E-003
1.317	1.4267405E-003
1.318	1.4056897E-003
1.319	1.3874009E-003
1.32	1.3658562E-003
1.321	1.3441055E-003
1.322	1.3221374E-003
1.323	1.3031220E-003
1.324	1.2808295E-003
1.325	1.2583834E-003
1.326	1.2357916E-003
1.327	1.2131112E-003
1.328	1.1935775E-003
1.329	1.1707396E-003
1.33	1.1478531E-003
1.331	1.1249449E-003
1.332	1.1020150E-003
1.333	1.0823481E-003
1.334	1.0594552E-003
1.335	1.0366020E-003
1.336	1.0138083E-003
1.337	9.9109276E-004
1.338	9.7169529E-004
1.339	9.4917673E-004
1.34	9.2678418E-004
1.341	9.0455287E-004
1.342	8.8247797E-004
1.343	8.6059823E-004
1.344	8.3890604E-004
1.345	8.2047988E-004
1.346	7.9919380E-004
1.347	7.7815645E-004
1.348	7.5737841E-004
1.349	7.3686667E-004
1.35	7.1664643E-004
1.351	6.9672079E-004
1.352	6.7711138E-004
1.353	6.5782719E-004
1.354	6.3887954E-004
1.355	6.2291260E-004
1.356	6.0462108E-004
1.357	5.8669678E-004
1.358	5.6915660E-004
1.359	5.5200193E-004
1.36	5.3524924E-004
1.361	5.1890948E-004
1.362	5.0298416E-004
1.363	4.8748634E-004
1.364	4.7241536E-004
1.365	4.5779158E-004
1.366	4.4361610E-004
1.367	4.2988604E-004
1.368	4.1661997E-004
1.369	4.0381952E-004
1.37	3.9148514E-004
1.371	3.7962091E-004
1.372	3.6824535E-004
1.373	3.5734093E-004
1.374	3.4692630E-004
1.375	3.3699383E-004
1.376	3.2755753E-004
1.377	3.1860016E-004
1.378	3.1014255E-004
1.379	3.0217564E-004
1.38	2.9469220E-004
1.381	2.8771244E-004
1.382	2.8121026E-004
1.383	2.7520081E-004
1.384	2.6968739E-004
1.385	2.6465137E-004
1.386	2.5947872E-004
1.387	2.5548431E-004
1.388	2.5196621E-004
1.389	2.4891814E-004
1.39	2.4634760E-004
1.391	2.4423283E-004
1.392	2.4258738E-004
1.393	2.4140175E-004
1.394	2.4065560E-004
1.395	2.4036356E-004
1.396	2.4055591E-004
1.397	2.4119743E-004
1.398	2.4225941E-004
1.399	2.4374202E-004
1.4	2.4563406E-004
1.401	2.4793614E-004
1.402	2.5082921E-004
1.403	2.5394178E-004
1.404	2.5742702E-004
1.405	2.6129698E-004
1.406	2.6552370E-004
1.407	2.7009656E-004
1.408	2.7573420E-004
1.409	2.8103884E-004
1.41	2.8667279E-004
1.411	2.9261064E-004
1.412	2.9885874E-004
1.413	3.0634456E-004
1.414	3.1320468E-004
1.415	3.2034607E-004
1.416	3.2775116E-004
1.417	3.3650655E-004
1.418	3.4443417E-004
1.419	3.5259104E-004
1.42	3.6096803E-004
1.421	3.7078076E-004
1.422	3.7958968E-004
1.423	3.8858037E-004
1.424	3.9774564E-004
1.425	4.0841033E-004
1.426	4.1790822E-004
1.427	4.2754682E-004
1.428	4.3731107E-004
1.429	4.4860991E-004
1.43	4.5861301E-004
1.431	4.6870875E-004
1.432	4.8034574E-004
1.433	4.9060589E-004
1.434	5.0092634E-004
1.435	5.1277952E-004
1.436	5.2318996E-004
1.437	5.3363101E-004
1.438	5.4558035E-004
1.439	5.5603980E-004
1.44	5.6649407E-004
1.441	5.7842431E-004
1.442	5.8883167E-004
1.443	6.0068938E-004
1.444	6.1100908E-004
1.445	6.2126928E-004
1.446	6.3291792E-004
1.447	6.4302713E-004
1.448	6.5304863E-004
1.449	6.6438853E-004
1.45	6.7419297E-004
1.451	6.8527216E-004
1.452	6.9482694E-004
1.453	7.0559629E-004
1.454	7.1486423E-004
1.455	7.2398415E-004
1.456	7.3422788E-004
1.457	7.4300182E-004
1.458	7.5284572E-004
1.459	7.6125714E-004
1.46	7.7065156E-004
1.461	7.7865180E-004
1.462	7.8758260E-004
1.463	7.9516391E-004
1.464	8.0357969E-004
1.465	8.1070070E-004
1.466	8.1858464E-004
1.467	8.2523521E-004
1.468	8.3256356E-004
1.469	8.3871256E-004
1.47	8.4462616E-004
1.471	8.5110054E-004
1.472	8.5725024E-004
1.473	8.6233858E-004
1.474	8.6787035E-004
1.475	8.7243685E-004
1.476	8.7733433E-004
1.477	8.8132016E-004
1.478	8.8557624E-004
1.479	8.8899775E-004
1.48	8.9260557E-004
1.481	8.9544390E-004
1.482	8.9838490E-004
1.483	9.0096978E-004
1.484	9.0291764E-004
1.485	9.0483692E-004
1.486	9.0620661E-004
1.487	9.0746843E-004
1.488	9.0836338E-004
1.489	9.0882624E-004
1.49	9.0906158E-004
1.491	9.0896065E-004
1.492	9.0853585E-004
1.493	9.0775895E-004
1.494	9.0677111E-004
1.495	9.0535049E-004
1.496	9.0358796E-004
1.497	9.0175727E-004
1.498	8.9936680E-004
1.499	8.9697470E-004
1.5	8.9396100E-004
1.501	8.9063804E-004
1.502	8.8743446E-004
1.503	8.8351319E-004
1.504	8.7928411E-004
1.505	8.7475305E-004
1.506	8.7051449E-004
1.507	8.6543284E-004
1.508	8.6005311E-004
1.509	8.5511315E-004
1.51	8.4922247E-004
1.511	8.4306876E-004
1.512	8.3664258E-004
1.513	8.3079899E-004
1.514	8.2391803E-004
1.515	8.1679394E-004
1.516	8.1034907E-004
1.517	8.0279756E-004
1.518	7.9502154E-004
1.519	7.8704557E-004
1.52	7.7988044E-004
1.521	7.7152537E-004
1.522	7.6299172E-004
1.523	7.5428002E-004
1.524	7.4540550E-004
1.525	7.3748099E-004
1.526	7.2830380E-004
1.527	7.1898400E-004
1.528	7.0953259E-004
1.529	6.9994805E-004
1.53	6.9144776E-004
1.531	6.8164605E-004
1.532	6.7175028E-004
1.533	6.6175539E-004
1.534	6.5167964E-004
1.535	6.4152695E-004
1.536	6.3257589E-004
1.537	6.2230974E-004
1.538	6.1199092E-004
1.539	6.0163054E-004
1.54	5.9123355E-004
1.541	5.8081595E-004
1.542	5.7038188E-004
1.543	5.6123897E-004
1.544	5.5079919E-004
1.545	5.4036541E-004
1.546	5.2995159E-004
1.547	5.1955559E-004
1.548	5.0919788E-004
1.549	4.9887976E-004
1.55	4.8861292E-004
1.551	4.7839829E-004
1.552	4.6825013E-004
1.553	4.5817095E-004
1.554	4.4816884E-004
1.555	4.3948519E-004
1.556	4.2965077E-004
1.557	4.1991437E-004
1.558	4.1028304E-004
1.559	4.0076664E-004
1.56	3.9136596E-004
1.561	3.8208827E-004
1.562	3.7294434E-004
1.563	3.6393333E-004
1.564	3.5506854E-004
1.565	3.4634792E-004
1.566	3.3777903E-004
1.567	3.2936840E-004
1.568	3.2112320E-004
1.569	3.1304616E-004
1.57	3.0513969E-004
1.571	2.9741408E-004
1.572	2.8986513E-004
1.573	2.8250006E-004
1.574	2.7532771E-004
1.575	2.6834355E-004
1.576	2.6155883E-004
1.577	2.5416087E-004
1.578	2.4779644E-004
1.579	2.4164259E-004
1.58	2.3569090E-004
1.581	2.2995828E-004
1.582	2.2442920E-004
1.583	2.1912009E-004
1.584	2.1402171E-004
1.585	2.0914884E-004
1.586	2.0448485E-004
1.587	2.0004758E-004
1.588	1.9582474E-004
1.589	1.9133987E-004
1.59	1.8759377E-004
1.591	1.8406613E-004
1.592	1.8076437E-004
1.593	1.7787958E-004
1.594	1.7500472E-004
1.595	1.7236025E-004
1.596	1.6963623E-004
1.597	1.6745180E-004
1.598	1.6549380E-004
1.599	1.6375273E-004
1.6	1.6223000E-004
1.601	1.6092318E-004
1.602	1.5970120E-004
1.603	1.5884219E-004
1.604	1.5819680E-004
1.605	1.5775979E-004
1.606	1.5752891E-004
1.607	1.5750046E-004
1.608	1.5769864E-004
1.609	1.5809356E-004
1.61	1.5868187E-004
1.611	1.5946414E-004
1.612	1.6055694E-004
1.613	1.6173589E-004
1.614	1.6309414E-004
1.615	1.6463271E-004
1.616	1.6656304E-004
1.617	1.6846631E-004
1.618	1.7053651E-004
1.619	1.7276965E-004
1.62	1.7546315E-004
1.621	1.7802678E-004
1.622	1.8074036E-004
1.623	1.8395716E-004
1.624	1.8697458E-004
1.625	1.9012630E-004
1.626	1.9340849E-004
1.627	1.9724948E-004
1.628	2.0079662E-004
1.629	2.0446155E-004
1.63	2.0871268E-004
1.631	2.1260839E-004
1.632	2.1660807E-004
1.633	2.2121611E-004
1.634	2.2541487E-004
1.635	2.3023918E-004
1.636	2.3461576E-004
1.637	2.3906741E-004
1.638	2.4415896E-004
1.639	2.4875641E-004
1.64	2.5341581E-004
1.641	2.5872100E-004
1.642	2.6348981E-004
1.643	2.6830583E-004
1.644	2.7376984E-004
1.645	2.7866353E-004
1.646	2.8420441E-004
1.647	2.8915497E-004
1.648	2.9474823E-004
1.649	2.9973433E-004
1.65	3.0472965E-004
1.651	3.1035626E-004
1.652	3.1535307E-004
1.653	3.2097258E-004
1.654	3.2595370E-004
1.655	3.3153794E-004
1.656	3.3648178E-004
1.657	3.4201576E-004
1.658	3.4689976E-004
1.659	3.5235632E-004
1.66	3.5716424E-004
1.661	3.6192915E-004
1.662	3.6723728E-004
1.663	3.7189876E-004
1.664	3.7707709E-004
1.665	3.8161539E-004
1.666	3.8665274E-004
1.667	3.9105123E-004
1.668	3.9592353E-004
1.669	4.0069909E-004
1.67	4.0485596E-004
1.671	4.0944153E-004
1.672	4.1341747E-004
1.673	4.1779579E-004
1.674	4.2158389E-004
1.675	4.2574157E-004
1.676	4.2932827E-004
1.677	4.3324786E-004
1.678	4.3661462E-004
1.679	4.4029055E-004
1.68	4.4382899E-004
1.681	4.4684601E-004
1.682	4.5011769E-004
1.683	4.5289897E-004
1.684	4.5589465E-004
1.685	4.5874322E-004
1.686	4.6113849E-004
1.687	4.6369861E-004
1.688	4.6583358E-004
1.689	4.6809547E-004
1.69	4.7020410E-004
1.691	4.7193319E-004
1.692	4.7374022E-004
1.693	4.7537833E-004
1.694	4.7668690E-004
1.695	4.7802195E-004
1.696	4.7918875E-004
1.697	4.8007982E-004
1.698	4.8093253E-004
1.699	4.8162363E-004
1.7	4.8209314E-004
1.701	4.8247134E-004
1.702	4.8268985E-004
1.703	4.8272539E-004
1.704	4.8263170E-004
1.705	4.8237198E-004
1.706	4.8195096E-004
1.707	4.8142677E-004
1.708	4.8070346E-004
1.709	4.7981844E-004
1.71	4.7888712E-004
1.711	4.7770893E-004
1.712	4.7637333E-004
1.713	4.7488644E-004
1.714	4.7342468E-004
1.715	4.7165412E-004
1.716	4.6973870E-004
1.717	4.6767958E-004
1.718	4.6547482E-004
1.719	4.6338848E-004
1.72	4.6092400E-004
1.721	4.5832299E-004
1.722	4.5559448E-004
1.723	4.5273593E-004
1.724	4.5008160E-004
1.725	4.4698405E-004
1.726	4.4377375E-004
1.727	4.4044320E-004
1.728	4.3700277E-004
1.729	4.3383875E-004
1.73	4.3019303E-004
1.731	4.2644463E-004
1.732	4.2280869E-004
1.733	4.1886751E-004
1.734	4.1483695E-004
1.735	4.1071081E-004
1.736	4.0696978E-004
1.737	4.0269250E-004
1.738	3.9833738E-004
1.739	3.9390594E-004
1.74	3.8940940E-004
1.741	3.8484417E-004
1.742	3.8021838E-004
1.743	3.7553525E-004
1.744	3.7131828E-004
1.745	3.6653783E-004
1.746	3.6170974E-004
1.747	3.5684125E-004
1.748	3.5193111E-004
1.749	3.4698992E-004
1.75	3.4202059E-004
1.751	3.3702090E-004
1.752	3.3200232E-004
1.753	3.2696666E-004
1.754	3.2191357E-004
1.755	3.1685369E-004
1.756	3.1178808E-004
1.757	3.0672087E-004
1.758	3.0165454E-004
1.759	2.9659088E-004
1.76	2.9154061E-004
1.761	2.8650530E-004
1.762	2.8148200E-004
1.763	2.7648144E-004
1.764	2.7150672E-004
1.765	2.6655925E-004
1.766	2.6163924E-004
1.767	2.5675775E-004
1.768	2.5191359E-004
1.769	2.4711250E-004
1.77	2.4235557E-004
1.771	2.3764597E-004
1.772	2.3298657E-004
1.773	2.2838170E-004
1.774	2.2383442E-004
1.775	2.1934669E-004
1.776	2.1492512E-004
1.777	2.1056730E-004
1.778	2.0627490E-004
1.779	2.0159123E-004
1.78	1.9745203E-004
1.781	1.9339117E-004
1.782	1.8940988E-004
1.783	1.8550611E-004
1.784	1.8168695E-004
1.785	1.7795103E-004
1.786	1.7430355E-004
1.787	1.7074434E-004
1.788	1.6689216E-004
1.789	1.6352690E-004
1.79	1.6025601E-004
1.791	1.5707912E-004
1.792	1.5399807E-004
1.793	1.5101902E-004
1.794	1.4813810E-004
1.795	1.4505092E-004
1.796	1.4238324E-004
1.797	1.3981589E-004
1.798	1.3735656E-004
1.799	1.3500021E-004
1.8	1.3250200E-004
1.801	1.3036912E-004
1.802	1.2833522E-004
1.803	1.2641403E-004
1.804	1.2460137E-004
1.805	1.2270415E-004
1.806	1.2111694E-004
1.807	1.1963616E-004
1.808	1.1826371E-004
1.809	1.1685281E-004
1.81	1.1570500E-004
1.811	1.1466271E-004
1.812	1.1372456E-004
1.813	1.1280458E-004
1.814	1.1209017E-004
1.815	1.1147720E-004
1.816	1.1096843E-004
1.817	1.1052024E-004
1.818	1.1022681E-004
1.819	1.1003601E-004
1.82	1.0993545E-004
1.821	1.0995025E-004
1.822	1.1006462E-004
1.823	1.1027524E-004
1.824	1.1061202E-004
1.825	1.1101900E-004
1.826	1.1151950E-004
1.827	1.1217115E-004
1.828	1.1285723E-004
1.829	1.1362910E-004
1.83	1.1458193E-004
1.831	1.1553019E-004
1.832	1.1656130E-004
1.833	1.1779470E-004
1.834	1.1898841E-004
1.835	1.2040074E-004
1.836	1.2175041E-004
1.837	1.2317183E-004
1.838	1.2482902E-004
1.839	1.2639121E-004
1.84	1.2820245E-004
1.841	1.2989916E-004
1.842	1.3165502E-004
1.843	1.3367122E-004
1.844	1.3554526E-004
1.845	1.3757929E-004
1.846	1.3956090E-004
1.847	1.4158830E-004
1.848	1.4389215E-004
1.849	1.4601412E-004
1.85	1.4841589E-004
1.851	1.5061817E-004
1.852	1.5310590E-004
1.853	1.5538139E-004
1.854	1.5794272E-004
1.855	1.6028057E-004
1.856	1.6290409E-004
1.857	1.6529257E-004
1.858	1.6796609E-004
1.859	1.7039241E-004
1.86	1.7310676E-004
1.861	1.7556305E-004
1.862	1.7830339E-004
1.863	1.8077756E-004
1.864	1.8353411E-004
1.865	1.8601737E-004
1.866	1.8877731E-004
1.867	1.9125846E-004
1.868	1.9401015E-004
1.869	1.9647778E-004
1.87	1.9921201E-004
1.871	2.0166113E-004
1.872	2.0436445E-004
1.873	2.0705085E-004
1.874	2.0944620E-004
1.875	2.1208668E-004
1.876	2.1443800E-004
1.877	2.1702325E-004
1.878	2.1957555E-004
1.879	2.2184008E-004
1.88	2.2432505E-004
1.881	2.2652454E-004
1.882	2.2892766E-004
1.883	2.3129102E-004
1.884	2.3337087E-004
1.885	2.3564219E-004
1.886	2.3763944E-004
1.887	2.3981038E-004
1.888	2.4192542E-004
1.889	2.4378095E-004
1.89	2.4579020E-004
1.891	2.4773669E-004
1.892	2.4942742E-004
1.893	2.5125485E-004
1.894	2.5302079E-004
1.895	2.5454338E-004
1.896	2.5618024E-004
1.897	2.5774119E-004
1.898	2.5908602E-004
1.899	2.6051645E-004
1.9	2.6187359E-004
1.901	2.6315314E-004
1.902	2.6424014E-004
1.903	2.6538083E-004
1.904	2.6644056E-004
1.905	2.6732730E-004
1.906	2.6824197E-004
1.907	2.6907914E-004
1.908	2.6983535E-004
1.909	2.7044292E-004
1.91	2.7105075E-004
1.911	2.7157451E-004
1.912	2.7202032E-004
1.913	2.7234948E-004
1.914	2.7263802E-004
1.915	2.7284861E-004
1.916	2.7298124E-004
1.917	2.7302894E-004
1.918	2.7300115E-004
1.919	2.7289969E-004
1.92	2.7271544E-004
1.921	2.7245184E-004
1.922	2.7211386E-004
1.923	2.7169325E-004
1.924	2.7124645E-004
1.925	2.7067956E-004
1.926	2.7003870E-004
1.927	2.6932359E-004
1.928	2.6853004E-004
1.929	2.6766513E-004
1.93	2.6681725E-004
1.931	2.6581774E-004
1.932	2.6474206E-004
1.933	2.6360137E-004
1.934	2.6239251E-004
1.935	2.6111005E-004
1.936	2.5976694E-004
1.937	2.5836084E-004
1.938	2.5703383E-004
1.939	2.5558146E-004
1.94	2.5399573E-004
1.941	2.5235413E-004
1.942	2.5065709E-004
1.943	2.4889823E-004
1.944	2.4709004E-004
1.945	2.4522873E-004
1.946	2.4331330E-004
1.947	2.4135440E-004
1.948	2.3934314E-004
1.949	2.3728979E-004
1.95	2.3519059E-004
1.951	2.3305214E-004
1.952	2.3087622E-004
1.953	2.2865583E-004
1.954	2.2640101E-004
1.955	2.2411438E-004
1.956	2.2179028E-004
1.957	2.1944119E-004
1.958	2.1706341E-004
1.959	2.1465620E-004
1.96	2.1222686E-004
1.961	2.0977248E-004
1.962	2.0730033E-004
1.963	2.0480563E-004
1.964	2.0229739E-004
1.965	1.9977082E-004
1.966	1.9723612E-004
1.967	1.9468884E-004
1.968	1.9213167E-004
1.969	1.8956976E-004
1.97	1.8699834E-004
1.971	1.8442697E-004
1.972	1.8185447E-004
1.973	1.7928204E-004
1.974	1.7671184E-004
1.975	1.7414565E-004
1.976	1.7158774E-004
1.977	1.6878346E-004
1.978	1.6624309E-004
1.979	1.6371328E-004
1.98	1.6119957E-004
1.981	1.5870099E-004
1.982	1.5621861E-004
1.983	1.5375316E-004
1.984	1.5130808E-004
1.985	1.4864787E-004
1.986	1.4625271E-004
1.987	1.4388103E-004
1.988	1.4153574E-004
1.989	1.3921998E-004
1.99	1.3693521E-004
1.991	1.3467800E-004
1.992	1.3223627E-004
1.993	1.3004887E-004
1.994	1.2789803E-004
1.995	1.2578376E-004
1.996	1.2370528E-004
1.997	1.2146633E-004
1.998	1.1947135E-004
1.999	1.1751830E-004
2	1.1560723E-004
2.001	1.1373896E-004
2.002	1.1173351E-004
2.003	1.0995940E-004
2.004	1.0823117E-004
2.005	1.0654946E-004
2.006	1.0475104E-004
2.007	1.0316844E-004
2.008	1.0163659E-004
2.009	1.0015299E-004
2.01	9.8579294E-005
2.011	9.7201373E-005
2.012	9.5876414E-005
2.013	9.4474788E-005
2.014	9.3258750E-005
2.015	9.2093760E-005
2.016	9.0983514E-005
2.017	8.9819441E-005
2.018	8.8820314E-005
2.019	8.7874323E-005
2.02	8.6891341E-005
2.021	8.6058266E-005
2.022	8.5318607E-005
2.023	8.4517596E-005
2.024	8.3845865E-005
2.025	8.3230480E-005
2.026	8.2611805E-005
2.027	8.2108265E-005
2.028	8.1657061E-005
2.029	8.1218946E-005
2.03	8.0877777E-005
2.031	8.0561957E-005
2.032	8.0330479E-005
2.033	8.0148522E-005
2.034	8.0006947E-005
2.035	7.9931466E-005
2.036	7.9906997E-005
2.037	7.9932717E-005
2.038	8.0012571E-005
2.039	8.0150508E-005
2.04	8.0327707E-005
2.041	8.0574682E-005
2.042	8.0848906E-005
2.043	8.1166800E-005
2.044	8.1565515E-005
2.045	8.1976177E-005
2.046	8.2474930E-005
2.047	8.2973354E-005
2.048	8.3563806E-005
2.049	8.4145526E-005
2.05	8.4828484E-005
2.051	8.5489839E-005
2.052	8.6257169E-005
2.053	8.6993437E-005
2.054	8.7841741E-005
2.055	8.8649147E-005
2.056	8.9571316E-005
2.057	9.0443362E-005
2.058	9.1436494E-005
2.059	9.2371112E-005
2.06	9.3427567E-005
2.061	9.4417206E-005
2.062	9.5533942E-005
2.063	9.6575059E-005
2.064	9.7743286E-005
2.065	9.8830387E-005
2.066	1.0004693E-004
2.067	1.0117271E-004
2.068	1.0243170E-004
2.069	1.0371023E-004
2.07	1.0488804E-004
2.071	1.0619952E-004
2.072	1.0740440E-004
2.073	1.0874202E-004
2.074	1.0997010E-004
2.075	1.1132827E-004
2.076	1.1269645E-004
2.077	1.1394609E-004
2.078	1.1532621E-004
2.079	1.1658620E-004
2.08	1.1797242E-004
2.081	1.1936080E-004
2.082	1.2062224E-004
2.083	1.2200943E-004
2.084	1.2339253E-004
2.085	1.2464491E-004
2.086	1.2601829E-004
2.087	1.2738431E-004
2.088	1.2861739E-004
2.089	1.2996352E-004
2.09	1.3130107E-004
2.091	1.3250315E-004
2.092	1.3381123E-004
2.093	1.3510732E-004
2.094	1.3626865E-004
2.095	1.3752878E-004
2.096	1.3871581E-004
2.097	1.3993902E-004
2.098	1.4102946E-004
2.099	1.4221153E-004
2.1	1.4336995E-004
2.101	1.4439672E-004
2.102	1.4550524E-004
2.103	1.4658805E-004
2.104	1.4764236E-004
2.105	1.4857501E-004
2.106	1.4957399E-004
2.107	1.5054141E-004
2.108	1.5147925E-004
2.109	1.5238526E-004
2.11	1.5317634E-004
2.111	1.5401642E-004
2.112	1.5482419E-004
2.113	1.5559736E-004
2.114	1.5626525E-004
2.115	1.5697164E-004
2.116	1.5763678E-004
2.117	1.5826682E-004
2.118	1.5885751E-004
2.119	1.5941147E-004
2.12	1.5987889E-004
2.121	1.6035824E-004
2.122	1.6079925E-004
2.123	1.6119840E-004
2.124	1.6156137E-004
2.125	1.6188025E-004
2.126	1.6213168E-004
2.127	1.6237533E-004
2.128	1.6257731E-004
2.129	1.6274041E-004
2.13	1.6286336E-004
2.131	1.6294267E-004
2.132	1.6298135E-004
2.133	1.6298005E-004
2.134	1.6293951E-004
2.135	1.6286362E-004
2.136	1.6274421E-004
2.137	1.6258647E-004
2.138	1.6238699E-004
2.139	1.6214997E-004
2.14	1.6187325E-004
2.141	1.6155570E-004
2.142	1.6120108E-004
2.143	1.6080926E-004
2.144	1.6037797E-004
2.145	1.5990902E-004
2.146	1.5940452E-004
2.147	1.5886310E-004
2.148	1.5828476E-004
2.149	1.5767358E-004
2.15	1.5702657E-004
2.151	1.5634611E-004
2.152	1.5563268E-004
2.153	1.5488541E-004
2.154	1.5410582E-004
2.155	1.5329669E-004
2.156	1.5245400E-004
2.157	1.5158425E-004
2.158	1.5068369E-004
2.159	1.4975644E-004
2.16	1.4880174E-004
2.161	1.4781962E-004
2.162	1.4685759E-004
2.163	1.4582719E-004
2.164	1.4477149E-004
2.165	1.4369084E-004
2.166	1.4259144E-004
2.167	1.4146877E-004
2.168	1.4032541E-004
2.169	1.3916359E-004
2.17	1.3798359E-004
2.171	1.3678483E-004
2.172	1.3556913E-004
2.173	1.3422864E-004
2.174	1.3298080E-004
2.175	1.3171983E-004
2.176	1.3044565E-004
2.177	1.2916303E-004
2.178	1.2786666E-004
2.179	1.2656191E-004
2.18	1.2524681E-004
2.181	1.2380452E-004
2.182	1.2247646E-004
2.183	1.2113980E-004
2.184	1.1980113E-004
2.185	1.1845701E-004
2.186	1.1711025E-004
2.187	1.1564036E-004
2.188	1.1429165E-004
2.189	1.1294171E-004
2.19	1.1159387E-004
2.191	1.1024935E-004
2.192	1.0878410E-004
2.193	1.0744558E-004
2.194	1.0611373E-004
2.195	1.0478521E-004
2.196	1.0346335E-004
2.197	1.0203204E-004
2.198	1.0072652E-004
2.199	9.9431447E-005
2.2	9.8146164E-005
2.201	9.6874253E-005
2.202	9.5498362E-005
2.203	9.4248382E-005
2.204	9.3014045E-005
2.205	9.1684618E-005
2.206	9.0480258E-005
2.207	8.9290676E-005
2.208	8.8119406E-005
2.209	8.6859582E-005
2.21	8.5724743E-005
2.211	8.4606705E-005
2.212	8.3409061E-005
2.213	8.2332437E-005
2.214	8.1276841E-005
2.215	8.0241298E-005
2.216	7.9135461E-005
2.217	7.8144956E-005
2.218	7.7177559E-005
2.219	7.6147349E-005
2.22	7.5228127E-005
2.221	7.4333067E-005
2.222	7.3382063E-005
2.223	7.2576739E-005
2.224	7.1682072E-005
2.225	7.0889924E-005
2.226	7.0122638E-005
2.227	6.9313501E-005
2.228	6.8601847E-005
2.229	6.7916124E-005
2.23	6.7196976E-005
2.231	6.6567256E-005
2.232	6.5910375E-005
2.233	6.5337204E-005
2.234	6.4792082E-005
2.235	6.4227497E-005
2.236	6.3738829E-005
2.237	6.3236919E-005
2.238	6.2807419E-005
2.239	6.2367355E-005
2.24	6.1994841E-005
2.241	6.1650964E-005
2.242	6.1304760E-005
2.243	6.1017596E-005
2.244	6.0734852E-005
2.245	6.0504135E-005
2.246	6.0283248E-005
2.247	6.0109469E-005
2.248	5.9949703E-005
2.249	5.9832335E-005
2.25	5.9732338E-005
2.251	5.9669808E-005
2.252	5.9629849E-005
2.253	5.9619761E-005
2.254	5.9636568E-005
2.255	5.9680235E-005
2.256	5.9753238E-005
2.257	5.9847967E-005
2.258	5.9976679E-005
2.259	6.0119837E-005
2.26	6.0300696E-005
2.261	6.0491551E-005
2.262	6.0723465E-005
2.263	6.0982231E-005
2.264	6.1241517E-005
2.265	6.1546772E-005
2.266	6.1849649E-005
2.267	6.2200328E-005
2.268	6.2542684E-005
2.269	6.2936757E-005
2.27	6.3352476E-005
2.271	6.3752646E-005
2.272	6.4206899E-005
2.273	6.4641565E-005
2.274	6.5132896E-005
2.275	6.5641521E-005
2.276	6.6124754E-005
2.277	6.6666114E-005
2.278	6.7223402E-005
2.279	6.7748289E-005
2.28	6.8309309E-005
2.281	6.8857757E-005
2.282	6.9467620E-005
2.283	7.0089824E-005
2.284	7.0670292E-005
2.285	7.1313225E-005
2.286	7.1966642E-005
2.287	7.2572599E-005
2.288	7.3242001E-005
2.289	7.3918767E-005
2.29	7.4601390E-005
2.291	7.5232558E-005
2.292	7.5925243E-005
2.293	7.6622797E-005
2.294	7.7265722E-005
2.295	7.7969642E-005
2.296	7.8673766E-005
2.297	7.9380006E-005
2.298	8.0027858E-005
2.299	8.0733604E-005
2.3	8.1439954E-005
2.301	8.2143255E-005
2.302	8.2785271E-005
2.303	8.3482766E-005
2.304	8.4177140E-005
2.305	8.4865562E-005
2.306	8.5491505E-005
2.307	8.6169421E-005
2.308	8.6839864E-005
2.309	8.7504581E-005
2.31	8.8159140E-005
2.311	8.8753128E-005
2.312	8.9390254E-005
2.313	9.0017878E-005
2.314	9.0636669E-005
2.315	9.1241811E-005
2.316	9.1786453E-005
2.317	9.2369846E-005
2.318	9.2939321E-005
2.319	9.3497118E-005
2.32	9.4039220E-005
2.321	9.4567673E-005
2.322	9.5081981E-005
2.323	9.5538111E-005
2.324	9.6023417E-005
2.325	9.6489566E-005
2.326	9.6941440E-005
2.327	9.7375887E-005
2.328	9.7791548E-005
2.329	9.8191085E-005
2.33	9.8571909E-005
2.331	9.8932855E-005
2.332	9.9262317E-005
2.333	9.9561330E-005
2.334	9.9869205E-005
2.335	1.0015695E-004
2.336	1.0042579E-004
2.337	1.0067419E-004
2.338	1.0090225E-004
2.339	1.0111032E-004
2.34	1.0129670E-004
2.341	1.0146530E-004
2.342	1.0161235E-004
2.343	1.0173709E-004
2.344	1.0184284E-004
2.345	1.0192581E-004
2.346	1.0198860E-004
2.347	1.0203026E-004
2.348	1.0204958E-004
2.349	1.0205009E-004
2.35	1.0202824E-004
2.351	1.0198638E-004
2.352	1.0192464E-004
2.353	1.0184041E-004
2.354	1.0173459E-004
2.355	1.0160846E-004
2.356	1.0146491E-004
2.357	1.0129911E-004
2.358	1.0111295E-004
2.359	1.0090754E-004
2.36	1.0068197E-004
2.361	1.0043620E-004
2.362	1.0017276E-004
2.363	9.9888835E-005
2.364	9.9586156E-005
2.365	9.9265657E-005
2.366	9.8899734E-005
2.367	9.8540419E-005
2.368	9.8164492E-005
2.369	9.7772063E-005
2.37	9.7362608E-005
2.371	9.6936696E-005
2.372	9.6493255E-005
2.373	9.6034986E-005
2.374	9.5561350E-005
2.375	9.5032752E-005
2.376	9.4528143E-005
2.377	9.4008938E-005
2.378	9.3476796E-005
2.379	9.2931470E-005
2.38	9.2371185E-005
2.381	9.1824222E-005
2.382	9.1193389E-005
2.383	9.0598987E-005
2.384	8.9990943E-005
2.385	8.9374822E-005
2.386	8.8747634E-005
2.387	8.8057859E-005
2.388	8.7410910E-005
2.389	8.6756023E-005
2.39	8.6094180E-005
2.391	8.5422464E-005
2.392	8.4689476E-005
2.393	8.4003419E-005
2.394	8.3311395E-005
2.395	8.2615377E-005
2.396	8.1913393E-005
2.397	8.1148828E-005
2.398	8.0438680E-005
2.399	7.9723999E-005
2.4	7.8947443E-005
2.401	7.8227858E-005
2.402	7.7505232E-005
2.403	7.6782177E-005
2.404	7.5998360E-005
2.405	7.5272903E-005
2.406	7.4548887E-005
2.407	7.3825475E-005
2.408	7.3041963E-005
2.409	7.2320254E-005
2.41	7.1601127E-005
2.411	7.0825976E-005
2.412	7.0111848E-005
2.413	6.9401845E-005
2.414	6.8636800E-005
2.415	6.7936482E-005
2.416	6.7239802E-005
2.417	6.6490618E-005
2.418	6.5806336E-005
2.419	6.5127184E-005
2.42	6.4399079E-005
2.421	6.3734638E-005
2.422	6.3022286E-005
2.423	6.2373765E-005
2.424	6.1733052E-005
2.425	6.1048064E-005
2.426	6.0426199E-005
2.427	5.9813468E-005
2.428	5.9185259E-005
2.429	5.8590969E-005
2.43	5.7960307E-005
2.431	5.7388450E-005
2.432	5.6781228E-005
2.433	5.6232191E-005
2.434	5.5695586E-005
2.435	5.5125336E-005
2.436	5.4614051E-005
2.437	5.4070908E-005
2.438	5.3585176E-005
2.439	5.3071624E-005
2.44	5.2610303E-005
2.441	5.2126179E-005
2.442	5.1692867E-005
2.443	5.1275070E-005
2.444	5.0833580E-005
2.445	5.0443472E-005
2.446	5.0035462E-005
2.447	4.9672919E-005
2.448	4.9295923E-005
2.449	4.8935402E-005
2.45	4.8618796E-005
2.451	4.8315960E-005
2.452	4.8003312E-005
2.453	4.7708661E-005
2.454	4.7451013E-005
2.455	4.7189151E-005
2.456	4.6961919E-005
2.457	4.6731857E-005
2.458	4.6534984E-005
2.459	4.6338348E-005
2.46	4.6171266E-005
2.461	4.6006237E-005
2.462	4.5858687E-005
2.463	4.5737161E-005
2.464	4.5621360E-005
2.465	4.5529388E-005
2.466	4.5445078E-005
2.467	4.5377739E-005
2.468	4.5328641E-005
2.469	4.5292276E-005
2.47	4.5272631E-005
2.471	4.5265926E-005
2.472	4.5273016E-005
2.473	4.5295295E-005
2.474	4.5331297E-005
2.475	4.5378492E-005
2.476	4.5443838E-005
2.477	4.5522342E-005
2.478	4.5608977E-005
2.479	4.5714638E-005
2.48	4.5833705E-005
2.481	4.5955992E-005
2.482	4.6099751E-005
2.483	4.6256711E-005
2.484	4.6425193E-005
2.485	4.6591937E-005
2.486	4.6784149E-005
2.487	4.6986384E-005
2.488	4.7183410E-005
2.489	4.7406666E-005
2.49	4.7640053E-005
2.491	4.7865884E-005
2.492	4.8117367E-005
2.493	4.8378188E-005
2.494	4.8648439E-005
2.495	4.8905797E-005
2.496	4.9190978E-005
2.497	4.9484282E-005
2.498	4.9784059E-005
2.499	5.0068356E-005
2.5	5.0380691E-005
2.501	5.0700655E-005
2.502	5.1024497E-005
2.503	5.1354029E-005
2.504	5.1662239E-005
2.505	5.2001022E-005
2.506	5.2342977E-005
2.507	5.2689207E-005
2.508	5.3038384E-005
2.509	5.3362885E-005
2.51	5.3717537E-005
2.511	5.4073327E-005
2.512	5.4430759E-005
2.513	5.4775453E-005
2.514	5.5134577E-005
2.515	5.5467153E-005
2.516	5.5825854E-005
2.517	5.6185261E-005
2.518	5.6543766E-005
2.519	5.6900466E-005
2.52	5.7256730E-005
2.521	5.7609770E-005
2.522	5.7934154E-005
2.523	5.8282927E-005
2.524	5.8628579E-005
2.525	5.8970843E-005
2.526	5.9309241E-005
2.527	5.9644106E-005
2.528	5.9973958E-005
2.529	6.0299535E-005
2.53	6.0619463E-005
2.531	6.0935119E-005
2.532	6.1243773E-005
2.533	6.1546445E-005
2.534	6.1821214E-005
2.535	6.2110710E-005
2.536	6.2395731E-005
2.537	6.2672378E-005
2.538	6.2941624E-005
2.539	6.3203806E-005
2.54	6.3457905E-005
2.541	6.3704007E-005
2.542	6.3940272E-005
2.543	6.4169995E-005
2.544	6.4390129E-005
2.545	6.4600528E-005
2.546	6.4803062E-005
2.547	6.4994776E-005
2.548	6.5178479E-005
2.549	6.5351756E-005
2.55	6.5515669E-005
2.551	6.5668821E-005
2.552	6.5806969E-005
2.553	6.5940054E-005
2.554	6.6063447E-005
2.555	6.6175548E-005
2.556	6.6278379E-005
2.557	6.6376720E-005
2.558	6.6455948E-005
2.559	6.6525507E-005
2.56	6.6583816E-005
2.561	6.6630913E-005
2.562	6.6666958E-005
2.563	6.6693538E-005
2.564	6.6706962E-005
2.565	6.6711546E-005
2.566	6.6704233E-005
2.567	6.6685105E-005
2.568	6.6653396E-005
2.569	6.6612818E-005
2.57	6.6560060E-005
2.571	6.6497778E-005
2.572	6.6423723E-005
2.573	6.6339970E-005
2.574	6.6244465E-005
2.575	6.6130960E-005
2.576	6.6013665E-005
2.577	6.5886488E-005
2.578	6.5748405E-005
2.579	6.5600776E-005
2.58	6.5443906E-005
2.581	6.5263775E-005
2.582	6.5085020E-005
2.583	6.4897060E-005
2.584	6.4699685E-005
2.585	6.4493914E-005
2.586	6.4261760E-005
2.587	6.4035434E-005
2.588	6.3802545E-005
2.589	6.3559266E-005
2.59	6.3318235E-005
2.591	6.3039253E-005
2.592	6.2772007E-005
2.593	6.2496685E-005
2.594	6.2213054E-005
2.595	6.1901621E-005
2.596	6.1603438E-005
2.597	6.1297826E-005
2.598	6.0986771E-005
2.599	6.0645212E-005
2.6	6.0320199E-005
2.601	5.9989190E-005
2.602	5.9627000E-005
2.603	5.9284390E-005
2.604	5.8937207E-005
2.605	5.8585782E-005
2.606	5.8201040E-005
2.607	5.7839297E-005
2.608	5.7474062E-005
2.609	5.7076111E-005
2.61	5.6702938E-005
2.611	5.6325123E-005
2.612	5.5916433E-005
2.613	5.5532983E-005
2.614	5.5147684E-005
2.615	5.4729822E-005
2.616	5.4339969E-005
2.617	5.3917593E-005
2.618	5.3525604E-005
2.619	5.3129887E-005
2.62	5.2704818E-005
2.621	5.2307936E-005
2.622	5.1911906E-005
2.623	5.1484742E-005
2.624	5.1087387E-005
2.625	5.0661311E-005
2.626	5.0281073E-005
2.627	4.9886774E-005
2.628	4.9462924E-005
2.629	4.9070732E-005
2.63	4.8651320E-005
2.631	4.8263362E-005
2.632	4.7847294E-005
2.633	4.7464524E-005
2.634	4.7054629E-005
2.635	4.6676385E-005
2.636	4.6272951E-005
2.637	4.5903056E-005
2.638	4.5534758E-005
2.639	4.5143493E-005
2.64	4.4783887E-005
2.641	4.4401510E-005
2.642	4.4051121E-005
2.643	4.3678247E-005
2.644	4.3337550E-005
2.645	4.2975891E-005
2.646	4.2645424E-005
2.647	4.2295356E-005
2.648	4.1976178E-005
2.649	4.1638410E-005
2.65	4.1307372E-005
2.651	4.1006711E-005
2.652	4.0689138E-005
2.653	4.0400875E-005
2.654	4.0097475E-005
2.655	3.9822928E-005
2.656	3.9534789E-005
2.657	3.9274048E-005
2.658	3.9000544E-005
2.659	3.8734368E-005
2.66	3.8495527E-005
2.661	3.8254089E-005
2.662	3.8030656E-005
2.663	3.7796744E-005
2.664	3.7570630E-005
2.665	3.7369820E-005
2.666	3.7160800E-005
2.667	3.6975569E-005
2.668	3.6783327E-005
2.669	3.6600315E-005
2.67	3.6438778E-005
2.671	3.6272457E-005
2.672	3.6116391E-005
2.673	3.5978508E-005
2.674	3.5838599E-005
2.675	3.5707566E-005
2.676	3.5594585E-005
2.677	3.5480887E-005
2.678	3.5376070E-005
2.679	3.5286364E-005
2.68	3.5198642E-005
2.681	3.5120087E-005
2.682	3.5054145E-005
2.683	3.4991597E-005
2.684	3.4937359E-005
2.685	3.4892455E-005
2.686	3.4858000E-005
2.687	3.4829205E-005
2.688	3.4808159E-005
2.689	3.4795965E-005
2.69	3.4791050E-005
2.691	3.4793942E-005
2.692	3.4804474E-005
2.693	3.4821358E-005
2.694	3.4845885E-005
2.695	3.4877827E-005
2.696	3.4917630E-005
2.697	3.4960933E-005
2.698	3.5014160E-005
2.699	3.5075082E-005
2.7	3.5141471E-005
2.701	3.5214958E-005
2.702	3.5289399E-005
2.703	3.5375382E-005
2.704	3.5466455E-005
2.705	3.5564422E-005
2.706	3.5667854E-005
2.707	3.5776888E-005
2.708	3.5882636E-005
2.709	3.6001660E-005
2.71	3.6125672E-005
2.711	3.6254361E-005
2.712	3.6388003E-005
2.713	3.6525184E-005
2.714	3.6657006E-005
2.715	3.6801885E-005
2.716	3.6951398E-005
2.717	3.7104441E-005
2.718	3.7259862E-005
2.719	3.7419719E-005
2.72	3.7581118E-005
2.721	3.7746056E-005
2.722	3.7913091E-005
2.723	3.8070528E-005
2.724	3.8242044E-005
2.725	3.8415510E-005
2.726	3.8590413E-005
2.727	3.8760420E-005
2.728	3.8937964E-005
2.729	3.9116905E-005
2.73	3.9296265E-005
2.731	3.9476075E-005
2.732	3.9656748E-005
2.733	3.9836697E-005
2.734	4.0017447E-005
2.735	4.0197476E-005
2.736	4.0377545E-005
2.737	4.0556912E-005
2.738	4.0735453E-005
2.739	4.0912430E-005
2.74	4.1088602E-005
2.741	4.1263811E-005
2.742	4.1437383E-005
2.743	4.1607673E-005
2.744	4.1777450E-005
2.745	4.1944615E-005
2.746	4.2109328E-005
2.747	4.2271527E-005
2.748	4.2431566E-005
2.749	4.2589189E-005
2.75	4.2742799E-005
2.751	4.2892767E-005
2.752	4.3040869E-005
2.753	4.3184413E-005
2.754	4.3325403E-005
2.755	4.3461598E-005
2.756	4.3594366E-005
2.757	4.3722594E-005
2.758	4.3843065E-005
2.759	4.3972286E-005
2.76	4.4088501E-005
2.761	4.4199554E-005
2.762	4.4306082E-005
2.763	4.4408331E-005
2.764	4.4505716E-005
2.765	4.4597662E-005
2.766	4.4684533E-005
2.767	4.4772321E-005
2.768	4.4849618E-005
2.769	4.4920518E-005
2.77	4.4986515E-005
2.771	4.5047153E-005
2.772	4.5102861E-005
2.773	4.5151959E-005
2.774	4.5199278E-005
2.775	4.5237346E-005
2.776	4.5269597E-005
2.777	4.5297242E-005
2.778	4.5317036E-005
2.779	4.5333967E-005
2.78	4.5342793E-005
2.781	4.5346416E-005
2.782	4.5344168E-005
2.783	4.5336252E-005
2.784	4.5321081E-005
2.785	4.5301542E-005
2.786	4.5275669E-005
2.787	4.5243480E-005
2.788	4.5207187E-005
2.789	4.5161400E-005
2.79	4.5112902E-005
2.791	4.5057586E-005
2.792	4.4997167E-005
2.793	4.4927157E-005
2.794	4.4855246E-005
2.795	4.4777804E-005
2.796	4.4689725E-005
2.797	4.4601005E-005
2.798	4.4508073E-005
2.799	4.4408778E-005
2.8	4.4297718E-005
2.801	4.4188899E-005
2.802	4.4074528E-005
2.803	4.3946417E-005
2.804	4.3821325E-005
2.805	4.3692045E-005
2.806	4.3549258E-005
2.807	4.3410444E-005
2.808	4.3267592E-005
2.809	4.3109576E-005
2.81	4.2957432E-005
2.811	4.2801596E-005
2.812	4.2629930E-005
2.813	4.2465388E-005
2.814	4.2285654E-005
2.815	4.2112864E-005
2.816	4.1938496E-005
2.817	4.1747124E-005
2.818	4.1570700E-005
2.819	4.1385847E-005
2.82	4.1184143E-005
2.821	4.0991978E-005
2.822	4.0783470E-005
2.823	4.0587332E-005
2.824	4.0373539E-005
2.825	4.0171384E-005
2.826	3.9966886E-005
2.827	3.9745693E-005
2.828	3.9537608E-005
2.829	3.9312272E-005
2.83	3.9100534E-005
2.831	3.8872164E-005
2.832	3.8656915E-005
2.833	3.8425696E-005
2.834	3.8208538E-005
2.835	3.7990521E-005
2.836	3.7756447E-005
2.837	3.7536334E-005
2.838	3.7300615E-005
2.839	3.7080012E-005
2.84	3.6843579E-005
2.841	3.6606940E-005
2.842	3.6386504E-005
2.843	3.6150126E-005
2.844	3.5930330E-005
2.845	3.5695255E-005
2.846	3.5483808E-005
2.847	3.5250141E-005
2.848	3.5032539E-005
2.849	3.4800920E-005
2.85	3.4585446E-005
2.851	3.4356850E-005
2.852	3.4144039E-005
2.853	3.3918954E-005
2.854	3.3694421E-005
2.855	3.3487238E-005
2.856	3.3267141E-005
2.857	3.3063880E-005
2.858	3.2848569E-005
2.859	3.2635373E-005
2.86	3.2438991E-005
2.861	3.2231459E-005
2.862	3.2040422E-005
2.863	3.1838499E-005
2.864	3.1638800E-005
2.865	3.1456668E-005
2.866	3.1263760E-005
2.867	3.1074585E-005
2.868	3.0901330E-005
2.869	3.0719089E-005
2.87	3.0540799E-005
2.871	3.0377210E-005
2.872	3.0205925E-005
2.873	3.0044543E-005
2.874	2.9892091E-005
2.875	2.9731997E-005
2.876	2.9576722E-005
2.877	2.9436322E-005
2.878	2.9288516E-005
2.879	2.9145755E-005
2.88	2.9016834E-005
2.881	2.8882265E-005
2.882	2.8752875E-005
2.883	2.8627161E-005
2.884	2.8514556E-005
2.885	2.8397742E-005
2.886	2.8286178E-005
2.887	2.8179013E-005
2.888	2.8083345E-005
2.889	2.7984672E-005
2.89	2.7891794E-005
2.891	2.7802776E-005
2.892	2.7724278E-005
2.893	2.7644441E-005
2.894	2.7569191E-005
2.895	2.7499305E-005
2.896	2.7437587E-005
2.897	2.7376742E-005
2.898	2.7320079E-005
2.899	2.7268112E-005
2.9	2.7222077E-005
2.901	2.7181741E-005
2.902	2.7142880E-005
2.903	2.7108539E-005
2.904	2.7078591E-005
2.905	2.7053080E-005
2.906	2.7032222E-005
2.907	2.7015425E-005
2.908	2.7003844E-005
2.909	2.6995205E-005
2.91	2.6990931E-005
2.911	2.6990374E-005
2.912	2.6994265E-005
2.913	2.7001926E-005
2.914	2.7013293E-005
2.915	2.7027854E-005
2.916	2.7046399E-005
2.917	2.7068892E-005
2.918	2.7094944E-005
2.919	2.7124439E-005
2.92	2.7156990E-005
2.921	2.7193999E-005
2.922	2.7233476E-005
2.923	2.7275635E-005
2.924	2.7321190E-005
2.925	2.7370004E-005
2.926	2.7420063E-005
2.927	2.7473967E-005
2.928	2.7527058E-005
2.929	2.7586359E-005
2.93	2.7648030E-005
2.931	2.7711447E-005
2.932	2.7777731E-005
2.933	2.7845746E-005
2.934	2.7916458E-005
2.935	2.7988728E-005
2.936	2.8062490E-005
2.937	2.8138249E-005
2.938	2.8215218E-005
2.939	2.8294417E-005
2.94	2.8374874E-005
2.941	2.8456236E-005
2.942	2.8538727E-005
2.943	2.8622633E-005
2.944	2.8706678E-005
2.945	2.8792254E-005
2.946	2.8883978E-005
2.947	2.8970462E-005
2.948	2.9057774E-005
2.949	2.9145414E-005
2.95	2.9232899E-005
2.951	2.9317760E-005
2.952	2.9405694E-005
2.953	2.9493242E-005
2.954	2.9580973E-005
2.955	2.9668745E-005
2.956	2.9755751E-005
2.957	2.9842229E-005
2.958	2.9933622E-005
2.959	3.0018762E-005
2.96	3.0103458E-005
2.961	3.0186868E-005
2.962	3.0269246E-005
2.963	3.0350895E-005
2.964	3.0430954E-005
2.965	3.0510124E-005
2.966	3.0592848E-005
2.967	3.0668689E-005
2.968	3.0742987E-005
2.969	3.0816380E-005
2.97	3.0887299E-005
2.971	3.0956831E-005
2.972	3.1024068E-005
2.973	3.1094271E-005
2.974	3.1157801E-005
2.975	3.1219151E-005
2.976	3.1276923E-005
2.977	3.1333584E-005
2.978	3.1391781E-005
2.979	3.1444073E-005
2.98	3.1494306E-005
2.981	3.1541666E-005
2.982	3.1589636E-005
2.983	3.1632120E-005
2.984	3.1671534E-005
2.985	3.1708249E-005
2.986	3.1745163E-005
2.987	3.1776239E-005
2.988	3.1804906E-005
2.989	3.1830303E-005
2.99	3.1854979E-005
2.991	3.1874431E-005
2.992	3.1891290E-005
2.993	3.1905638E-005
2.994	3.1917156E-005
2.995	3.1925272E-005
2.996	3.1930078E-005
2.997	3.1931668E-005
2.998	3.1930515E-005
2.999	3.1925905E-005
3	3.1917447E-005
