theta_deg	R
0.001	1.0000052E+000
0.002	1.0000052E+000
0.003	1.0000052E+000
0.004	1.0000052E+000
0.005	1.0000052E+000
0.006	1.0000052E+000
0.007	1.0000052E+000
0.008	1.0000052E+000
0.009	1.0000052E+000
0.01	1.0000052E+000
0.011	1.0000052E+000
0.012	1.0000052E+000
0.013	1.0000052E+000
0.014	9.9970722E-001
0.015	9.9970722E-001
0.016	9.9970722E-001
0.017	9.9970722E-001
0.018	9.9970722E-001
0.019	9.9970722E-001
0.02	9.9970722E-001
0.021	9.9970722E-001
0.022	9.9970722E-001
0.023	9.9970722E-001
0.024	9.9970722E-001
0.025	9.9958205E-001
0.026	9.9958205E-001
0.027	9.9958205E-001
0.028	9.9958205E-001
0.029	9.9958205E-001
0.03	9.9958205E-001
0.031	9.9958205E-001
0.032	9.9948412E-001
0.033	9.9948412E-001
0.034	9.9948412E-001
0.035	9.9948412E-001
0.036	9.9948412E-001
0.037	9.9948412E-001
0.038	9.9940056E-001
0.039	9.9940056E-001
0.04	9.9940056E-001
0.041	9.9940056E-001
0.042	9.9932605E-001
0.043	9.9932605E-001
0.044	9.9932605E-001
0.045	9.9932605E-001
0.046	9.9932605E-001
0.047	9.9925756E-001
0.048	9.9925756E-001
0.049	9.9925756E-001
0.05	9.9925756E-001
0.051	9.9919337E-001
0.052	9.9919337E-001
0.053	9.9919337E-001
0.054	9.9919337E-001
0.055	9.9913275E-001
0.056	9.9913275E-001
0.057	9.9913275E-001
0.058	9.9907517E-001
0.059	9.9907517E-001
0.06	9.9907517E-001
0.061	9.9901974E-001
0.062	9.9901974E-001
0.063	9.9901974E-001
0.064	9.9901974E-001
0.065	9.9896574E-001
0.066	9.9896574E-001
0.067	9.9896574E-001
0.068	9.9891365E-001
0.069	9.9891365E-001
0.07	9.9886292E-001
0.071	9.9886292E-001
0.072	9.9886292E-001
0.073	9.9881345E-001
0.074	9.9881345E-001
0.075	9.9881345E-001
0.076	9.9876463E-001
0.077	9.9876463E-001
0.078	9.9871659E-001
0.079	9.9871659E-001
0.08	9.9871659E-001
0.081	9.9866945E-001
0.082	9.9866945E-001
0.083	9.9862254E-001
0.084	9.9862254E-001
0.085	9.9862254E-001
0.086	9.9857646E-001
0.087	9.9857646E-001
0.088	9.9853069E-001
0.089	9.9853069E-001
0.09	9.9848473E-001
0.091	9.9848473E-001
0.092	9.9843943E-001
0.093	9.9843943E-001
0.094	9.9839437E-001
0.095	9.9839437E-001
0.096	9.9834907E-001
0.097	9.9834907E-001
0.098	9.9830401E-001
0.099	9.9830401E-001
0.1	9.9825919E-001
0.101	9.9825919E-001
0.102	9.9821424E-001
0.103	9.9821424E-001
0.104	9.9816871E-001
0.105	9.9816871E-001
0.106	9.9812353E-001
0.107	9.9812353E-001
0.108	9.9807799E-001
0.109	9.9807799E-001
0.11	9.9803209E-001
0.111	9.9803209E-001
0.112	9.9798632E-001
0.113	9.9794006E-001
0.114	9.9794006E-001
0.115	9.9789351E-001
0.116	9.9789351E-001
0.117	9.9784660E-001
0.118	9.9779916E-001
0.119	9.9779916E-001
0.12	9.9775136E-001
0.121	9.9775136E-001
0.122	9.9770302E-001
0.123	9.9765420E-001
0.124	9.9765420E-001
0.125	9.9760479E-001
0.126	9.9755430E-001
0.127	9.9755430E-001
0.128	9.9750340E-001
0.129	9.9745196E-001
0.13	9.9745196E-001
0.131	9.9739975E-001
0.132	9.9734628E-001
0.133	9.9734628E-001
0.134	9.9729270E-001
0.135	9.9723727E-001
0.136	9.9723727E-001
0.137	9.9718130E-001
0.138	9.9712461E-001
0.139	9.9712461E-001
0.14	9.9706626E-001
0.141	9.9700707E-001
0.142	9.9694645E-001
0.143	9.9694645E-001
0.144	9.9688435E-001
0.145	9.9682117E-001
0.146	9.9682117E-001
0.147	9.9675626E-001
0.148	9.9668962E-001
0.149	9.9662197E-001
0.15	9.9662197E-001
0.151	9.9655163E-001
0.152	9.9647987E-001
0.153	9.9640614E-001
0.154	9.9633020E-001
0.155	9.9633020E-001
0.156	9.9625224E-001
0.157	9.9617171E-001
0.158	9.9608886E-001
0.159	9.9600321E-001
0.16	9.9600321E-001
0.161	9.9591494E-001
0.162	9.9582320E-001
0.163	9.9572873E-001
0.164	9.9563080E-001
0.165	9.9552894E-001
0.166	9.9552894E-001
0.167	9.9542326E-001
0.168	9.9531388E-001
0.169	9.9519950E-001
0.17	9.9508059E-001
0.171	9.9495703E-001
0.172	9.9482769E-001
0.173	9.9482769E-001
0.174	9.9469239E-001
0.175	9.9455112E-001
0.176	9.9440300E-001
0.177	9.9424797E-001
0.178	9.9408466E-001
0.179	9.9391407E-001
0.18	9.9373353E-001
0.181	9.9354351E-001
0.182	9.9334252E-001
0.183	9.9313003E-001
0.184	9.9290526E-001
0.185	9.9290526E-001
0.186	9.9266654E-001
0.187	9.9241352E-001
0.188	9.9214476E-001
0.189	9.9185735E-001
0.19	9.9155015E-001
0.191	9.9122226E-001
0.192	9.9087083E-001
0.193	9.9049175E-001
0.194	9.9008518E-001
0.195	9.8964608E-001
0.196	9.8917210E-001
0.197	9.8865718E-001
0.198	9.8809671E-001
0.199	9.8748779E-001
0.2	9.8682255E-001
0.201	9.8609304E-001
0.202	9.8528892E-001
0.203	9.8440307E-001
0.204	9.8342121E-001
0.205	9.8233122E-001
0.206	9.8110950E-001
0.207	9.7974050E-001
0.208	9.7644627E-001
0.209	9.7445261E-001
0.21	9.7216010E-001
0.211	9.6950829E-001
0.212	9.6641761E-001
0.213	9.6278065E-001
0.214	9.5845872E-001
0.215	9.5325357E-001
0.216	9.4691759E-001
0.217	9.3906832E-001
0.218	9.2917782E-001
0.219	8.9971668E-001
0.22	8.7712556E-001
0.221	8.4597993E-001
0.222	8.0280554E-001
0.223	7.4485970E-001
0.224	6.7459422E-001
0.225	6.0065675E-001
0.226	4.7233853E-001
0.227	4.2192426E-001
0.228	3.7953228E-001
0.229	3.4376302E-001
0.23	3.1336749E-001
0.231	2.8735292E-001
0.232	2.4544577E-001
0.233	2.2843195E-001
0.234	2.1347256E-001
0.235	2.0025097E-001
0.236	1.8850656E-001
0.237	1.6864781E-001
0.238	1.6020569E-001
0.239	1.5258853E-001
0.24	1.4568892E-001
0.241	1.3941832E-001
0.242	1.2848906E-001
0.243	1.2370635E-001
0.244	1.1931242E-001
0.245	1.1526614E-001
0.246	1.0807514E-001
0.247	1.0487057E-001
0.248	1.0189261E-001
0.249	9.9119455E-002
0.25	9.4112389E-002
0.251	9.1846168E-002
0.252	8.9718737E-002
0.253	8.5834876E-002
0.254	8.4057197E-002
0.255	8.2375251E-002
0.256	8.0783635E-002
0.257	7.7839933E-002
0.258	7.6474845E-002
0.259	7.5173721E-002
0.26	7.2743051E-002
0.261	7.1605608E-002
0.262	7.0515290E-002
0.263	6.8460926E-002
0.264	6.7490593E-002
0.265	6.6555992E-002
0.266	6.4780682E-002
0.267	6.3935645E-002
0.268	6.2322248E-002
0.269	6.1551332E-002
0.27	6.0802210E-002
0.271	5.9361156E-002
0.272	5.8668483E-002
0.273	5.7992622E-002
0.274	5.6685559E-002
0.275	5.6053404E-002
0.276	5.4828644E-002
0.277	5.4233000E-002
0.278	5.3650007E-002
0.279	5.2513987E-002
0.28	5.1960684E-002
0.281	5.0880425E-002
0.282	5.0353326E-002
0.283	4.9321778E-002
0.284	4.8817333E-002
0.285	4.7828216E-002
0.286	4.7343623E-002
0.287	4.6864968E-002
0.288	4.5926102E-002
0.289	4.5464389E-002
0.29	4.4557609E-002
0.291	4.4111289E-002
0.292	4.3234132E-002
0.293	4.2802632E-002
0.294	4.1952632E-002
0.295	4.1533988E-002
0.296	4.0709462E-002
0.297	4.0303145E-002
0.298	3.9502427E-002
0.299	3.9107669E-002
0.3	3.8329158E-002
0.301	3.7565045E-002
0.302	3.7188157E-002
0.303	3.6444806E-002
0.304	3.6078375E-002
0.305	3.5354894E-002
0.306	3.4998070E-002
0.307	3.4293972E-002
0.308	3.3946626E-002
0.309	3.3261202E-002
0.31	3.2588024E-002
0.311	3.2255944E-002
0.312	3.1600725E-002
0.313	3.1277519E-002
0.314	3.0639837E-002
0.315	3.0013677E-002
0.316	2.9704904E-002
0.317	2.9095739E-002
0.318	2.8795324E-002
0.319	2.8202934E-002
0.32	2.7621435E-002
0.321	2.7334860E-002
0.322	2.6769590E-002
0.323	2.6215190E-002
0.324	2.5941880E-002
0.325	2.5403196E-002
0.326	2.4874948E-002
0.327	2.4614636E-002
0.328	2.4101824E-002
0.329	2.3599150E-002
0.33	2.3351606E-002
0.331	2.2863870E-002
0.332	2.2385996E-002
0.333	2.2150749E-002
0.334	2.1687552E-002
0.335	2.1233985E-002
0.336	2.1010552E-002
0.337	2.0571098E-002
0.338	2.0140951E-002
0.339	1.9719908E-002
0.34	1.9512890E-002
0.341	1.9105537E-002
0.342	1.8706944E-002
0.343	1.8317197E-002
0.344	1.8125614E-002
0.345	1.7748779E-002
0.346	1.7380480E-002
0.347	1.7020455E-002
0.348	1.6843570E-002
0.349	1.6495982E-002
0.35	1.6156210E-002
0.351	1.5824551E-002
0.352	1.5500606E-002
0.353	1.5341640E-002
0.354	1.5029185E-002
0.355	1.4724296E-002
0.356	1.4426667E-002
0.357	1.4136218E-002
0.358	1.3852953E-002
0.359	1.3713969E-002
0.36	1.3441164E-002
0.361	1.3175097E-002
0.362	1.2915745E-002
0.363	1.2662889E-002
0.364	1.2416529E-002
0.365	1.2295714E-002
0.366	1.2058687E-002
0.367	1.1827823E-002
0.368	1.1602946E-002
0.369	1.1383958E-002
0.37	1.1170706E-002
0.371	1.0962964E-002
0.372	1.0760880E-002
0.373	1.0564182E-002
0.374	1.0467812E-002
0.375	1.0278949E-002
0.376	1.0095219E-002
0.377	9.9164722E-003
0.378	9.7426642E-003
0.379	9.5736040E-003
0.38	9.4091548E-003
0.381	9.2492774E-003
0.382	9.0938639E-003
0.383	8.9427717E-003
0.384	8.7959291E-003
0.385	8.6532282E-003
0.386	8.5145719E-003
0.387	8.3798170E-003
0.388	8.2489243E-003
0.389	8.1217270E-003
0.39	7.9982225E-003
0.391	7.8782160E-003
0.392	7.7616768E-003
0.393	7.6485099E-003
0.394	7.5385934E-003
0.395	7.4318568E-003
0.396	7.3282332E-003
0.397	7.2276206E-003
0.398	7.1299276E-003
0.399	7.0350799E-003
0.4	6.9430135E-003
0.401	6.8536154E-003
0.402	6.7668366E-003
0.403	6.6825831E-003
0.404	6.6007916E-003
0.405	6.5213530E-003
0.406	6.4442600E-003
0.407	6.3694012E-003
0.408	6.2967166E-003
0.409	6.2261377E-003
0.41	6.1240774E-003
0.411	6.0584927E-003
0.412	5.9947656E-003
0.413	5.9328815E-003
0.414	5.8727427E-003
0.415	5.8143204E-003
0.416	5.7575586E-003
0.417	5.7023405E-003
0.418	5.6487182E-003
0.419	5.5709966E-003
0.42	5.5209678E-003
0.421	5.4722950E-003
0.422	5.4249414E-003
0.423	5.3788694E-003
0.424	5.3339601E-003
0.425	5.2688210E-003
0.426	5.2267849E-003
0.427	5.1858183E-003
0.428	5.1458888E-003
0.429	5.1069050E-003
0.43	5.0689150E-003
0.431	5.0136191E-003
0.432	4.9778130E-003
0.433	4.9428251E-003
0.434	4.9085799E-003
0.435	4.8587122E-003
0.436	4.8263762E-003
0.437	4.7946554E-003
0.438	4.7636568E-003
0.439	4.7332188E-003
0.44	4.6887132E-003
0.441	4.6597188E-003
0.442	4.6312739E-003
0.443	4.6033245E-003
0.444	4.5622792E-003
0.445	4.5355014E-003
0.446	4.5091556E-003
0.447	4.4703125E-003
0.448	4.4449451E-003
0.449	4.4198860E-003
0.45	4.3951641E-003
0.451	4.3586832E-003
0.452	4.3347338E-003
0.453	4.3110657E-003
0.454	4.2760004E-003
0.455	4.2529632E-003
0.456	4.2301062E-003
0.457	4.1962899E-003
0.458	4.1739349E-003
0.459	4.1517857E-003
0.46	4.1188733E-003
0.461	4.0971171E-003
0.462	4.0754681E-003
0.463	4.0433202E-003
0.464	4.0219883E-003
0.465	3.9902292E-003
0.466	3.9692023E-003
0.467	3.9482354E-003
0.468	3.9169602E-003
0.469	3.8961798E-003
0.47	3.8754812E-003
0.471	3.8445266E-003
0.472	3.8239644E-003
0.473	3.7932093E-003
0.474	3.7727566E-003
0.475	3.7421221E-003
0.476	3.7217536E-003
0.477	3.7014082E-003
0.478	3.6709246E-003
0.479	3.6506369E-003
0.48	3.6202252E-003
0.481	3.5999536E-003
0.482	3.5695855E-003
0.483	3.5493467E-003
0.484	3.5189972E-003
0.485	3.4987768E-003
0.486	3.4684485E-003
0.487	3.4482316E-003
0.488	3.4179150E-003
0.489	3.3977022E-003
0.49	3.3673935E-003
0.491	3.3471887E-003
0.492	3.3168902E-003
0.493	3.2966943E-003
0.494	3.2664025E-003
0.495	3.2462152E-003
0.496	3.2159460E-003
0.497	3.1957736E-003
0.498	3.1655275E-003
0.499	3.1453823E-003
0.5	3.1151832E-003
0.501	3.0950736E-003
0.502	3.0649099E-003
0.503	3.0348119E-003
0.504	3.0147610E-003
0.505	2.9847228E-003
0.506	2.9647346E-003
0.507	2.9348060E-003
0.508	2.9148799E-003
0.509	2.8850497E-003
0.51	2.8553130E-003
0.511	2.8355240E-003
0.512	2.8059173E-003
0.513	2.7862424E-003
0.514	2.7568045E-003
0.515	2.7274627E-003
0.516	2.7079713E-003
0.517	2.6788299E-003
0.518	2.6498181E-003
0.519	2.6305462E-003
0.52	2.6017567E-003
0.521	2.5731043E-003
0.522	2.5540930E-003
0.523	2.5257100E-003
0.524	2.4974882E-003
0.525	2.4787600E-003
0.526	2.4508224E-003
0.527	2.4230592E-003
0.528	2.4046688E-003
0.529	2.3772202E-003
0.53	2.3499867E-003
0.531	2.3319367E-003
0.532	2.3050297E-003
0.533	2.2783647E-003
0.534	2.2518847E-003
0.535	2.2343763E-003
0.536	2.2083074E-003
0.537	2.1824515E-003
0.538	2.1568348E-003
0.539	2.1399003E-003
0.54	2.1147025E-003
0.541	2.0897554E-003
0.542	2.0650635E-003
0.543	2.0487506E-003
0.544	2.0245125E-003
0.545	2.0005142E-003
0.546	1.9768048E-003
0.547	1.9533595E-003
0.548	1.9378910E-003
0.549	1.9149191E-003
0.55	1.8922227E-003
0.551	1.8698116E-003
0.552	1.8476833E-003
0.553	1.8331008E-003
0.554	1.8114672E-003
0.555	1.7901128E-003
0.556	1.7690677E-003
0.557	1.7483000E-003
0.558	1.7278651E-003
0.559	1.7143831E-003
0.56	1.6944157E-003
0.561	1.6747579E-003
0.562	1.6553983E-003
0.563	1.6363384E-003
0.564	1.6175751E-003
0.565	1.5991319E-003
0.566	1.5809797E-003
0.567	1.5631207E-003
0.568	1.5513840E-003
0.569	1.5340380E-003
0.57	1.5169816E-003
0.571	1.5002246E-003
0.572	1.4837678E-003
0.573	1.4676134E-003
0.574	1.4517448E-003
0.575	1.4361648E-003
0.576	1.4208888E-003
0.577	1.4058962E-003
0.578	1.3911934E-003
0.579	1.3767711E-003
0.58	1.3626415E-003
0.581	1.3487854E-003
0.582	1.3352180E-003
0.583	1.3219208E-003
0.584	1.3088969E-003
0.585	1.2961474E-003
0.586	1.2878001E-003
0.587	1.2754954E-003
0.588	1.2634555E-003
0.589	1.2516797E-003
0.59	1.2363665E-003
0.591	1.2251973E-003
0.592	1.2142530E-003
0.593	1.2035700E-003
0.594	1.1931300E-003
0.595	1.1829231E-003
0.596	1.1729585E-003
0.597	1.1632291E-003
0.598	1.1537302E-003
0.599	1.1444465E-003
0.6	1.1353934E-003
0.601	1.1265575E-003
0.602	1.1179354E-003
0.603	1.1095239E-003
0.604	1.1013169E-003
0.605	1.0933119E-003
0.606	1.0855119E-003
0.607	1.0754045E-003
0.608	1.0680486E-003
0.609	1.0608825E-003
0.61	1.0538863E-003
0.611	1.0470801E-003
0.612	1.0404376E-003
0.613	1.0339706E-003
0.614	1.0276728E-003
0.615	1.0215361E-003
0.616	1.0135896E-003
0.617	1.0078152E-003
0.618	1.0021887E-003
0.619	9.9669676E-004
0.62	9.9136145E-004
0.621	9.8615757E-004
0.622	9.7941910E-004
0.623	9.7452593E-004
0.624	9.6975279E-004
0.625	9.6508890E-004
0.626	9.6056116E-004
0.627	9.5468096E-004
0.628	9.5039769E-004
0.629	9.4622810E-004
0.63	9.4215228E-004
0.631	9.3817641E-004
0.632	9.3302591E-004
0.633	9.2925981E-004
0.634	9.2559011E-004
0.635	9.2198834E-004
0.636	9.1732759E-004
0.637	9.1392378E-004
0.638	9.1057742E-004
0.639	9.0731395E-004
0.64	9.0305525E-004
0.641	8.9993386E-004
0.642	8.9687336E-004
0.643	8.9386693E-004
0.644	8.8994304E-004
0.645	8.8706339E-004
0.646	8.8422617E-004
0.647	8.8050932E-004
0.648	8.7776600E-004
0.649	8.7506650E-004
0.65	8.7151554E-004
0.651	8.6889841E-004
0.652	8.6630409E-004
0.653	8.6288637E-004
0.654	8.6036039E-004
0.655	8.5784349E-004
0.656	8.5452845E-004
0.657	8.5208000E-004
0.658	8.4962446E-004
0.659	8.4638037E-004
0.66	8.4396987E-004
0.661	8.4155670E-004
0.662	8.3835656E-004
0.663	8.3596515E-004
0.664	8.3278236E-004
0.665	8.3039392E-004
0.666	8.2801055E-004
0.667	8.2483049E-004
0.668	8.2243653E-004
0.669	8.1924774E-004
0.67	8.1685052E-004
0.671	8.1363670E-004
0.672	8.1122183E-004
0.673	8.0879504E-004
0.674	8.0554193E-004
0.675	8.0308947E-004
0.676	7.9980004E-004
0.677	7.9731661E-004
0.678	7.9397927E-004
0.679	7.9146371E-004
0.68	7.8808144E-004
0.681	7.8552589E-004
0.682	7.8208774E-004
0.683	7.7948853E-004
0.684	7.7599566E-004
0.685	7.7335519E-004
0.686	7.6980068E-004
0.687	7.6711219E-004
0.688	7.6349766E-004
0.689	7.6075864E-004
0.69	7.5707759E-004
0.691	7.5429247E-004
0.692	7.5054524E-004
0.693	7.4771151E-004
0.694	7.4389862E-004
0.695	7.4101397E-004
0.696	7.3713443E-004
0.697	7.3420006E-004
0.698	7.3025294E-004
0.699	7.2627055E-004
0.7	7.2326063E-004
0.701	7.1921299E-004
0.702	7.1615295E-004
0.703	7.1204349E-004
0.704	7.0893683E-004
0.705	7.0476742E-004
0.706	7.0056348E-004
0.707	6.9739169E-004
0.708	6.9312932E-004
0.709	6.8991323E-004
0.71	6.8559864E-004
0.711	6.8125635E-004
0.712	6.7797885E-004
0.713	6.7358557E-004
0.714	6.6916627E-004
0.715	6.6583627E-004
0.716	6.6137459E-004
0.717	6.5689249E-004
0.718	6.5351644E-004
0.719	6.4899831E-004
0.72	6.4445613E-004
0.721	6.4104010E-004
0.722	6.3647138E-004
0.723	6.3188531E-004
0.724	6.2843767E-004
0.725	6.2382984E-004
0.726	6.1921327E-004
0.727	6.1459170E-004
0.728	6.1111251E-004
0.729	6.0647132E-004
0.73	6.0182728E-004
0.731	5.9833977E-004
0.732	5.9369224E-004
0.733	5.8903854E-004
0.734	5.8438804E-004
0.735	5.8090460E-004
0.736	5.7625660E-004
0.737	5.7161646E-004
0.738	5.6698394E-004
0.739	5.6351261E-004
0.74	5.5889192E-004
0.741	5.5428210E-004
0.742	5.4968632E-004
0.743	5.4510322E-004
0.744	5.4167397E-004
0.745	5.3711724E-004
0.746	5.3257914E-004
0.747	5.2805955E-004
0.748	5.2356039E-004
0.749	5.1908102E-004
0.75	5.1573419E-004
0.751	5.1129510E-004
0.752	5.0688459E-004
0.753	5.0250191E-004
0.754	4.9814401E-004
0.755	4.9381313E-004
0.756	4.9058726E-004
0.757	4.8630862E-004
0.758	4.8206825E-004
0.759	4.7785498E-004
0.76	4.7367931E-004
0.761	4.6953582E-004
0.762	4.6543390E-004
0.763	4.6136344E-004
0.764	4.5733270E-004
0.765	4.5433649E-004
0.766	4.5037895E-004
0.767	4.4645244E-004
0.768	4.4257261E-004
0.769	4.3873573E-004
0.77	4.3494222E-004
0.771	4.3118547E-004
0.772	4.2747863E-004
0.773	4.2381606E-004
0.774	4.2019630E-004
0.775	4.1662529E-004
0.776	4.1310015E-004
0.777	4.0961680E-004
0.778	4.0618776E-004
0.779	4.0280228E-004
0.78	3.9946492E-004
0.781	3.9617921E-004
0.782	3.9293946E-004
0.783	3.8974514E-004
0.784	3.8660574E-004
0.785	3.8351215E-004
0.786	3.8046931E-004
0.787	3.7747624E-004
0.788	3.7453361E-004
0.789	3.7164157E-004
0.79	3.6879574E-004
0.791	3.6600028E-004
0.792	3.6325696E-004
0.793	3.6056121E-004
0.794	3.5791800E-004
0.795	3.5532311E-004
0.796	3.5277725E-004
0.797	3.5028430E-004
0.798	3.4783335E-004
0.799	3.4543648E-004
0.8	3.4308597E-004
0.801	3.4078618E-004
0.802	3.3797402E-004
0.803	3.3578489E-004
0.804	3.3363583E-004
0.805	3.3153812E-004
0.806	3.2948481E-004
0.807	3.2747595E-004
0.808	3.2551683E-004
0.809	3.2359964E-004
0.81	3.2127032E-004
0.811	3.1945499E-004
0.812	3.1768024E-004
0.813	3.1595296E-004
0.814	3.1426648E-004
0.815	3.1261897E-004
0.816	3.1101733E-004
0.817	3.0907299E-004
0.818	3.0756040E-004
0.819	3.0608702E-004
0.82	3.0465433E-004
0.821	3.0325918E-004
0.822	3.0156627E-004
0.823	3.0025435E-004
0.824	2.9897818E-004
0.825	2.9773804E-004
0.826	2.9652883E-004
0.827	2.9506913E-004
0.828	2.9393932E-004
0.829	2.9283710E-004
0.83	2.9176864E-004
0.831	2.9047558E-004
0.832	2.8947630E-004
0.833	2.8850592E-004
0.834	2.8756013E-004
0.835	2.8642043E-004
0.836	2.8553858E-004
0.837	2.8468319E-004
0.838	2.8385172E-004
0.839	2.8284584E-004
0.84	2.8206964E-004
0.841	2.8131463E-004
0.842	2.8040260E-004
0.843	2.7969523E-004
0.844	2.7901027E-004
0.845	2.7817607E-004
0.846	2.7753186E-004
0.847	2.7690764E-004
0.848	2.7614657E-004
0.849	2.7555664E-004
0.85	2.7498184E-004
0.851	2.7428678E-004
0.852	2.7374687E-004
0.853	2.7321902E-004
0.854	2.7257300E-004
0.855	2.7207038E-004
0.856	2.7157867E-004
0.857	2.7097695E-004
0.858	2.7050957E-004
0.859	2.6993657E-004
0.86	2.6948575E-004
0.861	2.6904207E-004
0.862	2.6849553E-004
0.863	2.6806587E-004
0.864	2.6753545E-004
0.865	2.6711856E-004
0.866	2.6670253E-004
0.867	2.6619193E-004
0.868	2.6578089E-004
0.869	2.6527373E-004
0.87	2.6487088E-004
0.871	2.6436566E-004
0.872	2.6396368E-004
0.873	2.6356243E-004
0.874	2.6305506E-004
0.875	2.6265069E-004
0.876	2.6214591E-004
0.877	2.6173453E-004
0.878	2.6121925E-004
0.879	2.6080399E-004
0.88	2.6027695E-004
0.881	2.5985189E-004
0.882	2.5931394E-004
0.883	2.5887994E-004
0.884	2.5832906E-004
0.885	2.5788430E-004
0.886	2.5731785E-004
0.887	2.5685495E-004
0.888	2.5626904E-004
0.889	2.5579359E-004
0.89	2.5518760E-004
0.891	2.5457295E-004
0.892	2.5406992E-004
0.893	2.5343205E-004
0.894	2.5291013E-004
0.895	2.5224645E-004
0.896	2.5170867E-004
0.897	2.5102351E-004
0.898	2.5032213E-004
0.899	2.4975059E-004
0.9	2.4902646E-004
0.901	2.4843161E-004
0.902	2.4768183E-004
0.903	2.4691338E-004
0.904	2.4628741E-004
0.905	2.4549186E-004
0.906	2.4484497E-004
0.907	2.4402347E-004
0.908	2.4318532E-004
0.909	2.4250335E-004
0.91	2.4163751E-004
0.911	2.4075765E-004
0.912	2.4004017E-004
0.913	2.3913273E-004
0.914	2.3820992E-004
0.915	2.3746105E-004
0.916	2.3650701E-004
0.917	2.3554558E-004
0.918	2.3476075E-004
0.919	2.3377110E-004
0.92	2.3276181E-004
0.921	2.3194942E-004
0.922	2.3091827E-004
0.923	2.2987484E-004
0.924	2.2881696E-004
0.925	2.2795904E-004
0.926	2.2687932E-004
0.927	2.2578480E-004
0.928	2.2468070E-004
0.929	2.2378615E-004
0.93	2.2265712E-004
0.931	2.2151830E-004
0.932	2.2036933E-004
0.933	2.1944130E-004
0.934	2.1827435E-004
0.935	2.1709672E-004
0.936	2.1590914E-004
0.937	2.1495153E-004
0.938	2.1374664E-004
0.939	2.1253734E-004
0.94	2.1131540E-004
0.941	2.1008869E-004
0.942	2.0910277E-004
0.943	2.0786191E-004
0.944	2.0661896E-004
0.945	2.0536524E-004
0.946	2.0410992E-004
0.947	2.0284971E-004
0.948	2.0183757E-004
0.949	2.0056803E-004
0.95	1.9929523E-004
0.951	1.9802006E-004
0.952	1.9674288E-004
0.953	1.9546325E-004
0.954	1.9418397E-004
0.955	1.9315677E-004
0.956	1.9187263E-004
0.957	1.9058987E-004
0.958	1.8930786E-004
0.959	1.8802618E-004
0.96	1.8674314E-004
0.961	1.8546333E-004
0.962	1.8418573E-004
0.963	1.8291346E-004
0.964	1.8163878E-004
0.965	1.8037217E-004
0.966	1.7935876E-004
0.967	1.7809701E-004
0.968	1.7684148E-004
0.969	1.7558805E-004
0.97	1.7434209E-004
0.971	1.7310014E-004
0.972	1.7186628E-004
0.973	1.7063823E-004
0.974	1.6941850E-004
0.975	1.6820562E-004
0.976	1.6699970E-004
0.977	1.6580266E-004
0.978	1.6461310E-004
0.979	1.6343311E-004
0.98	1.6225995E-004
0.981	1.6109877E-004
0.982	1.5994566E-004
0.983	1.5880501E-004
0.984	1.5767307E-004
0.985	1.5655556E-004
0.986	1.5544459E-004
0.987	1.5434730E-004
0.988	1.5325684E-004
0.989	1.5218367E-004
0.99	1.5112061E-004
0.991	1.5007093E-004
0.992	1.4882535E-004
0.993	1.4780175E-004
0.994	1.4679375E-004
0.995	1.4579562E-004
0.996	1.4481017E-004
0.997	1.4384250E-004
0.998	1.4288341E-004
0.999	1.4194040E-004
1	1.4101138E-004
1.001	1.4009634E-004
1.002	1.3919620E-004
1.003	1.3813325E-004
1.004	1.3726197E-004
1.005	1.3640741E-004
1.006	1.3556630E-004
1.007	1.3473917E-004
1.008	1.3392806E-004
1.009	1.3312844E-004
1.01	1.3219264E-004
1.011	1.3142960E-004
1.012	1.3067828E-004
1.013	1.2994189E-004
1.014	1.2921962E-004
1.015	1.2851485E-004
1.016	1.2768633E-004
1.017	1.2701105E-004
1.018	1.2635422E-004
1.019	1.2570774E-004
1.02	1.2508093E-004
1.021	1.2433849E-004
1.022	1.2374276E-004
1.023	1.2315824E-004
1.024	1.2258939E-004
1.025	1.2191954E-004
1.026	1.2138121E-004
1.027	1.2085574E-004
1.028	1.2034445E-004
1.029	1.1974586E-004
1.03	1.1926373E-004
1.031	1.1879345E-004
1.032	1.1833630E-004
1.033	1.1780503E-004
1.034	1.1737684E-004
1.035	1.1696160E-004
1.036	1.1647813E-004
1.037	1.1608835E-004
1.038	1.1571120E-004
1.039	1.1534609E-004
1.04	1.1492345E-004
1.041	1.1458046E-004
1.042	1.1425171E-004
1.043	1.1386963E-004
1.044	1.1356438E-004
1.045	1.1326816E-004
1.046	1.1292812E-004
1.047	1.1265316E-004
1.048	1.1238903E-004
1.049	1.1208669E-004
1.05	1.1184293E-004
1.051	1.1156236E-004
1.052	1.1133856E-004
1.053	1.1112290E-004
1.054	1.1087566E-004
1.055	1.1067707E-004
1.056	1.1048695E-004
1.057	1.1026745E-004
1.058	1.1009267E-004
1.059	1.0989224E-004
1.06	1.0973249E-004
1.061	1.0957898E-004
1.062	1.0940215E-004
1.063	1.0926096E-004
1.064	1.0909837E-004
1.065	1.0898376E-004
1.066	1.0883406E-004
1.067	1.0871368E-004
1.068	1.0857722E-004
1.069	1.0846821E-004
1.07	1.0834097E-004
1.071	1.0823909E-004
1.072	1.0814197E-004
1.073	1.0802798E-004
1.074	1.0793562E-004
1.075	1.0782936E-004
1.076	1.0774235E-004
1.077	1.0764172E-004
1.078	1.0756073E-004
1.079	1.0746407E-004
1.08	1.0738550E-004
1.081	1.0729181E-004
1.082	1.0720128E-004
1.083	1.0712550E-004
1.084	1.0703475E-004
1.085	1.0695975E-004
1.086	1.0686979E-004
1.087	1.0679300E-004
1.088	1.0670186E-004
1.089	1.0662535E-004
1.09	1.0653200E-004
1.091	1.0645276E-004
1.092	1.0635671E-004
1.093	1.0625780E-004
1.094	1.0617493E-004
1.095	1.0607168E-004
1.096	1.0598389E-004
1.097	1.0587466E-004
1.098	1.0576243E-004
1.099	1.0566666E-004
1.1	1.0554909E-004
1.101	1.0544759E-004
1.102	1.0532075E-004
1.103	1.0518946E-004
1.104	1.0507822E-004
1.105	1.0493858E-004
1.106	1.0479389E-004
1.107	1.0467077E-004
1.108	1.0451765E-004
1.109	1.0435778E-004
1.11	1.0422089E-004
1.111	1.0405244E-004
1.112	1.0387753E-004
1.113	1.0372663E-004
1.114	1.0353869E-004
1.115	1.0334864E-004
1.116	1.0318284E-004
1.117	1.0297853E-004
1.118	1.0276819E-004
1.119	1.0255165E-004
1.12	1.0236642E-004
1.121	1.0213789E-004
1.122	1.0190219E-004
1.123	1.0170195E-004
1.124	1.0145393E-004
1.125	1.0119864E-004
1.126	1.0093892E-004
1.127	1.0071560E-004
1.128	1.0044256E-004
1.129	1.0016328E-004
1.13	9.9876794E-005
1.131	9.9582947E-005
1.132	9.9333345E-005
1.133	9.9028257E-005
1.134	9.8716293E-005
1.135	9.8397300E-005
1.136	9.8073127E-005
1.137	9.7797150E-005
1.138	9.7460215E-005
1.139	9.7117598E-005
1.14	9.6768519E-005
1.141	9.6413758E-005
1.142	9.6113312E-005
1.143	9.5746713E-005
1.144	9.5374824E-005
1.145	9.4997522E-005
1.146	9.4614436E-005
1.147	9.4226103E-005
1.148	9.3832175E-005
1.149	9.3501476E-005
1.15	9.3097144E-005
1.151	9.2690047E-005
1.152	9.2276321E-005
1.153	9.1858681E-005
1.154	9.1436945E-005
1.155	9.1010741E-005
1.156	9.0581154E-005
1.157	9.0145979E-005
1.158	8.9781417E-005
1.159	8.9339832E-005
1.16	8.8895053E-005
1.161	8.8447894E-005
1.162	8.7996224E-005
1.163	8.7541157E-005
1.164	8.7085129E-005
1.165	8.6625427E-005
1.166	8.6162916E-005
1.167	8.5698499E-005
1.168	8.5231943E-005
1.169	8.4762978E-005
1.17	8.4292289E-005
1.171	8.3821586E-005
1.172	8.3348212E-005
1.173	8.2874809E-005
1.174	8.2398030E-005
1.175	8.1922153E-005
1.176	8.1446044E-005
1.177	8.0969257E-005
1.178	8.0491249E-005
1.179	8.0014303E-005
1.18	7.9536978E-005
1.181	7.9060417E-005
1.182	7.8582532E-005
1.183	7.8106641E-005
1.184	7.7631878E-005
1.185	7.7158060E-005
1.186	7.6685457E-005
1.187	7.6214812E-005
1.188	7.5744632E-005
1.189	7.5275711E-005
1.19	7.4809701E-005
1.191	7.4269097E-005
1.192	7.3808114E-005
1.193	7.3346877E-005
1.194	7.2890725E-005
1.195	7.2438292E-005
1.196	7.1987044E-005
1.197	7.1537921E-005
1.198	7.1093324E-005
1.199	7.0651309E-005
1.2	7.0140602E-005
1.201	6.9706890E-005
1.202	6.9275986E-005
1.203	6.8849738E-005
1.204	6.8427456E-005
1.205	6.8009016E-005
1.206	6.7594410E-005
1.207	6.7117027E-005
1.208	6.6709857E-005
1.209	6.6310313E-005
1.21	6.5914290E-005
1.211	6.5523054E-005
1.212	6.5136082E-005
1.213	6.4692540E-005
1.214	6.4317508E-005
1.215	6.3945925E-005
1.216	6.3582156E-005
1.217	6.3162777E-005
1.218	6.2809690E-005
1.219	6.2460444E-005
1.22	6.2116560E-005
1.221	6.1779516E-005
1.222	6.1393155E-005
1.223	6.1067840E-005
1.224	6.0748793E-005
1.225	6.0433704E-005
1.226	6.0073689E-005
1.227	5.9772643E-005
1.228	5.9476235E-005
1.229	5.9138780E-005
1.23	5.8855843E-005
1.231	5.8578578E-005
1.232	5.8306923E-005
1.233	5.7995945E-005
1.234	5.7738431E-005
1.235	5.7484573E-005
1.236	5.7196361E-005
1.237	5.6955945E-005
1.238	5.6721063E-005
1.239	5.6454181E-005
1.24	5.6230769E-005
1.241	5.6014749E-005
1.242	5.5768276E-005
1.243	5.5564869E-005
1.244	5.5365588E-005
1.245	5.5142158E-005
1.246	5.4955603E-005
1.247	5.4774100E-005
1.248	5.4568405E-005
1.249	5.4399086E-005
1.25	5.4207841E-005
1.251	5.4050190E-005
1.252	5.3897646E-005
1.253	5.3725886E-005
1.254	5.3583801E-005
1.255	5.3425985E-005
1.256	5.3293639E-005
1.257	5.3168525E-005
1.258	5.3026815E-005
1.259	5.2910524E-005
1.26	5.2781106E-005
1.261	5.2674248E-005
1.262	5.2557043E-005
1.263	5.2459989E-005
1.264	5.2366318E-005
1.265	5.2263611E-005
1.266	5.2179592E-005
1.267	5.2087307E-005
1.268	5.2011259E-005
1.269	5.1928873E-005
1.27	5.1859428E-005
1.271	5.1785890E-005
1.272	5.1725587E-005
1.273	5.1658928E-005
1.274	5.1605588E-005
1.275	5.1546718E-005
1.276	5.1500050E-005
1.277	5.1449821E-005
1.278	5.1408540E-005
1.279	5.1363208E-005
1.28	5.1328749E-005
1.281	5.1289731E-005
1.282	5.1254701E-005
1.283	5.1227024E-005
1.284	5.1195875E-005
1.285	5.1172432E-005
1.286	5.1147068E-005
1.287	5.1127161E-005
1.288	5.1105428E-005
1.289	5.1085397E-005
1.29	5.1070358E-005
1.291	5.1054194E-005
1.292	5.1041159E-005
1.293	5.1027157E-005
1.294	5.1014598E-005
1.295	5.1004015E-005
1.296	5.0993502E-005
1.297	5.0984232E-005
1.298	5.0974671E-005
1.299	5.0963794E-005
1.3	5.0956209E-005
1.301	5.0947463E-005
1.302	5.0938266E-005
1.303	5.0930135E-005
1.304	5.0921266E-005
1.305	5.0911472E-005
1.306	5.0902614E-005
1.307	5.0891067E-005
1.308	5.0879797E-005
1.309	5.0867980E-005
1.31	5.0854484E-005
1.311	5.0839408E-005
1.312	5.0825576E-005
1.313	5.0808372E-005
1.314	5.0789247E-005
1.315	5.0768973E-005
1.316	5.0749724E-005
1.317	5.0726358E-005
1.318	5.0700586E-005
1.319	5.0676259E-005
1.32	5.0647417E-005
1.321	5.0615374E-005
1.322	5.0581479E-005
1.323	5.0549697E-005
1.324	5.0511160E-005
1.325	5.0470266E-005
1.326	5.0426232E-005
1.327	5.0380302E-005
1.328	5.0337971E-005
1.329	5.0286551E-005
1.33	5.0232284E-005
1.331	5.0174749E-005
1.332	5.0114180E-005
1.333	5.0060113E-005
1.334	4.9995233E-005
1.335	4.9925897E-005
1.336	4.9853814E-005
1.337	4.9779006E-005
1.338	4.9711729E-005
1.339	4.9630020E-005
1.34	4.9546019E-005
1.341	4.9458053E-005
1.342	4.9367147E-005
1.343	4.9272807E-005
1.344	4.9175509E-005
1.345	4.9089576E-005
1.346	4.8985348E-005
1.347	4.8879268E-005
1.348	4.8768525E-005
1.349	4.8654409E-005
1.35	4.8537895E-005
1.351	4.8417325E-005
1.352	4.8294463E-005
1.353	4.8167731E-005
1.354	4.8037989E-005
1.355	4.7923706E-005
1.356	4.7788431E-005
1.357	4.7649311E-005
1.358	4.7506863E-005
1.359	4.7362362E-005
1.36	4.7214835E-005
1.361	4.7063317E-005
1.362	4.6908903E-005
1.363	4.6752953E-005
1.364	4.6592311E-005
1.365	4.6430505E-005
1.366	4.6264788E-005
1.367	4.6097710E-005
1.368	4.5927060E-005
1.369	4.5753830E-005
1.37	4.5578752E-005
1.371	4.5399982E-005
1.372	4.5220200E-005
1.373	4.5037963E-005
1.374	4.4852342E-005
1.375	4.4665678E-005
1.376	4.4477300E-005
1.377	4.4286302E-005
1.378	4.4093009E-005
1.379	4.3898472E-005
1.38	4.3701788E-005
1.381	4.3504260E-005
1.382	4.3304306E-005
1.383	4.3102875E-005
1.384	4.2900010E-005
1.385	4.2696010E-005
1.386	4.2461714E-005
1.387	4.2254822E-005
1.388	4.2046217E-005
1.389	4.1838313E-005
1.39	4.1628027E-005
1.391	4.1418130E-005
1.392	4.1206516E-005
1.393	4.0995063E-005
1.394	4.0782419E-005
1.395	4.0569576E-005
1.396	4.0325922E-005
1.397	4.0111645E-005
1.398	3.9898048E-005
1.399	3.9683731E-005
1.4	3.9470560E-005
1.401	3.9256473E-005
1.402	3.9027749E-005
1.403	3.8813516E-005
1.404	3.8600690E-005
1.405	3.8387279E-005
1.406	3.8175447E-005
1.407	3.7963837E-005
1.408	3.7722435E-005
1.409	3.7512593E-005
1.41	3.7302852E-005
1.411	3.7093556E-005
1.412	3.6886078E-005
1.413	3.6650676E-005
1.414	3.6445319E-005
1.415	3.6241090E-005
1.416	3.6038778E-005
1.417	3.5807814E-005
1.418	3.5608959E-005
1.419	3.5410274E-005
1.42	3.5213692E-005
1.421	3.4990142E-005
1.422	3.4797675E-005
1.423	3.4605931E-005
1.424	3.4416546E-005
1.425	3.4202571E-005
1.426	3.4016433E-005
1.427	3.3833076E-005
1.428	3.3651217E-005
1.429	3.3447031E-005
1.43	3.3270728E-005
1.431	3.3095454E-005
1.432	3.2897853E-005
1.433	3.2728178E-005
1.434	3.2560762E-005
1.435	3.2371652E-005
1.436	3.2209839E-005
1.437	3.2050557E-005
1.438	3.1870346E-005
1.439	3.1715317E-005
1.44	3.1564516E-005
1.441	3.1393607E-005
1.442	3.1246473E-005
1.443	3.1082203E-005
1.444	3.0941454E-005
1.445	3.0804062E-005
1.446	3.0649935E-005
1.447	3.0517396E-005
1.448	3.0387488E-005
1.449	3.0243287E-005
1.45	3.0120331E-005
1.451	2.9981487E-005
1.452	2.9864281E-005
1.453	2.9732042E-005
1.454	2.9620996E-005
1.455	2.9511857E-005
1.456	2.9391280E-005
1.457	2.9288669E-005
1.458	2.9173496E-005
1.459	2.9077080E-005
1.46	2.8968860E-005
1.461	2.8877694E-005
1.462	2.8775887E-005
1.463	2.8690838E-005
1.464	2.8596660E-005
1.465	2.8517117E-005
1.466	2.8429135E-005
1.467	2.8355498E-005
1.468	2.8273484E-005
1.469	2.8204784E-005
1.47	2.8138873E-005
1.471	2.8066506E-005
1.472	2.7996895E-005
1.473	2.7939943E-005
1.474	2.7875525E-005
1.475	2.7823526E-005
1.476	2.7765485E-005
1.477	2.7717528E-005
1.478	2.7666132E-005
1.479	2.7623011E-005
1.48	2.7576561E-005
1.481	2.7537959E-005
1.482	2.7496253E-005
1.483	2.7457390E-005
1.484	2.7426067E-005
1.485	2.7392192E-005
1.486	2.7363827E-005
1.487	2.7335345E-005
1.488	2.7307753E-005
1.489	2.7286187E-005
1.49	2.7263439E-005
1.491	2.7245611E-005
1.492	2.7226502E-005
1.493	2.7209941E-005
1.494	2.7196782E-005
1.495	2.7183218E-005
1.496	2.7171498E-005
1.497	2.7162718E-005
1.498	2.7154143E-005
1.499	2.7148386E-005
1.5	2.7142525E-005
1.501	2.7138956E-005
1.502	2.7135971E-005
1.503	2.7133930E-005
1.504	2.7133423E-005
1.505	2.7133832E-005
1.506	2.7135044E-005
1.507	2.7137181E-005
1.508	2.7140490E-005
1.509	2.7143995E-005
1.51	2.7148200E-005
1.511	2.7153950E-005
1.512	2.7158987E-005
1.513	2.7164486E-005
1.514	2.7171027E-005
1.515	2.7177672E-005
1.516	2.7184231E-005
1.517	2.7191936E-005
1.518	2.7199008E-005
1.519	2.7206152E-005
1.52	2.7213060E-005
1.521	2.7220354E-005
1.522	2.7227456E-005
1.523	2.7234368E-005
1.524	2.7241133E-005
1.525	2.7246895E-005
1.526	2.7252609E-005
1.527	2.7257638E-005
1.528	2.7262866E-005
1.529	2.7267108E-005
1.53	2.7270073E-005
1.531	2.7273440E-005
1.532	2.7275313E-005
1.533	2.7276248E-005
1.534	2.7276730E-005
1.535	2.7276554E-005
1.536	2.7274951E-005
1.537	2.7272174E-005
1.538	2.7268650E-005
1.539	2.7263986E-005
1.54	2.7257960E-005
1.541	2.7250904E-005
1.542	2.7241882E-005
1.543	2.7233602E-005
1.544	2.7222892E-005
1.545	2.7210361E-005
1.546	2.7196327E-005
1.547	2.7180840E-005
1.548	2.7163698E-005
1.549	2.7145623E-005
1.55	2.7125567E-005
1.551	2.7103863E-005
1.552	2.7080801E-005
1.553	2.7055745E-005
1.554	2.7029218E-005
1.555	2.7005042E-005
1.556	2.6974907E-005
1.557	2.6943280E-005
1.558	2.6910235E-005
1.559	2.6875006E-005
1.56	2.6838981E-005
1.561	2.6800091E-005
1.562	2.6760030E-005
1.563	2.6717802E-005
1.564	2.6674015E-005
1.565	2.6628448E-005
1.566	2.6580932E-005
1.567	2.6531598E-005
1.568	2.6480746E-005
1.569	2.6428050E-005
1.57	2.6373502E-005
1.571	2.6317459E-005
1.572	2.6259235E-005
1.573	2.6199190E-005
1.574	2.6137701E-005
1.575	2.6074405E-005
1.576	2.6009631E-005
1.577	2.5934434E-005
1.578	2.5865669E-005
1.579	2.5794858E-005
1.58	2.5723604E-005
1.581	2.5649759E-005
1.582	2.5574545E-005
1.583	2.5498366E-005
1.584	2.5419577E-005
1.585	2.5340220E-005
1.586	2.5258731E-005
1.587	2.5176221E-005
1.588	2.5091651E-005
1.589	2.4995357E-005
1.59	2.4908166E-005
1.591	2.4820030E-005
1.592	2.4730129E-005
1.593	2.4645213E-005
1.594	2.4553012E-005
1.595	2.4459570E-005
1.596	2.4353567E-005
1.597	2.4257819E-005
1.598	2.4161413E-005
1.599	2.4063591E-005
1.6	2.3965116E-005
1.601	2.3865556E-005
1.602	2.3752498E-005
1.603	2.3650455E-005
1.604	2.3548670E-005
1.605	2.3445502E-005
1.606	2.3342145E-005
1.607	2.3224275E-005
1.608	2.3119434E-005
1.609	2.3013419E-005
1.61	2.2906886E-005
1.611	2.2800366E-005
1.612	2.2679940E-005
1.613	2.2572698E-005
1.614	2.2464515E-005
1.615	2.2356586E-005
1.616	2.2234510E-005
1.617	2.2125705E-005
1.618	2.2017057E-005
1.619	2.1907856E-005
1.62	2.1785332E-005
1.621	2.1676640E-005
1.622	2.1567490E-005
1.623	2.1445261E-005
1.624	2.1336346E-005
1.625	2.1227826E-005
1.626	2.1119338E-005
1.627	2.0998024E-005
1.628	2.0889996E-005
1.629	2.0782763E-005
1.63	2.0662423E-005
1.631	2.0555683E-005
1.632	2.0450427E-005
1.633	2.0331745E-005
1.634	2.0227199E-005
1.635	2.0109681E-005
1.636	2.0006793E-005
1.637	1.9903493E-005
1.638	1.9788979E-005
1.639	1.9687459E-005
1.64	1.9587800E-005
1.641	1.9475519E-005
1.642	1.9376695E-005
1.643	1.9279823E-005
1.644	1.9170888E-005
1.645	1.9075842E-005
1.646	1.8968698E-005
1.647	1.8875624E-005
1.648	1.8772420E-005
1.649	1.8681174E-005
1.65	1.8591236E-005
1.651	1.8492003E-005
1.652	1.8404537E-005
1.653	1.8307233E-005
1.654	1.8222905E-005
1.655	1.8129258E-005
1.656	1.8046943E-005
1.657	1.7956387E-005
1.658	1.7877066E-005
1.659	1.7789223E-005
1.66	1.7713031E-005
1.661	1.7638113E-005
1.662	1.7555587E-005
1.663	1.7483095E-005
1.664	1.7403861E-005
1.665	1.7334554E-005
1.666	1.7259235E-005
1.667	1.7192930E-005
1.668	1.7120719E-005
1.669	1.7050586E-005
1.67	1.6989217E-005
1.671	1.6922271E-005
1.672	1.6863982E-005
1.673	1.6800761E-005
1.674	1.6745576E-005
1.675	1.6685301E-005
1.676	1.6633983E-005
1.677	1.6577707E-005
1.678	1.6529182E-005
1.679	1.6475880E-005
1.68	1.6425176E-005
1.681	1.6381318E-005
1.682	1.6333786E-005
1.683	1.6293772E-005
1.684	1.6249312E-005
1.685	1.6207412E-005
1.686	1.6171003E-005
1.687	1.6132411E-005
1.688	1.6099530E-005
1.689	1.6063541E-005
1.69	1.6030357E-005
1.691	1.6001361E-005
1.692	1.5971220E-005
1.693	1.5941916E-005
1.694	1.5917714E-005
1.695	1.5891736E-005
1.696	1.5867863E-005
1.697	1.5847661E-005
1.698	1.5826472E-005
1.699	1.5806208E-005
1.7	1.5789808E-005
1.701	1.5772788E-005
1.702	1.5757354E-005
1.703	1.5744259E-005
1.704	1.5731390E-005
1.705	1.5719676E-005
1.706	1.5709184E-005
1.707	1.5701095E-005
1.708	1.5693149E-005
1.709	1.5686212E-005
1.71	1.5681131E-005
1.711	1.5675918E-005
1.712	1.5672311E-005
1.713	1.5669833E-005
1.714	1.5668315E-005
1.715	1.5667712E-005
1.716	1.5666988E-005
1.717	1.5668435E-005
1.718	1.5670035E-005
1.719	1.5672185E-005
1.72	1.5675461E-005
1.721	1.5679236E-005
1.722	1.5683871E-005
1.723	1.5689022E-005
1.724	1.5694211E-005
1.725	1.5700432E-005
1.726	1.5707306E-005
1.727	1.5714351E-005
1.728	1.5722042E-005
1.729	1.5729083E-005
1.73	1.5737585E-005
1.731	1.5746054E-005
1.732	1.5754455E-005
1.733	1.5763422E-005
1.734	1.5772534E-005
1.735	1.5781889E-005
1.736	1.5790365E-005
1.737	1.5799669E-005
1.738	1.5809184E-005
1.739	1.5818612E-005
1.74	1.5828222E-005
1.741	1.5837295E-005
1.742	1.5846670E-005
1.743	1.5855610E-005
1.744	1.5863432E-005
1.745	1.5871732E-005
1.746	1.5879854E-005
1.747	1.5888010E-005
1.748	1.5895841E-005
1.749	1.5902944E-005
1.75	1.5909536E-005
1.751	1.5915617E-005
1.752	1.5921543E-005
1.753	1.5927148E-005
1.754	1.5931533E-005
1.755	1.5935537E-005
1.756	1.5939348E-005
1.757	1.5942234E-005
1.758	1.5944346E-005
1.759	1.5945665E-005
1.76	1.5946665E-005
1.761	1.5947038E-005
1.762	1.5946262E-005
1.763	1.5944523E-005
1.764	1.5942807E-005
1.765	1.5939371E-005
1.766	1.5935424E-005
1.767	1.5930593E-005
1.768	1.5924852E-005
1.769	1.5918222E-005
1.77	1.5910869E-005
1.771	1.5902273E-005
1.772	1.5892461E-005
1.773	1.5882153E-005
1.774	1.5870810E-005
1.775	1.5858452E-005
1.776	1.5845548E-005
1.777	1.5831141E-005
1.778	1.5815671E-005
1.779	1.5797352E-005
1.78	1.5779646E-005
1.781	1.5760879E-005
1.782	1.5741512E-005
1.783	1.5720605E-005
1.784	1.5698604E-005
1.785	1.5676007E-005
1.786	1.5652333E-005
1.787	1.5627134E-005
1.788	1.5598831E-005
1.789	1.5571326E-005
1.79	1.5543254E-005
1.791	1.5514024E-005
1.792	1.5483818E-005
1.793	1.5452979E-005
1.794	1.5420666E-005
1.795	1.5383486E-005
1.796	1.5348993E-005
1.797	1.5313481E-005
1.798	1.5277265E-005
1.799	1.5240193E-005
1.8	1.5197774E-005
1.801	1.5158164E-005
1.802	1.5117431E-005
1.803	1.5076383E-005
1.804	1.5034399E-005
1.805	1.4986121E-005
1.806	1.4942054E-005
1.807	1.4897329E-005
1.808	1.4851948E-005
1.809	1.4799665E-005
1.81	1.4752756E-005
1.811	1.4704047E-005
1.812	1.4655261E-005
1.813	1.4599837E-005
1.814	1.4549702E-005
1.815	1.4498190E-005
1.816	1.4446788E-005
1.817	1.4387740E-005
1.818	1.4334544E-005
1.819	1.4280800E-005
1.82	1.4220122E-005
1.821	1.4164904E-005
1.822	1.4109088E-005
1.823	1.4053145E-005
1.824	1.3990619E-005
1.825	1.3933281E-005
1.826	1.3875969E-005
1.827	1.3811085E-005
1.828	1.3753312E-005
1.829	1.3694221E-005
1.83	1.3628472E-005
1.831	1.3569133E-005
1.832	1.3509550E-005
1.833	1.3442776E-005
1.834	1.3382184E-005
1.835	1.3315752E-005
1.836	1.3255186E-005
1.837	1.3193940E-005
1.838	1.3127078E-005
1.839	1.3065676E-005
1.84	1.2998998E-005
1.841	1.2937469E-005
1.842	1.2876754E-005
1.843	1.2809060E-005
1.844	1.2748492E-005
1.845	1.2684023E-005
1.846	1.2624027E-005
1.847	1.2563666E-005
1.848	1.2496685E-005
1.849	1.2436051E-005
1.85	1.2369835E-005
1.851	1.2309771E-005
1.852	1.2243535E-005
1.853	1.2184410E-005
1.854	1.2119613E-005
1.855	1.2061138E-005
1.856	1.1997012E-005
1.857	1.1939682E-005
1.858	1.1876294E-005
1.859	1.1819129E-005
1.86	1.1756842E-005
1.861	1.1700968E-005
1.862	1.1639973E-005
1.863	1.1585910E-005
1.864	1.1525060E-005
1.865	1.1472340E-005
1.866	1.1414029E-005
1.867	1.1361846E-005
1.868	1.1304296E-005
1.869	1.1253364E-005
1.87	1.1197929E-005
1.871	1.1148751E-005
1.872	1.1093861E-005
1.873	1.1041237E-005
1.874	1.0993538E-005
1.875	1.0941852E-005
1.876	1.0896343E-005
1.877	1.0846404E-005
1.878	1.0797716E-005
1.879	1.0754297E-005
1.88	1.0708141E-005
1.881	1.0666701E-005
1.882	1.0620961E-005
1.883	1.0576920E-005
1.884	1.0537356E-005
1.885	1.0495581E-005
1.886	1.0458461E-005
1.887	1.0418276E-005
1.888	1.0379472E-005
1.889	1.0345046E-005
1.89	1.0308220E-005
1.891	1.0271726E-005
1.892	1.0239677E-005
1.893	1.0205905E-005
1.894	1.0172822E-005
1.895	1.0143885E-005
1.896	1.0114210E-005
1.897	1.0083486E-005
1.898	1.0057319E-005
1.899	1.0029300E-005
1.9	1.0003374E-005
1.901	9.9770969E-006
1.902	9.9549179E-006
1.903	9.9316430E-006
1.904	9.9083672E-006
1.905	9.8889250E-006
1.906	9.8692444E-006
1.907	9.8489609E-006
1.908	9.8303090E-006
1.909	9.8143209E-006
1.91	9.7978364E-006
1.911	9.7819629E-006
1.912	9.7668353E-006
1.913	9.7545608E-006
1.914	9.7417405E-006
1.915	9.7292404E-006
1.916	9.7185612E-006
1.917	9.7084157E-006
1.918	9.6995072E-006
1.919	9.6909862E-006
1.92	9.6834719E-006
1.921	9.6760514E-006
1.922	9.6702970E-006
1.923	9.6649819E-006
1.924	9.6606573E-006
1.925	9.6564818E-006
1.926	9.6537988E-006
1.927	9.6510157E-006
1.928	9.6493459E-006
1.929	9.6487283E-006
1.93	9.6480262E-006
1.931	9.6488202E-006
1.932	9.6493159E-006
1.933	9.6502217E-006
1.934	9.6527792E-006
1.935	9.6548720E-006
1.936	9.6579452E-006
1.937	9.6614431E-006
1.938	9.6650028E-006
1.939	9.6692938E-006
1.94	9.6737012E-006
1.941	9.6788262E-006
1.942	9.6846716E-006
1.943	9.6905005E-006
1.944	9.6969807E-006
1.945	9.7034335E-006
1.946	9.7100901E-006
1.947	9.7173388E-006
1.948	9.7244592E-006
1.949	9.7318934E-006
1.95	9.7396914E-006
1.951	9.7476823E-006
1.952	9.7559150E-006
1.953	9.7641660E-006
1.954	9.7720203E-006
1.955	9.7802003E-006
1.956	9.7882403E-006
1.957	9.7968059E-006
1.958	9.8051605E-006
1.959	9.8134587E-006
1.96	9.8215269E-006
1.961	9.8293312E-006
1.962	9.8376386E-006
1.963	9.8453320E-006
1.964	9.8531909E-006
1.965	9.8603978E-006
1.966	9.8680694E-006
1.967	9.8752917E-006
1.968	9.8821583E-006
1.969	9.8889577E-006
1.97	9.8950377E-006
1.971	9.9014287E-006
1.972	9.9071549E-006
1.973	9.9125782E-006
1.974	9.9178260E-006
1.975	9.9224990E-006
1.976	9.9266781E-006
1.977	9.9312692E-006
1.978	9.9348845E-006
1.979	9.9374847E-006
1.98	9.9401987E-006
1.981	9.9425060E-006
1.982	9.9446279E-006
1.983	9.9455692E-006
1.984	9.9460167E-006
1.985	9.9462304E-006
1.986	9.9458593E-006
1.987	9.9449335E-006
1.988	9.9434346E-006
1.989	9.9413610E-006
1.99	9.9387107E-006
1.991	9.9357785E-006
1.992	9.9315102E-006
1.993	9.9269764E-006
1.994	9.9218169E-006
1.995	9.9160361E-006
1.996	9.9099434E-006
1.997	9.9021454E-006
1.998	9.8947030E-006
1.999	9.8862811E-006
2	9.8775326E-006
2.001	9.8677911E-006
2.002	9.8566470E-006
2.003	9.8458459E-006
2.004	9.8340515E-006
2.005	9.8219271E-006
2.006	9.8077871E-006
2.007	9.7939246E-006
2.008	9.7800403E-006
2.009	9.7648535E-006
2.01	9.7480197E-006
2.011	9.7317479E-006
2.012	9.7148395E-006
2.013	9.6955046E-006
2.014	9.6772110E-006
2.015	9.6579788E-006
2.016	9.6389576E-006
2.017	9.6164040E-006
2.018	9.5958339E-006
2.019	9.5749301E-006
2.02	9.5499327E-006
2.021	9.5274236E-006
2.022	9.5056985E-006
2.023	9.4794805E-006
2.024	9.4545539E-006
2.025	9.4300058E-006
2.026	9.4018997E-006
2.027	9.3756271E-006
2.028	9.3490444E-006
2.029	9.3191420E-006
2.03	9.2913378E-006
2.031	9.2603486E-006
2.032	9.2315522E-006
2.033	9.2020055E-006
2.034	9.1696538E-006
2.035	9.1392349E-006
2.036	9.1089078E-006
2.037	9.0742778E-006
2.038	9.0433614E-006
2.039	9.0084004E-006
2.04	8.9756741E-006
2.041	8.9400819E-006
2.042	8.9069026E-006
2.043	8.8736469E-006
2.044	8.8364359E-006
2.045	8.8025508E-006
2.046	8.7650596E-006
2.047	8.7303533E-006
2.048	8.6917244E-006
2.049	8.6567698E-006
2.05	8.6181708E-006
2.051	8.5824904E-006
2.052	8.5434322E-006
2.053	8.5075653E-006
2.054	8.4679214E-006
2.055	8.4321064E-006
2.056	8.3923387E-006
2.057	8.3556988E-006
2.058	8.3158566E-006
2.059	8.2792531E-006
2.06	8.2392344E-006
2.061	8.2026272E-006
2.062	8.1624676E-006
2.063	8.1261869E-006
2.064	8.0857035E-006
2.065	8.0490345E-006
2.066	8.0094014E-006
2.067	7.9727388E-006
2.068	7.9331357E-006
2.069	7.8932972E-006
2.07	7.8574976E-006
2.071	7.8180028E-006
2.072	7.7822624E-006
2.073	7.7436016E-006
2.074	7.7079512E-006
2.075	7.6687993E-006
2.076	7.6310644E-006
2.077	7.5962189E-006
2.078	7.5582861E-006
2.079	7.5245075E-006
2.08	7.4873947E-006
2.081	7.4506775E-006
2.082	7.4172117E-006
2.083	7.3816982E-006
2.084	7.3455813E-006
2.085	7.3138649E-006
2.086	7.2788339E-006
2.087	7.2444068E-006
2.088	7.2131443E-006
2.089	7.1796157E-006
2.09	7.1470249E-006
2.091	7.1172844E-006
2.092	7.0851324E-006
2.093	7.0535252E-006
2.094	7.0253532E-006
2.095	6.9942380E-006
2.096	6.9664929E-006
2.097	6.9364269E-006
2.098	6.9104758E-006
2.099	6.8820191E-006
2.1	6.8541372E-006
2.101	6.8294612E-006
2.102	6.8032268E-006
2.103	6.7763012E-006
2.104	6.7515375E-006
2.105	6.7290152E-006
2.106	6.7043961E-006
2.107	6.6814382E-006
2.108	6.6585931E-006
2.109	6.6361254E-006
2.11	6.6164166E-006
2.111	6.5954291E-006
2.112	6.5748277E-006
2.113	6.5548702E-006
2.114	6.5377058E-006
2.115	6.5194986E-006
2.116	6.5016761E-006
2.117	6.4839983E-006
2.118	6.4679834E-006
2.119	6.4518531E-006
2.12	6.4384139E-006
2.121	6.4232768E-006
2.122	6.4100041E-006
2.123	6.3961656E-006
2.124	6.3843781E-006
2.125	6.3718112E-006
2.126	6.3612788E-006
2.127	6.3507973E-006
2.128	6.3400498E-006
2.129	6.3308048E-006
2.13	6.3219768E-006
2.131	6.3132775E-006
2.132	6.3055872E-006
2.133	6.2989320E-006
2.134	6.2922672E-006
2.135	6.2867216E-006
2.136	6.2807489E-006
2.137	6.2762556E-006
2.138	6.2716713E-006
2.139	6.2677091E-006
2.14	6.2641097E-006
2.141	6.2611939E-006
2.142	6.2590166E-006
2.143	6.2573104E-006
2.144	6.2557001E-006
2.145	6.2549611E-006
2.146	6.2549734E-006
2.147	6.2546424E-006
2.148	6.2547620E-006
2.149	6.2559448E-006
2.15	6.2568265E-006
2.151	6.2587810E-006
2.152	6.2607360E-006
2.153	6.2629947E-006
2.154	6.2657123E-006
2.155	6.2686922E-006
2.156	6.2722711E-006
2.157	6.2761023E-006
2.158	6.2797099E-006
2.159	6.2841614E-006
2.16	6.2885611E-006
2.161	6.2931981E-006
2.162	6.2982917E-006
2.163	6.3036373E-006
2.164	6.3088505E-006
2.165	6.3143343E-006
2.166	6.3201769E-006
2.167	6.3260886E-006
2.168	6.3320908E-006
2.169	6.3380412E-006
2.17	6.3445564E-006
2.171	6.3508051E-006
2.172	6.3572270E-006
2.173	6.3645402E-006
2.174	6.3708985E-006
2.175	6.3777684E-006
2.176	6.3840607E-006
2.177	6.3907955E-006
2.178	6.3975413E-006
2.179	6.4042329E-006
2.18	6.4107576E-006
2.181	6.4175319E-006
2.182	6.4241567E-006
2.183	6.4304463E-006
2.184	6.4366268E-006
2.185	6.4429378E-006
2.186	6.4486239E-006
2.187	6.4552214E-006
2.188	6.4608671E-006
2.189	6.4663745E-006
2.19	6.4716228E-006
2.191	6.4769138E-006
2.192	6.4824258E-006
2.193	6.4869146E-006
2.194	6.4914898E-006
2.195	6.4958299E-006
2.196	6.4996939E-006
2.197	6.5038748E-006
2.198	6.5069580E-006
2.199	6.5101967E-006
2.2	6.5131430E-006
2.201	6.5157797E-006
2.202	6.5183294E-006
2.203	6.5200688E-006
2.204	6.5214658E-006
2.205	6.5231311E-006
2.206	6.5240297E-006
2.207	6.5245508E-006
2.208	6.5247414E-006
2.209	6.5245467E-006
2.21	6.5239383E-006
2.211	6.5229469E-006
2.212	6.5214499E-006
2.213	6.5193799E-006
2.214	6.5173954E-006
2.215	6.5147628E-006
2.216	6.5114632E-006
2.217	6.5079666E-006
2.218	6.5040481E-006
2.219	6.4995788E-006
2.22	6.4947758E-006
2.221	6.4897863E-006
2.222	6.4833912E-006
2.223	6.4777746E-006
2.224	6.4706605E-006
2.225	6.4641245E-006
2.226	6.4564474E-006
2.227	6.4478691E-006
2.228	6.4397309E-006
2.229	6.4311926E-006
2.23	6.4214114E-006
2.231	6.4114988E-006
2.232	6.4009428E-006
2.233	6.3903590E-006
2.234	6.3795665E-006
2.235	6.3675921E-006
2.236	6.3557222E-006
2.237	6.3425600E-006
2.238	6.3300399E-006
2.239	6.3157481E-006
2.24	6.3023381E-006
2.241	6.2886197E-006
2.242	6.2732861E-006
2.243	6.2586023E-006
2.244	6.2423974E-006
2.245	6.2269082E-006
2.246	6.2098352E-006
2.247	6.1935948E-006
2.248	6.1757569E-006
2.249	6.1589521E-006
2.25	6.1401711E-006
2.251	6.1227197E-006
2.252	6.1032715E-006
2.253	6.0850098E-006
2.254	6.0647553E-006
2.255	6.0461166E-006
2.256	6.0251818E-006
2.257	6.0059024E-006
2.258	5.9845570E-006
2.259	5.9644813E-006
2.26	5.9425374E-006
2.261	5.9219410E-006
2.262	5.8992186E-006
2.263	5.8766786E-006
2.264	5.8556288E-006
2.265	5.8321575E-006
2.266	5.8106475E-006
2.267	5.7869643E-006
2.268	5.7648513E-006
2.269	5.7407815E-006
2.27	5.7163402E-006
2.271	5.6941635E-006
2.272	5.6693943E-006
2.273	5.6470167E-006
2.274	5.6224062E-006
2.275	5.5970263E-006
2.276	5.5742994E-006
2.277	5.5491869E-006
2.278	5.5239921E-006
2.279	5.5008491E-006
2.28	5.4765705E-006
2.281	5.4533948E-006
2.282	5.4282564E-006
2.283	5.4026223E-006
2.284	5.3796944E-006
2.285	5.3546255E-006
2.286	5.3294939E-006
2.287	5.3061262E-006
2.288	5.2811201E-006
2.289	5.2561850E-006
2.29	5.2311170E-006
2.291	5.2081418E-006
2.292	5.1835768E-006
2.293	5.1588245E-006
2.294	5.1366869E-006
2.295	5.1125166E-006
2.296	5.0879039E-006
2.297	5.0637923E-006
2.298	5.0419749E-006
2.299	5.0183744E-006
2.3	4.9948699E-006
2.301	4.9718155E-006
2.302	4.9508017E-006
2.303	4.9280534E-006
2.304	4.9055479E-006
2.305	4.8833026E-006
2.306	4.8631819E-006
2.307	4.8414745E-006
2.308	4.8196607E-006
2.309	4.7988833E-006
2.31	4.7776612E-006
2.311	4.7592075E-006
2.312	4.7387753E-006
2.313	4.7188691E-006
2.314	4.6996461E-006
2.315	4.6804071E-006
2.316	4.6627283E-006
2.317	4.6445234E-006
2.318	4.6261189E-006
2.319	4.6082741E-006
2.32	4.5909851E-006
2.321	4.5742668E-006
2.322	4.5573543E-006
2.323	4.5424149E-006
2.324	4.5268312E-006
2.325	4.5108704E-006
2.326	4.4960807E-006
2.327	4.4813096E-006
2.328	4.4671351E-006
2.329	4.4529920E-006
2.33	4.4398280E-006
2.331	4.4268900E-006
2.332	4.4147241E-006
2.333	4.4036583E-006
2.334	4.3917271E-006
2.335	4.3802288E-006
2.336	4.3695086E-006
2.337	4.3590280E-006
2.338	4.3487885E-006
2.339	4.3391501E-006
2.34	4.3300956E-006
2.341	4.3207538E-006
2.342	4.3129012E-006
2.343	4.3047407E-006
2.344	4.2971787E-006
2.345	4.2896600E-006
2.346	4.2832621E-006
2.347	4.2769170E-006
2.348	4.2706324E-006
2.349	4.2655747E-006
2.35	4.2606002E-006
2.351	4.2556653E-006
2.352	4.2514639E-006
2.353	4.2472511E-006
2.354	4.2438014E-006
2.355	4.2405363E-006
2.356	4.2377901E-006
2.357	4.2352453E-006
2.358	4.2329316E-006
2.359	4.2312417E-006
2.36	4.2298407E-006
2.361	4.2285237E-006
2.362	4.2280367E-006
2.363	4.2274951E-006
2.364	4.2270526E-006
2.365	4.2273077E-006
2.366	4.2280190E-006
2.367	4.2286638E-006
2.368	4.2298643E-006
2.369	4.2309825E-006
2.37	4.2325823E-006
2.371	4.2343172E-006
2.372	4.2364427E-006
2.373	4.2390589E-006
2.374	4.2414849E-006
2.375	4.2448455E-006
2.376	4.2474676E-006
2.377	4.2507172E-006
2.378	4.2542956E-006
2.379	4.2579081E-006
2.38	4.2615020E-006
2.381	4.2653010E-006
2.382	4.2696247E-006
2.383	4.2740312E-006
2.384	4.2783236E-006
2.385	4.2828042E-006
2.386	4.2874026E-006
2.387	4.2925544E-006
2.388	4.2971074E-006
2.389	4.3021373E-006
2.39	4.3072264E-006
2.391	4.3121613E-006
2.392	4.3176560E-006
2.393	4.3226405E-006
2.394	4.3277423E-006
2.395	4.3329683E-006
2.396	4.3381774E-006
2.397	4.3438658E-006
2.398	4.3490436E-006
2.399	4.3541859E-006
2.4	4.3596242E-006
2.401	4.3646742E-006
2.402	4.3697000E-006
2.403	4.3744326E-006
2.404	4.3799237E-006
2.405	4.3845621E-006
2.406	4.3895379E-006
2.407	4.3942141E-006
2.408	4.3989826E-006
2.409	4.4033709E-006
2.41	4.4076887E-006
2.411	4.4121712E-006
2.412	4.4160415E-006
2.413	4.4199242E-006
2.414	4.4240869E-006
2.415	4.4276221E-006
2.416	4.4310291E-006
2.417	4.4345993E-006
2.418	4.4375884E-006
2.419	4.4402277E-006
2.42	4.4429712E-006
2.421	4.4455460E-006
2.422	4.4478215E-006
2.423	4.4497610E-006
2.424	4.4514691E-006
2.425	4.4533544E-006
2.426	4.4543990E-006
2.427	4.4555532E-006
2.428	4.4564690E-006
2.429	4.4569424E-006
2.43	4.4572962E-006
2.431	4.4572316E-006
2.432	4.4569833E-006
2.433	4.4563649E-006
2.434	4.4556609E-006
2.435	4.4543344E-006
2.436	4.4530530E-006
2.437	4.4510921E-006
2.438	4.4492272E-006
2.439	4.4469903E-006
2.44	4.4441645E-006
2.441	4.4412791E-006
2.442	4.4380354E-006
2.443	4.4350350E-006
2.444	4.4304606E-006
2.445	4.4266712E-006
2.446	4.4219682E-006
2.447	4.4173944E-006
2.448	4.4120152E-006
2.449	4.4063022E-006
2.45	4.4006283E-006
2.451	4.3950013E-006
2.452	4.3883065E-006
2.453	4.3816276E-006
2.454	4.3747395E-006
2.455	4.3672148E-006
2.456	4.3597506E-006
2.457	4.3515784E-006
2.458	4.3435066E-006
2.459	4.3347591E-006
2.46	4.3261148E-006
2.461	4.3167056E-006
2.462	4.3069549E-006
2.463	4.2976162E-006
2.464	4.2871975E-006
2.465	4.2772949E-006
2.466	4.2664633E-006
2.467	4.2552570E-006
2.468	4.2444390E-006
2.469	4.2328957E-006
2.47	4.2217598E-006
2.471	4.2099869E-006
2.472	4.1972085E-006
2.473	4.1857224E-006
2.474	4.1724807E-006
2.475	4.1602948E-006
2.476	4.1469516E-006
2.477	4.1331750E-006
2.478	4.1204507E-006
2.479	4.1061671E-006
2.48	4.0920522E-006
2.481	4.0785676E-006
2.482	4.0637015E-006
2.483	4.0489040E-006
2.484	4.0339155E-006
2.485	4.0197315E-006
2.486	4.0045552E-006
2.487	3.9890301E-006
2.488	3.9745123E-006
2.489	3.9585793E-006
2.49	3.9428292E-006
2.491	3.9281558E-006
2.492	3.9120469E-006
2.493	3.8956468E-006
2.494	3.8795047E-006
2.495	3.8646081E-006
2.496	3.8479834E-006
2.497	3.8314661E-006
2.498	3.8148673E-006
2.499	3.7999635E-006
2.5	3.7831237E-006
2.501	3.7665777E-006
2.502	3.7496832E-006
2.503	3.7329394E-006
2.504	3.7176012E-006
2.505	3.7008454E-006
2.506	3.6843380E-006
2.507	3.6678332E-006
2.508	3.6511751E-006
2.509	3.6358906E-006
2.51	3.6195067E-006
2.511	3.6031561E-006
2.512	3.5867463E-006
2.513	3.5710016E-006
2.514	3.5548014E-006
2.515	3.5400415E-006
2.516	3.5239018E-006
2.517	3.5081675E-006
2.518	3.4922252E-006
2.519	3.4767397E-006
2.52	3.4612033E-006
2.521	3.4461507E-006
2.522	3.4318480E-006
2.523	3.4168415E-006
2.524	3.4018281E-006
2.525	3.3871513E-006
2.526	3.3725139E-006
2.527	3.3581903E-006
2.528	3.3440556E-006
2.529	3.3302631E-006
2.53	3.3163699E-006
2.531	3.3025567E-006
2.532	3.2896435E-006
2.533	3.2763730E-006
2.534	3.2644357E-006
2.535	3.2516086E-006
2.536	3.2391597E-006
2.537	3.2270898E-006
2.538	3.2149762E-006
2.539	3.2031069E-006
2.54	3.1916304E-006
2.541	3.1805450E-006
2.542	3.1692828E-006
2.543	3.1588622E-006
2.544	3.1482703E-006
2.545	3.1382340E-006
2.546	3.1283223E-006
2.547	3.1186821E-006
2.548	3.1094596E-006
2.549	3.1005125E-006
2.55	3.0918420E-006
2.551	3.0834494E-006
2.552	3.0751212E-006
2.553	3.0668516E-006
2.554	3.0595793E-006
2.555	3.0520168E-006
2.556	3.0450217E-006
2.557	3.0376950E-006
2.558	3.0310164E-006
2.559	3.0251776E-006
2.56	3.0190513E-006
2.561	3.0134918E-006
2.562	3.0080832E-006
2.563	3.0028236E-006
2.564	2.9982336E-006
2.565	2.9937910E-006
2.566	2.9893579E-006
2.567	2.9854657E-006
2.568	2.9814664E-006
2.569	2.9780176E-006
2.57	2.9750649E-006
2.571	2.9722758E-006
2.572	2.9693756E-006
2.573	2.9670935E-006
2.574	2.9650641E-006
2.575	2.9633090E-006
2.576	2.9617927E-006
2.577	2.9604244E-006
2.578	2.9594121E-006
2.579	2.9586129E-006
2.58	2.9579617E-006
2.581	2.9576586E-006
2.582	2.9574153E-006
2.583	2.9576659E-006
2.584	2.9579885E-006
2.585	2.9585383E-006
2.586	2.9591058E-006
2.587	2.9603016E-006
2.588	2.9613991E-006
2.589	2.9626633E-006
2.59	2.9641030E-006
2.591	2.9659780E-006
2.592	2.9676410E-006
2.593	2.9699536E-006
2.594	2.9719345E-006
2.595	2.9744574E-006
2.596	2.9770495E-006
2.597	2.9796638E-006
2.598	2.9823798E-006
2.599	2.9854696E-006
2.6	2.9885723E-006
2.601	2.9916437E-006
2.602	2.9952705E-006
2.603	2.9985454E-006
2.604	3.0017932E-006
2.605	3.0055314E-006
2.606	3.0092469E-006
2.607	3.0130966E-006
2.608	3.0169169E-006
2.609	3.0208498E-006
2.61	3.0248552E-006
2.611	3.0285760E-006
2.612	3.0328877E-006
2.613	3.0368865E-006
2.614	3.0408401E-006
2.615	3.0451592E-006
2.616	3.0490905E-006
2.617	3.0534152E-006
2.618	3.0575909E-006
2.619	3.0614535E-006
2.62	3.0658500E-006
2.621	3.0697393E-006
2.622	3.0737406E-006
2.623	3.0776980E-006
2.624	3.0815252E-006
2.625	3.0857111E-006
2.626	3.0893318E-006
2.627	3.0928848E-006
2.628	3.0967608E-006
2.629	3.1002048E-006
2.63	3.1040036E-006
2.631	3.1073232E-006
2.632	3.1106549E-006
2.633	3.1138907E-006
2.634	3.1171573E-006
2.635	3.1200132E-006
2.636	3.1230059E-006
2.637	3.1257398E-006
2.638	3.1281215E-006
2.639	3.1308225E-006
2.64	3.1331376E-006
2.641	3.1352520E-006
2.642	3.1374439E-006
2.643	3.1392140E-006
2.644	3.1407951E-006
2.645	3.1425038E-006
2.646	3.1437492E-006
2.647	3.1450863E-006
2.648	3.1461150E-006
2.649	3.1467894E-006
2.65	3.1475402E-006
2.651	3.1480106E-006
2.652	3.1480747E-006
2.653	3.1481670E-006
2.654	3.1480877E-006
2.655	3.1476459E-006
2.656	3.1471382E-006
2.657	3.1464335E-006
2.658	3.1454874E-006
2.659	3.1440320E-006
2.66	3.1428385E-006
2.661	3.1410484E-006
2.662	3.1394447E-006
2.663	3.1372331E-006
2.664	3.1349250E-006
2.665	3.1325369E-006
2.666	3.1296327E-006
2.667	3.1269537E-006
2.668	3.1234397E-006
2.669	3.1201052E-006
2.67	3.1165196E-006
2.671	3.1125753E-006
2.672	3.1085490E-006
2.673	3.1043030E-006
2.674	3.0995482E-006
2.675	3.0948074E-006
2.676	3.0900628E-006
2.677	3.0847457E-006
2.678	3.0793537E-006
2.679	3.0737124E-006
2.68	3.0678855E-006
2.681	3.0618105E-006
2.682	3.0556994E-006
2.683	3.0490917E-006
2.684	3.0421513E-006
2.685	3.0352016E-006
2.686	3.0284561E-006
2.687	3.0211177E-006
2.688	3.0134852E-006
2.689	3.0061046E-006
2.69	2.9982477E-006
2.691	2.9899120E-006
2.692	2.9815476E-006
2.693	2.9737084E-006
2.694	2.9648470E-006
2.695	2.9563921E-006
2.696	2.9473067E-006
2.697	2.9385872E-006
2.698	2.9293142E-006
2.699	2.9198841E-006
2.7	2.9102355E-006
2.701	2.9003168E-006
2.702	2.8911884E-006
2.703	2.8811564E-006
2.704	2.8709171E-006
2.705	2.8606337E-006
2.706	2.8502991E-006
2.707	2.8397853E-006
2.708	2.8298823E-006
2.709	2.8191469E-006
2.71	2.8084523E-006
2.711	2.7975566E-006
2.712	2.7865719E-006
2.713	2.7753854E-006
2.714	2.7651502E-006
2.715	2.7539668E-006
2.716	2.7428312E-006
2.717	2.7316828E-006
2.718	2.7202007E-006
2.719	2.7089657E-006
2.72	2.6975438E-006
2.721	2.6861208E-006
2.722	2.6748080E-006
2.723	2.6643081E-006
2.724	2.6526970E-006
2.725	2.6414587E-006
2.726	2.6300515E-006
2.727	2.6188720E-006
2.728	2.6077528E-006
2.729	2.5963168E-006
2.73	2.5850838E-006
2.731	2.5737113E-006
2.732	2.5625591E-006
2.733	2.5511488E-006
2.734	2.5401662E-006
2.735	2.5291820E-006
2.736	2.5181971E-006
2.737	2.5073512E-006
2.738	2.4966032E-006
2.739	2.4857027E-006
2.74	2.4752471E-006
2.741	2.4647281E-006
2.742	2.4541373E-006
2.743	2.4434987E-006
2.744	2.4332342E-006
2.745	2.4231431E-006
2.746	2.4131998E-006
2.747	2.4035828E-006
2.748	2.3938785E-006
2.749	2.3843081E-006
2.75	2.3746579E-006
2.751	2.3651469E-006
2.752	2.3559983E-006
2.753	2.3471171E-006
2.754	2.3380492E-006
2.755	2.3293587E-006
2.756	2.3208295E-006
2.757	2.3124633E-006
2.758	2.3045018E-006
2.759	2.2958991E-006
2.76	2.2880463E-006
2.761	2.2803720E-006
2.762	2.2729853E-006
2.763	2.2655538E-006
2.764	2.2583040E-006
2.765	2.2512372E-006
2.766	2.2445868E-006
2.767	2.2373208E-006
2.768	2.2310619E-006
2.769	2.2248826E-006
2.77	2.2190084E-006
2.771	2.2131026E-006
2.772	2.2077299E-006
2.773	2.2021013E-006
2.774	2.1965334E-006
2.775	2.1914300E-006
2.776	2.1867475E-006
2.777	2.1821488E-006
2.778	2.1776398E-006
2.779	2.1732653E-006
2.78	2.1691737E-006
2.781	2.1652811E-006
2.782	2.1620097E-006
2.783	2.1584101E-006
2.784	2.1552000E-006
2.785	2.1522224E-006
2.786	2.1493192E-006
2.787	2.1467160E-006
2.788	2.1445401E-006
2.789	2.1420790E-006
2.79	2.1399496E-006
2.791	2.1383048E-006
2.792	2.1363662E-006
2.793	2.1350259E-006
2.794	2.1339345E-006
2.795	2.1328119E-006
2.796	2.1318524E-006
2.797	2.1311980E-006
2.798	2.1304929E-006
2.799	2.1301776E-006
2.8	2.1300941E-006
2.801	2.1299070E-006
2.802	2.1300962E-006
2.803	2.1305220E-006
2.804	2.1308440E-006
2.805	2.1314936E-006
2.806	2.1322926E-006
2.807	2.1331266E-006
2.808	2.1344215E-006
2.809	2.1355470E-006
2.81	2.1367857E-006
2.811	2.1382521E-006
2.812	2.1399196E-006
2.813	2.1416583E-006
2.814	2.1434278E-006
2.815	2.1454027E-006
2.816	2.1475257E-006
2.817	2.1498097E-006
2.818	2.1518954E-006
2.819	2.1541928E-006
2.82	2.1567596E-006
2.821	2.1592384E-006
2.822	2.1618698E-006
2.823	2.1645080E-006
2.824	2.1674800E-006
2.825	2.1701287E-006
2.826	2.1729543E-006
2.827	2.1761132E-006
2.828	2.1790379E-006
2.829	2.1821961E-006
2.83	2.1852877E-006
2.831	2.1885446E-006
2.832	2.1915869E-006
2.833	2.1948999E-006
2.834	2.1979570E-006
2.835	2.2011518E-006
2.836	2.2046165E-006
2.837	2.2076294E-006
2.838	2.2109605E-006
2.839	2.2140187E-006
2.84	2.2173003E-006
2.841	2.2206698E-006
2.842	2.2238385E-006
2.843	2.2270403E-006
2.844	2.2300592E-006
2.845	2.2332526E-006
2.846	2.2360055E-006
2.847	2.2391259E-006
2.848	2.2419690E-006
2.849	2.2449569E-006
2.85	2.2476090E-006
2.851	2.2505187E-006
2.852	2.2531024E-006
2.853	2.2559157E-006
2.854	2.2584263E-006
2.855	2.2608131E-006
2.856	2.2632551E-006
2.857	2.2654640E-006
2.858	2.2676063E-006
2.859	2.2697611E-006
2.86	2.2716604E-006
2.861	2.2737036E-006
2.862	2.2752920E-006
2.863	2.2770898E-006
2.864	2.2785430E-006
2.865	2.2800034E-006
2.866	2.2812035E-006
2.867	2.2824875E-006
2.868	2.2834645E-006
2.869	2.2843712E-006
2.87	2.2851257E-006
2.871	2.2857007E-006
2.872	2.2861725E-006
2.873	2.2865377E-006
2.874	2.2867009E-006
2.875	2.2867239E-006
2.876	2.2865870E-006
2.877	2.2864247E-006
2.878	2.2859765E-006
2.879	2.2853651E-006
2.88	2.2846466E-006
2.881	2.2838235E-006
2.882	2.2828356E-006
2.883	2.2814593E-006
2.884	2.2801241E-006
2.885	2.2786389E-006
2.886	2.2768772E-006
2.887	2.2750496E-006
2.888	2.2732008E-006
2.889	2.2708323E-006
2.89	2.2686052E-006
2.891	2.2658976E-006
2.892	2.2634138E-006
2.893	2.2604811E-006
2.894	2.2573699E-006
2.895	2.2542304E-006
2.896	2.2510180E-006
2.897	2.2476461E-006
2.898	2.2438862E-006
2.899	2.2400773E-006
2.9	2.2361721E-006
2.901	2.2322379E-006
2.902	2.2278575E-006
2.903	2.2234042E-006
2.904	2.2187123E-006
2.905	2.2139473E-006
2.906	2.2090589E-006
2.907	2.2039308E-006
2.908	2.1990879E-006
2.909	2.1937749E-006
2.91	2.1882151E-006
2.911	2.1825845E-006
2.912	2.1769226E-006
2.913	2.1710027E-006
2.914	2.1649701E-006
2.915	2.1591902E-006
2.916	2.1530359E-006
2.917	2.1465873E-006
2.918	2.1400717E-006
2.919	2.1334740E-006
2.92	2.1267174E-006
2.921	2.1199755E-006
2.922	2.1131109E-006
2.923	2.1059559E-006
2.924	2.0988825E-006
2.925	2.0917387E-006
2.926	2.0847156E-006
2.927	2.0773678E-006
2.928	2.0704128E-006
2.929	2.0629611E-006
2.93	2.0554248E-006
2.931	2.0476298E-006
2.932	2.0399762E-006
2.933	2.0322771E-006
2.934	2.0245075E-006
2.935	2.0166935E-006
2.936	2.0087564E-006
2.937	2.0007549E-006
2.938	1.9927352E-006
2.939	1.9848792E-006
2.94	1.9768968E-006
2.941	1.9687793E-006
2.942	1.9608615E-006
2.943	1.9528350E-006
2.944	1.9446763E-006
2.945	1.9366298E-006
2.946	1.9280624E-006
2.947	1.9200345E-006
2.948	1.9120200E-006
2.949	1.9040207E-006
2.95	1.8958805E-006
2.951	1.8883851E-006
2.952	1.8803155E-006
2.953	1.8721950E-006
2.954	1.8645799E-006
2.955	1.8565788E-006
2.956	1.8489585E-006
2.957	1.8410279E-006
2.958	1.8329898E-006
2.959	1.8252260E-006
2.96	1.8177137E-006
2.961	1.8102967E-006
2.962	1.8026708E-006
2.963	1.7954375E-006
2.964	1.7882445E-006
2.965	1.7809919E-006
2.966	1.7735007E-006
2.967	1.7663357E-006
2.968	1.7593429E-006
2.969	1.7525348E-006
2.97	1.7457234E-006
2.971	1.7392676E-006
2.972	1.7325769E-006
2.973	1.7257264E-006
2.974	1.7194216E-006
2.975	1.7132362E-006
2.976	1.7072404E-006
2.977	1.7014495E-006
2.978	1.6951099E-006
2.979	1.6893932E-006
2.98	1.6838861E-006
2.981	1.6782369E-006
2.982	1.6727030E-006
2.983	1.6673156E-006
2.984	1.6621462E-006
2.985	1.6572899E-006
2.986	1.6522323E-006
2.987	1.6475643E-006
2.988	1.6429403E-006
2.989	1.6386354E-006
2.99	1.6339911E-006
2.991	1.6298832E-006
2.992	1.6259140E-006
2.993	1.6221769E-006
2.994	1.6181457E-006
2.995	1.6147884E-006
2.996	1.6113084E-006
2.997	1.6079207E-006
2.998	1.6048251E-006
2.999	1.6019619E-006
3	1.5989251E-006
