theta_deg	R
0.001	9.9977279E-001
0.002	9.9955088E-001
0.003	9.9933922E-001
0.004	9.9911755E-001
0.005	9.9889570E-001
0.006	9.9867386E-001
0.007	9.9845207E-001
0.008	9.9824101E-001
0.009	9.9801922E-001
0.01	9.9779773E-001
0.011	9.9757606E-001
0.012	9.9736506E-001
0.013	9.9714363E-001
0.014	9.9099690E-001
0.015	9.9078721E-001
0.016	9.9056739E-001
0.017	9.9034745E-001
0.018	9.9012744E-001
0.019	9.8990744E-001
0.02	9.8969841E-001
0.021	9.8947847E-001
0.022	9.8925859E-001
0.023	9.8903912E-001
0.024	9.8882997E-001
0.025	9.8616236E-001
0.026	9.8595369E-001
0.027	9.8573494E-001
0.028	9.8551595E-001
0.029	9.8529720E-001
0.03	9.8508888E-001
0.031	9.8487002E-001
0.032	9.8278618E-001
0.033	9.8256791E-001
0.034	9.8236012E-001
0.035	9.8214203E-001
0.036	9.8192394E-001
0.037	9.8170602E-001
0.038	9.7991723E-001
0.039	9.7971016E-001
0.04	9.7949249E-001
0.041	9.7927499E-001
0.042	9.7767156E-001
0.043	9.7746485E-001
0.044	9.7724777E-001
0.045	9.7703058E-001
0.046	9.7682434E-001
0.047	9.7535688E-001
0.048	9.7515053E-001
0.049	9.7493410E-001
0.05	9.7471756E-001
0.051	9.7335827E-001
0.052	9.7314221E-001
0.053	9.7292614E-001
0.054	9.7272032E-001
0.055	9.7143370E-001
0.056	9.7122824E-001
0.057	9.7101253E-001
0.058	9.6979743E-001
0.059	9.6958202E-001
0.06	9.6937704E-001
0.061	9.6820968E-001
0.062	9.6800494E-001
0.063	9.6779007E-001
0.064	9.6758515E-001
0.065	9.6646005E-001
0.066	9.6625561E-001
0.067	9.6604103E-001
0.068	9.6497041E-001
0.069	9.6476620E-001
0.07	9.6372527E-001
0.071	9.6351141E-001
0.072	9.6330774E-001
0.073	9.6229798E-001
0.074	9.6208405E-001
0.075	9.6188062E-001
0.076	9.6090347E-001
0.077	9.6070021E-001
0.078	9.5974213E-001
0.079	9.5952886E-001
0.08	9.5932603E-001
0.081	9.5839602E-001
0.082	9.5819342E-001
0.083	9.5727849E-001
0.084	9.5707607E-001
0.085	9.5687366E-001
0.086	9.5597690E-001
0.087	9.5577478E-001
0.088	9.5490146E-001
0.089	9.5469952E-001
0.09	9.5384586E-001
0.091	9.5363396E-001
0.092	9.5279521E-001
0.093	9.5259368E-001
0.094	9.5176464E-001
0.095	9.5156348E-001
0.096	9.5075089E-001
0.097	9.5055002E-001
0.098	9.4974899E-001
0.099	9.4953829E-001
0.1	9.4874865E-001
0.101	9.4854796E-001
0.102	9.4777596E-001
0.103	9.4757533E-001
0.104	9.4680595E-001
0.105	9.4660586E-001
0.106	9.4584620E-001
0.107	9.4564593E-001
0.108	9.4489509E-001
0.109	9.4469529E-001
0.11	9.4396263E-001
0.111	9.4375288E-001
0.112	9.4302821E-001
0.113	9.4230866E-001
0.114	9.4210958E-001
0.115	9.4139910E-001
0.116	9.4120032E-001
0.117	9.4048733E-001
0.118	9.3979049E-001
0.119	9.3959171E-001
0.12	9.3890160E-001
0.121	9.3870282E-001
0.122	9.3801868E-001
0.123	9.3733001E-001
0.124	9.3713176E-001
0.125	9.3645847E-001
0.126	9.3579054E-001
0.127	9.3559271E-001
0.128	9.3492967E-001
0.129	9.3427181E-001
0.13	9.3408418E-001
0.131	9.3343127E-001
0.132	9.3278199E-001
0.133	9.3258476E-001
0.134	9.3194038E-001
0.135	9.3130994E-001
0.136	9.3111312E-001
0.137	9.3047696E-001
0.138	9.2985457E-001
0.139	9.2965800E-001
0.14	9.2902970E-001
0.141	9.2840546E-001
0.142	9.2779386E-001
0.143	9.2759758E-001
0.144	9.2698979E-001
0.145	9.2637527E-001
0.146	9.2618924E-001
0.147	9.2558795E-001
0.148	9.2496997E-001
0.149	9.2437452E-001
0.15	9.2418873E-001
0.151	9.2359668E-001
0.152	9.2299736E-001
0.153	9.2241073E-001
0.154	9.2182630E-001
0.155	9.2164123E-001
0.156	9.2104977E-001
0.157	9.2047083E-001
0.158	9.1988415E-001
0.159	9.1931993E-001
0.16	9.1912550E-001
0.161	9.1856354E-001
0.162	9.1798365E-001
0.163	9.1742617E-001
0.164	9.1685086E-001
0.165	9.1629767E-001
0.166	9.1611350E-001
0.167	9.1554207E-001
0.168	9.1498214E-001
0.169	9.1443515E-001
0.17	9.1387874E-001
0.171	9.1333544E-001
0.172	9.1278297E-001
0.173	9.1259944E-001
0.174	9.1203898E-001
0.175	9.1149938E-001
0.176	9.1096300E-001
0.177	9.1041696E-001
0.178	9.0987259E-001
0.179	9.0932971E-001
0.18	9.0880924E-001
0.181	9.0826935E-001
0.182	9.0774024E-001
0.183	9.0720320E-001
0.184	9.0667695E-001
0.185	9.0649486E-001
0.186	9.0596992E-001
0.187	9.0543681E-001
0.188	9.0491450E-001
0.189	9.0439349E-001
0.19	9.0387374E-001
0.191	9.0335488E-001
0.192	9.0282792E-001
0.193	9.0232122E-001
0.194	9.0180606E-001
0.195	9.0129179E-001
0.196	9.0077871E-001
0.197	9.0026653E-001
0.198	8.9975566E-001
0.199	8.9925545E-001
0.2	8.9873368E-001
0.201	8.9822537E-001
0.202	8.9772803E-001
0.203	8.9721864E-001
0.204	8.9671314E-001
0.205	8.9621818E-001
0.206	8.9571130E-001
0.207	8.9520872E-001
0.208	8.9438200E-001
0.209	8.9387786E-001
0.21	8.9338785E-001
0.211	8.9288539E-001
0.212	8.9239669E-001
0.213	8.9190459E-001
0.214	8.9140433E-001
0.215	8.9091778E-001
0.216	8.9041829E-001
0.217	8.8992870E-001
0.218	8.8944441E-001
0.219	8.8864177E-001
0.22	8.8815409E-001
0.221	8.8765764E-001
0.222	8.8717049E-001
0.223	8.8668400E-001
0.224	8.8619775E-001
0.225	8.8570243E-001
0.226	8.8490111E-001
0.227	8.8441700E-001
0.228	8.8393348E-001
0.229	8.8345081E-001
0.23	8.8296378E-001
0.231	8.8248199E-001
0.232	8.8168770E-001
0.233	8.8119268E-001
0.234	8.8072240E-001
0.235	8.8025242E-001
0.236	8.7975883E-001
0.237	8.7896401E-001
0.238	8.7849557E-001
0.239	8.7800282E-001
0.24	8.7753564E-001
0.241	8.7705326E-001
0.242	8.7627143E-001
0.243	8.7578988E-001
0.244	8.7533915E-001
0.245	8.7485856E-001
0.246	8.7406403E-001
0.247	8.7358391E-001
0.248	8.7311351E-001
0.249	8.7263405E-001
0.25	8.7184179E-001
0.251	8.7137169E-001
0.252	8.7090224E-001
0.253	8.7011153E-001
0.254	8.6962658E-001
0.255	8.6915773E-001
0.256	8.6868924E-001
0.257	8.6789316E-001
0.258	8.6742514E-001
0.259	8.6694127E-001
0.26	8.6615473E-001
0.261	8.6568755E-001
0.262	8.6521310E-001
0.263	8.6443430E-001
0.264	8.6396027E-001
0.265	8.6348653E-001
0.266	8.6268485E-001
0.267	8.6221075E-001
0.268	8.6140907E-001
0.269	8.6093563E-001
0.27	8.6046159E-001
0.271	8.5966927E-001
0.272	8.5919589E-001
0.273	8.5871482E-001
0.274	8.5792196E-001
0.275	8.5743153E-001
0.276	8.5664785E-001
0.277	8.5615742E-001
0.278	8.5569280E-001
0.279	8.5489142E-001
0.28	8.5441029E-001
0.281	8.5360831E-001
0.282	8.5312676E-001
0.283	8.5230690E-001
0.284	8.5183406E-001
0.285	8.5099649E-001
0.286	8.5052317E-001
0.287	8.5003245E-001
0.288	8.4920251E-001
0.289	8.4871960E-001
0.29	8.4788030E-001
0.291	8.4740615E-001
0.292	8.4657437E-001
0.293	8.4609085E-001
0.294	8.4525746E-001
0.295	8.4477365E-001
0.296	8.4391272E-001
0.297	8.4342849E-001
0.298	8.4258395E-001
0.299	8.4208089E-001
0.3	8.4122580E-001
0.301	8.4036976E-001
0.302	8.3986551E-001
0.303	8.3900768E-001
0.304	8.3851159E-001
0.305	8.3763385E-001
0.306	8.3711880E-001
0.307	8.3624810E-001
0.308	8.3575052E-001
0.309	8.3484107E-001
0.31	8.3395743E-001
0.311	8.3343965E-001
0.312	8.3254480E-001
0.313	8.3203536E-001
0.314	8.3112878E-001
0.315	8.3020240E-001
0.316	8.2969064E-001
0.317	8.2877028E-001
0.318	8.2823902E-001
0.319	8.2729733E-001
0.32	8.2635427E-001
0.321	8.2582939E-001
0.322	8.2486463E-001
0.323	8.2390684E-001
0.324	8.2337958E-001
0.325	8.2240021E-001
0.326	8.2142699E-001
0.327	8.2086015E-001
0.328	8.1988370E-001
0.329	8.1888616E-001
0.33	8.1831676E-001
0.331	8.1730598E-001
0.332	8.1629282E-001
0.333	8.1572902E-001
0.334	8.1469369E-001
0.335	8.1363606E-001
0.336	8.1305087E-001
0.337	8.1199861E-001
0.338	8.1094390E-001
0.339	8.0985630E-001
0.34	8.0925620E-001
0.341	8.0814546E-001
0.342	8.0705184E-001
0.343	8.0591649E-001
0.344	8.0530077E-001
0.345	8.0418116E-001
0.346	8.0300850E-001
0.347	8.0186141E-001
0.348	8.0122185E-001
0.349	8.0005091E-001
0.35	7.9883796E-001
0.351	7.9762149E-001
0.352	7.9639125E-001
0.353	7.9573458E-001
0.354	7.9448068E-001
0.355	7.9321212E-001
0.356	7.9194099E-001
0.357	7.9064703E-001
0.358	7.8931868E-001
0.359	7.8860325E-001
0.36	7.8725076E-001
0.361	7.8589576E-001
0.362	7.8450608E-001
0.363	7.8311378E-001
0.364	7.8168732E-001
0.365	7.8091317E-001
0.366	7.7946258E-001
0.367	7.7798951E-001
0.368	7.7650219E-001
0.369	7.7495217E-001
0.37	7.7340835E-001
0.371	7.7184236E-001
0.372	7.7023417E-001
0.373	7.6861238E-001
0.374	7.6775396E-001
0.375	7.6607001E-001
0.376	7.6443255E-001
0.377	7.6267403E-001
0.378	7.6092297E-001
0.379	7.5913101E-001
0.38	7.5730723E-001
0.381	7.5548381E-001
0.382	7.5354868E-001
0.383	7.5165558E-001
0.384	7.4969172E-001
0.385	7.4769038E-001
0.386	7.4562079E-001
0.387	7.4356222E-001
0.388	7.4146861E-001
0.389	7.3930109E-001
0.39	7.3710823E-001
0.391	7.3485130E-001
0.392	7.3256350E-001
0.393	7.3022223E-001
0.394	7.2784555E-001
0.395	7.2537941E-001
0.396	7.2288865E-001
0.397	7.2030532E-001
0.398	7.1770144E-001
0.399	7.1505618E-001
0.4	7.1231854E-001
0.401	7.0953727E-001
0.402	7.0671570E-001
0.403	7.0378202E-001
0.404	7.0081526E-001
0.405	6.9773728E-001
0.406	6.9460624E-001
0.407	6.9141901E-001
0.408	6.8814451E-001
0.409	6.8475336E-001
0.41	6.7961955E-001
0.411	6.7606300E-001
0.412	6.7238915E-001
0.413	6.6867214E-001
0.414	6.6485804E-001
0.415	6.6088164E-001
0.416	6.5690899E-001
0.417	6.5280068E-001
0.418	6.4857805E-001
0.419	6.4212829E-001
0.42	6.3762999E-001
0.421	6.3308197E-001
0.422	6.2840307E-001
0.423	6.2361085E-001
0.424	6.1869901E-001
0.425	6.1121660E-001
0.426	6.0602552E-001
0.427	6.0071623E-001
0.428	5.9537065E-001
0.429	5.8987522E-001
0.43	5.8430630E-001
0.431	5.7583475E-001
0.432	5.7007921E-001
0.433	5.6455529E-001
0.434	5.6020302E-001
0.435	5.4558361E-001
0.436	5.3694230E-001
0.437	5.2841115E-001
0.438	5.1987350E-001
0.439	5.1125640E-001
0.44	4.9817732E-001
0.441	4.8931327E-001
0.442	4.8031878E-001
0.443	4.7121495E-001
0.444	4.5724899E-001
0.445	4.4777611E-001
0.446	4.3815345E-001
0.447	4.2346945E-001
0.448	4.1351411E-001
0.449	4.0341485E-001
0.45	3.9318031E-001
0.451	3.7764016E-001
0.452	3.6712661E-001
0.453	3.5656196E-001
0.454	3.4052682E-001
0.455	3.2977018E-001
0.456	3.1897005E-001
0.457	3.0272976E-001
0.458	2.9189041E-001
0.459	2.8108090E-001
0.46	2.6492965E-001
0.461	2.5424200E-001
0.462	2.4364510E-001
0.463	2.2795671E-001
0.464	2.1767545E-001
0.465	2.0256494E-001
0.466	1.9273065E-001
0.467	1.8311375E-001
0.468	1.6915025E-001
0.469	1.6016768E-001
0.47	1.5147001E-001
0.471	1.3901225E-001
0.472	1.3110761E-001
0.473	1.1990159E-001
0.474	1.1288526E-001
0.475	1.0305642E-001
0.476	9.6982695E-002
0.477	9.1295935E-002
0.478	8.3495662E-002
0.479	7.8794539E-002
0.48	7.2480075E-002
0.481	6.8737902E-002
0.482	6.3888565E-002
0.483	6.1100870E-002
0.484	5.7615448E-002
0.485	5.5716433E-002
0.486	5.3527009E-002
0.487	5.2459273E-002
0.488	5.1421802E-002
0.489	5.1080547E-002
0.49	5.1064998E-002
0.491	5.1350582E-002
0.492	5.2218929E-002
0.493	5.3044070E-002
0.494	5.4633193E-002
0.495	5.5891838E-002
0.496	5.8063265E-002
0.497	5.9669007E-002
0.498	6.2283617E-002
0.499	6.4139284E-002
0.5	6.7076623E-002
0.501	6.9106922E-002
0.502	7.2247513E-002
0.503	7.5465202E-002
0.504	7.7631481E-002
0.505	8.0901690E-002
0.506	8.3077006E-002
0.507	8.6324818E-002
0.508	8.8462584E-002
0.509	9.1623008E-002
0.51	9.4704300E-002
0.511	9.6706241E-002
0.512	9.9625707E-002
0.513	1.0149939E-001
0.514	1.0421517E-001
0.515	1.0679594E-001
0.516	1.0843495E-001
0.517	1.1077432E-001
0.518	1.1296536E-001
0.519	1.1433262E-001
0.52	1.1625315E-001
0.521	1.1801608E-001
0.522	1.1909465E-001
0.523	1.2058171E-001
0.524	1.2190420E-001
0.525	1.2269336E-001
0.526	1.2374502E-001
0.527	1.2463335E-001
0.528	1.2512988E-001
0.529	1.2574886E-001
0.53	1.2621546E-001
0.531	1.2644406E-001
0.532	1.2665215E-001
0.533	1.2672438E-001
0.534	1.2664433E-001
0.535	1.2650847E-001
0.536	1.2620431E-001
0.537	1.2576492E-001
0.538	1.2520035E-001
0.539	1.2474128E-001
0.54	1.2396486E-001
0.541	1.2307624E-001
0.542	1.2207811E-001
0.543	1.2134889E-001
0.544	1.2017295E-001
0.545	1.1889444E-001
0.546	1.1751730E-001
0.547	1.1605205E-001
0.548	1.1502360E-001
0.549	1.1341713E-001
0.55	1.1173505E-001
0.551	1.0997637E-001
0.552	1.0815119E-001
0.553	1.0689592E-001
0.554	1.0497040E-001
0.555	1.0297958E-001
0.556	1.0094427E-001
0.557	9.8857418E-002
0.558	9.6730329E-002
0.559	9.5288590E-002
0.56	9.3096711E-002
0.561	9.0873957E-002
0.562	8.8625692E-002
0.563	8.6355701E-002
0.564	8.4057637E-002
0.565	8.1746288E-002
0.566	7.9429097E-002
0.567	7.7101178E-002
0.568	7.5545438E-002
0.569	7.3211037E-002
0.57	7.0883401E-002
0.571	6.8558641E-002
0.572	6.6243835E-002
0.573	6.3942157E-002
0.574	6.1650746E-002
0.575	5.9381854E-002
0.576	5.7135303E-002
0.577	5.4913733E-002
0.578	5.2717578E-002
0.579	5.0552666E-002
0.58	4.8420358E-002
0.581	4.6323463E-002
0.582	4.4262663E-002
0.583	4.2241719E-002
0.584	4.0263351E-002
0.585	3.8328424E-002
0.586	3.7061598E-002
0.587	3.5203207E-002
0.588	3.3393741E-002
0.589	3.1633347E-002
0.59	2.9367892E-002
0.591	2.7729038E-002
0.592	2.6144058E-002
0.593	2.4613997E-002
0.594	2.3139535E-002
0.595	2.1721492E-002
0.596	2.0360680E-002
0.597	1.9057434E-002
0.598	1.7811909E-002
0.599	1.6624706E-002
0.6	1.5495961E-002
0.601	1.4425289E-002
0.602	1.3412917E-002
0.603	1.2458397E-002
0.604	1.1562414E-002
0.605	1.0723037E-002
0.606	9.9413693E-003
0.607	8.9874007E-003
0.608	8.3363121E-003
0.609	7.7408473E-003
0.61	7.1984218E-003
0.611	6.7088665E-003
0.612	6.2726508E-003
0.613	5.8874604E-003
0.614	5.5512032E-003
0.615	5.2649095E-003
0.616	4.9583996E-003
0.617	4.7816345E-003
0.618	4.6506533E-003
0.619	4.5621740E-003
0.62	4.5168684E-003
0.621	4.5112055E-003
0.622	4.5670425E-003
0.623	4.6521351E-003
0.624	4.7732652E-003
0.625	4.9295914E-003
0.626	5.1183878E-003
0.627	5.4204781E-003
0.628	5.6817178E-003
0.629	5.9703575E-003
0.63	6.2865852E-003
0.631	6.6275597E-003
0.632	7.1200491E-003
0.633	7.5150914E-003
0.634	7.9298662E-003
0.635	8.3642220E-003
0.636	8.9713456E-003
0.637	9.4446363E-003
0.638	9.9324035E-003
0.639	1.0433274E-002
0.64	1.1120400E-002
0.641	1.1646936E-002
0.642	1.2182438E-002
0.643	1.2725582E-002
0.644	1.3460808E-002
0.645	1.4017349E-002
0.646	1.4577774E-002
0.647	1.5330311E-002
0.648	1.5895518E-002
0.649	1.6461348E-002
0.65	1.7215494E-002
0.651	1.7778022E-002
0.652	1.8338550E-002
0.653	1.9080678E-002
0.654	1.9631315E-002
0.655	2.0176187E-002
0.656	2.0894140E-002
0.657	2.1423437E-002
0.658	2.1945000E-002
0.659	2.2627944E-002
0.66	2.3128880E-002
0.661	2.3619479E-002
0.662	2.4259092E-002
0.663	2.4725227E-002
0.664	2.5329987E-002
0.665	2.5767481E-002
0.666	2.6192969E-002
0.667	2.6741719E-002
0.668	2.7136058E-002
0.669	2.7643027E-002
0.67	2.8005155E-002
0.671	2.8467467E-002
0.672	2.8796099E-002
0.673	2.9110203E-002
0.674	2.9506991E-002
0.675	2.9785097E-002
0.676	3.0134799E-002
0.677	3.0377164E-002
0.678	3.0679286E-002
0.679	3.0885600E-002
0.68	3.1138338E-002
0.681	3.1308640E-002
0.682	3.1513128E-002
0.683	3.1646989E-002
0.684	3.1802371E-002
0.685	3.1900693E-002
0.686	3.2008495E-002
0.687	3.2070074E-002
0.688	3.2130923E-002
0.689	3.2157704E-002
0.69	3.2172978E-002
0.691	3.2164671E-002
0.692	3.2134999E-002
0.693	3.2094561E-002
0.694	3.2020327E-002
0.695	3.1946938E-002
0.696	3.1830750E-002
0.697	3.1727437E-002
0.698	3.1569876E-002
0.699	3.1390030E-002
0.7	3.1239687E-002
0.701	3.1022275E-002
0.702	3.0844731E-002
0.703	3.0591870E-002
0.704	3.0388437E-002
0.705	3.0101679E-002
0.706	2.9795995E-002
0.707	2.9554985E-002
0.708	2.9220067E-002
0.709	2.8955869E-002
0.71	2.8591968E-002
0.711	2.8212966E-002
0.712	2.7917858E-002
0.713	2.7514249E-002
0.714	2.7097709E-002
0.715	2.6775811E-002
0.716	2.6337419E-002
0.717	2.5887825E-002
0.718	2.5543362E-002
0.719	2.5077421E-002
0.72	2.4601517E-002
0.721	2.4237230E-002
0.722	2.3747509E-002
0.723	2.3251014E-002
0.724	2.2873893E-002
0.725	2.2366891E-002
0.726	2.1854321E-002
0.727	2.1337427E-002
0.728	2.0947387E-002
0.729	2.0424739E-002
0.73	1.9899691E-002
0.731	1.9503569E-002
0.732	1.8976048E-002
0.733	1.8448075E-002
0.734	1.7920589E-002
0.735	1.7523961E-002
0.736	1.6997049E-002
0.737	1.6472409E-002
0.738	1.5950095E-002
0.739	1.5559235E-002
0.74	1.5041830E-002
0.741	1.4528860E-002
0.742	1.4019767E-002
0.743	1.3515577E-002
0.744	1.3140066E-002
0.745	1.2645689E-002
0.746	1.2157485E-002
0.747	1.1675831E-002
0.748	1.1201345E-002
0.749	1.0734072E-002
0.75	1.0388426E-002
0.751	9.9353977E-003
0.752	9.4907526E-003
0.753	9.0548471E-003
0.754	8.6282259E-003
0.755	8.2111685E-003
0.756	7.9042558E-003
0.757	7.5043468E-003
0.758	7.1146642E-003
0.759	6.7354995E-003
0.76	6.3668899E-003
0.761	6.0093142E-003
0.762	5.6626890E-003
0.763	5.3273910E-003
0.764	5.0034258E-003
0.765	4.7676237E-003
0.766	4.4638589E-003
0.767	4.1717873E-003
0.768	3.8915493E-003
0.769	3.6231102E-003
0.77	3.3665500E-003
0.771	3.1218845E-003
0.772	2.8891824E-003
0.773	2.6685295E-003
0.774	2.4597289E-003
0.775	2.2628445E-003
0.776	2.0778035E-003
0.777	1.9046119E-003
0.778	1.7432404E-003
0.779	1.5934581E-003
0.78	1.4552142E-003
0.781	1.3285569E-003
0.782	1.2131344E-003
0.783	1.1090842E-003
0.784	1.0159613E-003
0.785	9.3391631E-004
0.786	8.6263160E-004
0.787	8.0183387E-004
0.788	7.5158192E-004
0.789	7.1159721E-004
0.79	6.8162516E-004
0.791	6.6152745E-004
0.792	6.5102894E-004
0.793	6.5010315E-004
0.794	6.5821054E-004
0.795	6.7531300E-004
0.796	7.0111005E-004
0.797	7.3552004E-004
0.798	7.7804434E-004
0.799	8.2870066E-004
0.8	8.8705576E-004
0.801	9.5280656E-004
0.802	1.0453337E-003
0.803	1.1270645E-003
0.804	1.2153222E-003
0.805	1.3100258E-003
0.806	1.4108177E-003
0.807	1.5174140E-003
0.808	1.6295728E-003
0.809	1.7470020E-003
0.81	1.9010182E-003
0.811	2.0293100E-003
0.812	2.1620335E-003
0.813	2.2988950E-003
0.814	2.4396151E-003
0.815	2.5839002E-003
0.816	2.7315526E-003
0.817	2.9206453E-003
0.818	3.0748274E-003
0.819	3.2314891E-003
0.82	3.3903946E-003
0.821	3.5512627E-003
0.822	3.7550719E-003
0.823	3.9194711E-003
0.824	4.0850746E-003
0.825	4.2517036E-003
0.826	4.4189747E-003
0.827	4.6290713E-003
0.828	4.7972440E-003
0.829	4.9653305E-003
0.83	5.1331795E-003
0.831	5.3427466E-003
0.832	5.5093728E-003
0.833	5.6751319E-003
0.834	5.8398456E-003
0.835	6.0443175E-003
0.836	6.2059667E-003
0.837	6.3659870E-003
0.838	6.5241666E-003
0.839	6.7195175E-003
0.84	6.8728002E-003
0.841	7.0239361E-003
0.842	7.2098635E-003
0.843	7.3550455E-003
0.844	7.4976515E-003
0.845	7.6720268E-003
0.846	7.8076795E-003
0.847	7.9403901E-003
0.848	8.1018526E-003
0.849	8.2270270E-003
0.85	8.3484054E-003
0.851	8.4955208E-003
0.852	8.6089438E-003
0.853	8.7182773E-003
0.854	8.8500166E-003
0.855	8.9504719E-003
0.856	9.0472233E-003
0.857	9.1623534E-003
0.858	9.2495074E-003
0.859	9.3531553E-003
0.86	9.4308415E-003
0.861	9.5042046E-003
0.862	9.5901024E-003
0.863	9.6537527E-003
0.864	9.7277528E-003
0.865	9.7815506E-003
0.866	9.8309098E-003
0.867	9.8866802E-003
0.868	9.9260984E-003
0.869	9.9698491E-003
0.87	9.9993888E-003
0.871	1.0030075E-002
0.872	1.0049700E-002
0.873	1.0065049E-002
0.874	1.0078414E-002
0.875	1.0084070E-002
0.876	1.0085479E-002
0.877	1.0081182E-002
0.878	1.0071061E-002
0.879	1.0057542E-002
0.88	1.0035527E-002
0.881	1.0012807E-002
0.882	9.9797053E-003
0.883	9.9485181E-003
0.884	9.9040661E-003
0.885	9.8644039E-003
0.886	9.8098423E-003
0.887	9.7615402E-003
0.888	9.6966447E-003
0.889	9.6407775E-003
0.89	9.5662288E-003
0.891	9.4868718E-003
0.892	9.4191311E-003
0.893	9.3305595E-003
0.894	9.2559764E-003
0.895	9.1593275E-003
0.896	9.0782735E-003
0.897	8.9734746E-003
0.898	8.8648051E-003
0.899	8.7744640E-003
0.9	8.6585516E-003
0.901	8.5628275E-003
0.902	8.4404349E-003
0.903	8.3146812E-003
0.904	8.2115652E-003
0.905	8.0802236E-003
0.906	7.9728635E-003
0.907	7.8365887E-003
0.908	7.6980172E-003
0.909	7.5847670E-003
0.91	7.4418806E-003
0.911	7.2969436E-003
0.912	7.1794339E-003
0.913	7.0310552E-003
0.914	6.8816794E-003
0.915	6.7605148E-003
0.916	6.6085914E-003
0.917	6.4553879E-003
0.918	6.3320980E-003
0.919	6.1775385E-003
0.92	6.0227429E-003
0.921	5.8980193E-003
0.922	5.7422733E-003
0.923	5.5865683E-003
0.924	5.4307580E-003
0.925	5.3061959E-003
0.926	5.1510450E-003
0.927	4.9962369E-003
0.928	4.8420234E-003
0.929	4.7191968E-003
0.93	4.5666415E-003
0.931	4.4150255E-003
0.932	4.2646043E-003
0.933	4.1449722E-003
0.934	3.9969645E-003
0.935	3.8506016E-003
0.936	3.7057966E-003
0.937	3.5910604E-003
0.938	3.4495166E-003
0.939	3.3100140E-003
0.94	3.1726286E-003
0.941	3.0373726E-003
0.942	2.9306668E-003
0.943	2.7995992E-003
0.944	2.6709954E-003
0.945	2.5449444E-003
0.946	2.4215379E-003
0.947	2.3008296E-003
0.948	2.2061388E-003
0.949	2.0905079E-003
0.95	1.9777950E-003
0.951	1.8680746E-003
0.952	1.7613685E-003
0.953	1.6577512E-003
0.954	1.5572937E-003
0.955	1.4790985E-003
0.956	1.3844178E-003
0.957	1.2929920E-003
0.958	1.2048690E-003
0.959	1.1200774E-003
0.96	1.0386341E-003
0.961	9.6058747E-004
0.962	8.8592258E-004
0.963	8.1469101E-004
0.964	7.4688427E-004
0.965	6.8252417E-004
0.966	6.3342886E-004
0.967	5.7524588E-004
0.968	5.2051287E-004
0.969	4.6922712E-004
0.97	4.2133604E-004
0.971	3.7684676E-004
0.972	3.3578242E-004
0.973	2.9809581E-004
0.974	2.6373152E-004
0.975	2.3272184E-004
0.976	2.0498056E-004
0.977	1.8053000E-004
0.978	1.5931642E-004
0.979	1.4126183E-004
0.98	1.2639472E-004
0.981	1.1464237E-004
0.982	1.0595333E-004
0.983	1.0025235E-004
0.984	9.7553995E-005
0.985	9.7779317E-005
0.986	1.0086803E-004
0.987	1.0675734E-004
0.988	1.1537284E-004
0.989	1.2671019E-004
0.99	1.4068329E-004
0.991	1.5721287E-004
0.992	1.8039448E-004
0.993	2.0235153E-004
0.994	2.2666137E-004
0.995	2.5325231E-004
0.996	2.8207886E-004
0.997	3.1303763E-004
0.998	3.4607493E-004
0.999	3.8112409E-004
1	4.1809614E-004
1.001	4.5691457E-004
1.002	4.9752812E-004
1.003	5.4855691E-004
1.004	5.9281115E-004
1.005	6.3860521E-004
1.006	6.8585901E-004
1.007	7.3450553E-004
1.008	7.8446360E-004
1.009	8.3564169E-004
1.01	8.9864020E-004
1.011	9.5226301E-004
1.012	1.0068751E-003
1.013	1.0623798E-003
1.014	1.1187416E-003
1.015	1.1758575E-003
1.016	1.2453656E-003
1.017	1.3039147E-003
1.018	1.3629453E-003
1.019	1.4224243E-003
1.02	1.4823175E-003
1.021	1.5546334E-003
1.022	1.6151206E-003
1.023	1.6757266E-003
1.024	1.7363928E-003
1.025	1.8094075E-003
1.026	1.8700403E-003
1.027	1.9305423E-003
1.028	1.9908620E-003
1.029	2.0630730E-003
1.03	2.1227398E-003
1.031	2.1820483E-003
1.032	2.2409339E-003
1.033	2.3110125E-003
1.034	2.3687114E-003
1.035	2.4257838E-003
1.036	2.4935107E-003
1.037	2.5490366E-003
1.038	2.6037805E-003
1.039	2.6576952E-003
1.04	2.7212952E-003
1.041	2.7732037E-003
1.042	2.8241696E-003
1.043	2.8840022E-003
1.044	2.9326470E-003
1.045	2.9801428E-003
1.046	3.0358203E-003
1.047	3.0808193E-003
1.048	3.1245172E-003
1.049	3.1755287E-003
1.05	3.2164564E-003
1.051	3.2640297E-003
1.052	3.3020554E-003
1.053	3.3386759E-003
1.054	3.3810204E-003
1.055	3.4145610E-003
1.056	3.4466707E-003
1.057	3.4834957E-003
1.058	3.5123758E-003
1.059	3.5452289E-003
1.06	3.5707939E-003
1.061	3.5948707E-003
1.062	3.6219493E-003
1.063	3.6426443E-003
1.064	3.6655304E-003
1.065	3.6811149E-003
1.066	3.7002256E-003
1.067	3.7141754E-003
1.068	3.7290868E-003
1.069	3.7397095E-003
1.07	3.7504993E-003
1.071	3.7577001E-003
1.072	3.7633397E-003
1.073	3.7682126E-003
1.074	3.7704010E-003
1.075	3.7712522E-003
1.076	3.7701745E-003
1.077	3.7670583E-003
1.078	3.7625902E-003
1.079	3.7556055E-003
1.08	3.7480099E-003
1.081	3.7371747E-003
1.082	3.7243103E-003
1.083	3.7117684E-003
1.084	3.6952540E-003
1.085	3.6798394E-003
1.086	3.6597687E-003
1.087	3.6413320E-003
1.088	3.6178310E-003
1.089	3.5967610E-003
1.09	3.5699189E-003
1.091	3.5460852E-003
1.092	3.5162026E-003
1.093	3.4846731E-003
1.094	3.4568836E-003
1.095	3.4224556E-003
1.096	3.3924878E-003
1.097	3.3552400E-003
1.098	3.3166064E-003
1.099	3.2832262E-003
1.1	3.2421232E-003
1.101	3.2067935E-003
1.102	3.1634013E-003
1.103	3.1189187E-003
1.104	3.0807492E-003
1.105	3.0342641E-003
1.106	2.9866970E-003
1.107	2.9462180E-003
1.108	2.8969389E-003
1.109	2.8468189E-003
1.11	2.8043340E-003
1.111	2.7527343E-003
1.112	2.7005668E-003
1.113	2.6564640E-003
1.114	2.6030997E-003
1.115	2.5492250E-003
1.116	2.5038233E-003
1.117	2.4490980E-003
1.118	2.3940494E-003
1.119	2.3386013E-003
1.12	2.2921562E-003
1.121	2.2363109E-003
1.122	2.1803046E-003
1.123	2.1334754E-003
1.124	2.0772815E-003
1.125	2.0211432E-003
1.126	1.9649817E-003
1.127	1.9181827E-003
1.128	1.8622656E-003
1.129	1.8065459E-003
1.13	1.7510072E-003
1.131	1.6957875E-003
1.132	1.6499199E-003
1.133	1.5952967E-003
1.134	1.5411299E-003
1.135	1.4873832E-003
1.136	1.4341370E-003
1.137	1.3901165E-003
1.138	1.3379232E-003
1.139	1.2863362E-003
1.14	1.2353860E-003
1.141	1.1851278E-003
1.142	1.1437616E-003
1.143	1.0948512E-003
1.144	1.0467725E-003
1.145	9.9950400E-004
1.146	9.5309649E-004
1.147	9.0756849E-004
1.148	8.6296228E-004
1.149	8.2646741E-004
1.15	7.8362168E-004
1.151	7.4176659E-004
1.152	7.0094032E-004
1.153	6.6114531E-004
1.154	6.2242273E-004
1.155	5.8477931E-004
1.156	5.4823043E-004
1.157	5.1281211E-004
1.158	4.8413491E-004
1.159	4.5081376E-004
1.16	4.1865883E-004
1.161	3.8767906E-004
1.162	3.5789088E-004
1.163	3.2930233E-004
1.164	3.0192162E-004
1.165	2.7575414E-004
1.166	2.5081009E-004
1.167	2.2709605E-004
1.168	2.0460894E-004
1.169	1.8336262E-004
1.17	1.6334634E-004
1.171	1.4456650E-004
1.172	1.2702290E-004
1.173	1.1071572E-004
1.174	9.5632706E-005
1.175	8.1774560E-005
1.176	6.9144458E-005
1.177	5.7723766E-005
1.178	4.7509224E-005
1.179	3.8490940E-005
1.18	3.0664160E-005
1.181	2.4012030E-005
1.182	1.8526136E-005
1.183	1.4197794E-005
1.184	1.1010158E-005
1.185	8.9463356E-006
1.186	7.9963647E-006
1.187	8.1417520E-006
1.188	9.3645422E-006
1.189	1.1650902E-005
1.19	1.4977090E-005
1.191	2.0162506E-005
1.192	2.5687041E-005
1.193	3.2190568E-005
1.194	3.9656530E-005
1.195	4.8061458E-005
1.196	5.7383801E-005
1.197	6.7597073E-005
1.198	7.8682322E-005
1.199	9.0615722E-005
1.2	1.0558603E-004
1.201	1.1927129E-004
1.202	1.3372340E-004
1.203	1.4892319E-004
1.204	1.6483844E-004
1.205	1.8144659E-004
1.206	1.9871953E-004
1.207	2.1969502E-004
1.208	2.3831970E-004
1.209	2.5752833E-004
1.21	2.7728852E-004
1.211	2.9757962E-004
1.212	3.1836235E-004
1.213	3.4323410E-004
1.214	3.6500828E-004
1.215	3.8719410E-004
1.216	4.0977102E-004
1.217	4.3657946E-004
1.218	4.5988252E-004
1.219	4.8349283E-004
1.22	5.0737255E-004
1.221	5.3149421E-004
1.222	5.5993872E-004
1.223	5.8450329E-004
1.224	6.0920126E-004
1.225	6.3405297E-004
1.226	6.6320930E-004
1.227	6.8825542E-004
1.228	7.1333296E-004
1.229	7.4268028E-004
1.23	7.6777360E-004
1.231	7.9285516E-004
1.232	8.1788801E-004
1.233	8.4702164E-004
1.234	8.7185734E-004
1.235	8.9655706E-004
1.236	9.2521246E-004
1.237	9.4955921E-004
1.238	9.7368495E-004
1.239	1.0016059E-003
1.24	1.0252459E-003
1.241	1.0486261E-003
1.242	1.0755659E-003
1.243	1.0982773E-003
1.244	1.1206826E-003
1.245	1.1464274E-003
1.246	1.1680338E-003
1.247	1.1892952E-003
1.248	1.2136116E-003
1.249	1.2339783E-003
1.25	1.2572376E-003
1.251	1.2766138E-003
1.252	1.2955345E-003
1.253	1.3170678E-003
1.254	1.3349629E-003
1.255	1.3552260E-003
1.256	1.3719796E-003
1.257	1.3881924E-003
1.258	1.4065047E-003
1.259	1.4215702E-003
1.26	1.4384593E-003
1.261	1.4522454E-003
1.262	1.4677010E-003
1.263	1.4802533E-003
1.264	1.4921833E-003
1.265	1.5054180E-003
1.266	1.5159979E-003
1.267	1.5276883E-003
1.268	1.5369939E-003
1.269	1.5471113E-003
1.27	1.5550294E-003
1.271	1.5635585E-003
1.272	1.5700718E-003
1.273	1.5770386E-003
1.274	1.5822102E-003
1.275	1.5875008E-003
1.276	1.5912862E-003
1.277	1.5950014E-003
1.278	1.5974679E-003
1.279	1.5995458E-003
1.28	1.6006031E-003
1.281	1.6011343E-003
1.282	1.6007797E-003
1.283	1.5998058E-003
1.284	1.5978928E-003
1.285	1.5955567E-003
1.286	1.5921299E-003
1.287	1.5884925E-003
1.288	1.5835930E-003
1.289	1.5779249E-003
1.29	1.5723356E-003
1.291	1.5651941E-003
1.292	1.5584120E-003
1.293	1.5498594E-003
1.294	1.5406032E-003
1.295	1.5320312E-003
1.296	1.5214335E-003
1.297	1.5117407E-003
1.298	1.4998966E-003
1.299	1.4873659E-003
1.3	1.4760731E-003
1.301	1.4623909E-003
1.302	1.4480609E-003
1.303	1.4352388E-003
1.304	1.4198708E-003
1.305	1.4038937E-003
1.306	1.3897137E-003
1.307	1.3727895E-003
1.308	1.3553498E-003
1.309	1.3399719E-003
1.31	1.3216650E-003
1.311	1.3028892E-003
1.312	1.2863926E-003
1.313	1.2668786E-003
1.314	1.2469443E-003
1.315	1.2266593E-003
1.316	1.2089572E-003
1.317	1.1880443E-003
1.318	1.1668390E-003
1.319	1.1483912E-003
1.32	1.1266510E-003
1.321	1.1047195E-003
1.322	1.0825444E-003
1.323	1.0633264E-003
1.324	1.0408146E-003
1.325	1.0181362E-003
1.326	9.9529384E-004
1.327	9.7235962E-004
1.328	9.5259218E-004
1.329	9.2949817E-004
1.33	9.0634369E-004
1.331	8.8317512E-004
1.332	8.5996359E-004
1.333	8.4003841E-004
1.334	8.1687642E-004
1.335	7.9374888E-004
1.336	7.7067164E-004
1.337	7.4767525E-004
1.338	7.2802859E-004
1.339	7.0523896E-004
1.34	6.8257487E-004
1.341	6.6007522E-004
1.342	6.3772855E-004
1.343	6.1559165E-004
1.344	5.9364870E-004
1.345	5.7499233E-004
1.346	5.5347977E-004
1.347	5.3221028E-004
1.348	5.1121280E-004
1.349	4.9047894E-004
1.35	4.7005736E-004
1.351	4.4992994E-004
1.352	4.3013605E-004
1.353	4.1068409E-004
1.354	3.9156864E-004
1.355	3.7546616E-004
1.356	3.5703075E-004
1.357	3.3898727E-004
1.358	3.2134159E-004
1.359	3.0409481E-004
1.36	2.8726284E-004
1.361	2.7085244E-004
1.362	2.5487275E-004
1.363	2.3934321E-004
1.364	2.2426035E-004
1.365	2.0963611E-004
1.366	1.9547109E-004
1.367	1.8177750E-004
1.368	1.6856627E-004
1.369	1.5582913E-004
1.37	1.4358175E-004
1.371	1.3182701E-004
1.372	1.2056731E-004
1.373	1.0980712E-004
1.374	9.9548255E-005
1.375	8.9794841E-005
1.376	8.0549282E-005
1.377	7.1811264E-005
1.378	6.3582862E-005
1.379	5.5865061E-005
1.38	4.8658119E-005
1.381	4.1961925E-005
1.382	3.5774850E-005
1.383	3.0096831E-005
1.384	2.4926409E-005
1.385	2.0260601E-005
1.386	1.5543912E-005
1.387	1.1951206E-005
1.388	8.8547031E-006
1.389	6.2511945E-006
1.39	4.1360072E-006
1.391	2.5049624E-006
1.392	1.3526698E-006
1.393	6.7434058E-007
1.394	4.6486838E-007
1.395	7.1750588E-007
1.396	1.5628066E-006
1.397	2.7850117E-006
1.398	4.4495741E-006
1.399	6.5483555E-006
1.4	9.0752983E-006
1.401	1.2020289E-005
1.402	1.5632535E-005
1.403	1.9420717E-005
1.404	2.3603732E-005
1.405	2.8168037E-005
1.406	3.3110660E-005
1.407	3.8421389E-005
1.408	4.4926244E-005
1.409	5.0988263E-005
1.41	5.7383928E-005
1.411	6.4110529E-005
1.412	7.1149814E-005
1.413	7.9572274E-005
1.414	8.7257118E-005
1.415	9.5221265E-005
1.416	1.0345260E-004
1.417	1.1318874E-004
1.418	1.2197061E-004
1.419	1.3098880E-004
1.42	1.4023119E-004
1.421	1.5106540E-004
1.422	1.6075668E-004
1.423	1.7063667E-004
1.424	1.8069672E-004
1.425	1.9240865E-004
1.426	2.0281364E-004
1.427	2.1335317E-004
1.428	2.2403171E-004
1.429	2.3639578E-004
1.43	2.4731955E-004
1.431	2.5833858E-004
1.432	2.7104031E-004
1.433	2.8222770E-004
1.434	2.9347467E-004
1.435	3.0640585E-004
1.436	3.1774561E-004
1.437	3.2911211E-004
1.438	3.4212798E-004
1.439	3.5351529E-004
1.44	3.6489355E-004
1.441	3.7788486E-004
1.442	3.8920948E-004
1.443	4.0212579E-004
1.444	4.1335754E-004
1.445	4.2452646E-004
1.446	4.3721369E-004
1.447	4.4821866E-004
1.448	4.5913339E-004
1.449	4.7149518E-004
1.45	4.8217110E-004
1.451	4.9426267E-004
1.452	5.0468423E-004
1.453	5.1644078E-004
1.454	5.2655599E-004
1.455	5.3652155E-004
1.456	5.4772553E-004
1.457	5.5731577E-004
1.458	5.6810951E-004
1.459	5.7732314E-004
1.46	5.8763399E-004
1.461	5.9641449E-004
1.462	6.0624623E-004
1.463	6.1459234E-004
1.464	6.2387704E-004
1.465	6.3173287E-004
1.466	6.4045982E-004
1.467	6.4782856E-004
1.468	6.5597071E-004
1.469	6.6281675E-004
1.47	6.6941517E-004
1.471	6.7666249E-004
1.472	6.8356912E-004
1.473	6.8929495E-004
1.474	6.9555297E-004
1.475	7.0074596E-004
1.476	7.0634269E-004
1.477	7.1091315E-004
1.478	7.1583712E-004
1.479	7.1982207E-004
1.48	7.2406343E-004
1.481	7.2743552E-004
1.482	7.3098164E-004
1.483	7.3415245E-004
1.484	7.3658966E-004
1.485	7.3906372E-004
1.486	7.4090355E-004
1.487	7.4268819E-004
1.488	7.4408861E-004
1.489	7.4497209E-004
1.49	7.4568391E-004
1.491	7.4598007E-004
1.492	7.4600370E-004
1.493	7.4565707E-004
1.494	7.4501650E-004
1.495	7.4399490E-004
1.496	7.4261235E-004
1.497	7.4109982E-004
1.498	7.3906220E-004
1.499	7.3695433E-004
1.5	7.3426258E-004
1.501	7.3124794E-004
1.502	7.2828913E-004
1.503	7.2464877E-004
1.504	7.2068605E-004
1.505	7.1640353E-004
1.506	7.1236468E-004
1.507	7.0750900E-004
1.508	7.0232869E-004
1.509	6.9755816E-004
1.51	6.9185777E-004
1.511	6.8587391E-004
1.512	6.7959737E-004
1.513	6.7387958E-004
1.514	6.6713494E-004
1.515	6.6013745E-004
1.516	6.5378263E-004
1.517	6.4633531E-004
1.518	6.3864590E-004
1.519	6.3076604E-004
1.52	6.2365364E-004
1.521	6.1535550E-004
1.522	6.0687930E-004
1.523	5.9821625E-004
1.524	5.8938062E-004
1.525	5.8147230E-004
1.526	5.7232002E-004
1.527	5.6301185E-004
1.528	5.5356923E-004
1.529	5.4398651E-004
1.53	5.3547084E-004
1.531	5.2565656E-004
1.532	5.1574444E-004
1.533	5.0572515E-004
1.534	4.9562415E-004
1.535	4.8543498E-004
1.536	4.7645191E-004
1.537	4.6614950E-004
1.538	4.5579026E-004
1.539	4.4537886E-004
1.54	4.3493544E-004
1.541	4.2446534E-004
1.542	4.1398019E-004
1.543	4.0478248E-004
1.544	3.9428199E-004
1.545	3.8379480E-004
1.546	3.7332045E-004
1.547	3.6286472E-004
1.548	3.5245359E-004
1.549	3.4207385E-004
1.55	3.3175407E-004
1.551	3.2148266E-004
1.552	3.1128334E-004
1.553	3.0114953E-004
1.554	2.9110047E-004
1.555	2.8236757E-004
1.556	2.7248671E-004
1.557	2.6271259E-004
1.558	2.5303857E-004
1.559	2.4349037E-004
1.56	2.3405610E-004
1.561	2.2475528E-004
1.562	2.1558600E-004
1.563	2.0655405E-004
1.564	1.9767359E-004
1.565	1.8894722E-004
1.566	1.8037329E-004
1.567	1.7197069E-004
1.568	1.6373096E-004
1.569	1.5567092E-004
1.57	1.4778374E-004
1.571	1.4008139E-004
1.572	1.3256485E-004
1.573	1.2524436E-004
1.574	1.1811744E-004
1.575	1.1119092E-004
1.576	1.0446428E-004
1.577	9.7146753E-005
1.578	9.0864385E-005
1.579	8.4793661E-005
1.58	7.8938931E-005
1.581	7.3299547E-005
1.582	6.7883047E-005
1.583	6.2686850E-005
1.584	5.7717760E-005
1.585	5.2969735E-005
1.586	4.8452413E-005
1.587	4.4161377E-005
1.588	4.0101335E-005
1.589	3.5806199E-005
1.59	3.2233718E-005
1.591	2.8892939E-005
1.592	2.5783447E-005
1.593	2.3076711E-005
1.594	2.0415293E-005
1.595	1.7981654E-005
1.596	1.5518870E-005
1.597	1.3574936E-005
1.598	1.1858406E-005
1.599	1.0368504E-005
1.6	9.1038200E-006
1.601	8.0632863E-006
1.602	7.1547643E-006
1.603	6.5856038E-006
1.604	6.2328877E-006
1.605	6.0960401E-006
1.606	6.1723163E-006
1.607	6.5085428E-006
1.608	7.0302776E-006
1.609	7.7563673E-006
1.61	8.6850559E-006
1.611	9.8117962E-006
1.612	1.1312703E-005
1.613	1.2851713E-005
1.614	1.4579014E-005
1.615	1.6490667E-005
1.616	1.8854600E-005
1.617	2.1146185E-005
1.618	2.3610079E-005
1.619	2.6242365E-005
1.62	2.9397192E-005
1.621	3.2373671E-005
1.622	3.5504308E-005
1.623	3.9207120E-005
1.624	4.2652318E-005
1.625	4.6239027E-005
1.626	4.9960472E-005
1.627	5.4303509E-005
1.628	5.8298043E-005
1.629	6.2414576E-005
1.63	6.7182111E-005
1.631	7.1538576E-005
1.632	7.6001241E-005
1.633	8.1143720E-005
1.634	8.5811938E-005
1.635	9.1171831E-005
1.636	9.6024683E-005
1.637	1.0095573E-004
1.638	1.0659605E-004
1.639	1.1167678E-004
1.64	1.1681517E-004
1.641	1.2266963E-004
1.642	1.2792785E-004
1.643	1.3323147E-004
1.644	1.3924888E-004
1.645	1.4463406E-004
1.646	1.5073517E-004
1.647	1.5617206E-004
1.648	1.6232011E-004
1.649	1.6779732E-004
1.65	1.7328253E-004
1.651	1.7946826E-004
1.652	1.8494944E-004
1.653	1.9112532E-004
1.654	1.9659185E-004
1.655	2.0272007E-004
1.656	2.0814750E-004
1.657	2.1423175E-004
1.658	2.1958919E-004
1.659	2.2558580E-004
1.66	2.3086717E-004
1.661	2.3610448E-004
1.662	2.4194153E-004
1.663	2.4706905E-004
1.664	2.5277014E-004
1.665	2.5776750E-004
1.666	2.6331941E-004
1.667	2.6816921E-004
1.668	2.7354705E-004
1.669	2.7882299E-004
1.67	2.8341994E-004
1.671	2.8849510E-004
1.672	2.9289481E-004
1.673	2.9775489E-004
1.674	3.0196385E-004
1.675	3.0658915E-004
1.676	3.1058645E-004
1.677	3.1496436E-004
1.678	3.1872449E-004
1.679	3.2285100E-004
1.68	3.2682755E-004
1.681	3.3022283E-004
1.682	3.3392024E-004
1.683	3.3706980E-004
1.684	3.4047803E-004
1.685	3.4373099E-004
1.686	3.4647775E-004
1.687	3.4943072E-004
1.688	3.5189919E-004
1.689	3.5453856E-004
1.69	3.5701552E-004
1.691	3.5906403E-004
1.692	3.6122644E-004
1.693	3.6321158E-004
1.694	3.6481436E-004
1.695	3.6648300E-004
1.696	3.6797562E-004
1.697	3.6914539E-004
1.698	3.7030285E-004
1.699	3.7129564E-004
1.7	3.7203089E-004
1.701	3.7269609E-004
1.702	3.7319135E-004
1.703	3.7346280E-004
1.704	3.7363396E-004
1.705	3.7363029E-004
1.706	3.7345916E-004
1.707	3.7314481E-004
1.708	3.7265301E-004
1.709	3.7199675E-004
1.71	3.7125370E-004
1.711	3.7028844E-004
1.712	3.6915802E-004
1.713	3.6786895E-004
1.714	3.6657203E-004
1.715	3.6498546E-004
1.716	3.6324773E-004
1.717	3.6136090E-004
1.718	3.5931412E-004
1.719	3.5736713E-004
1.72	3.5505532E-004
1.721	3.5259363E-004
1.722	3.5000322E-004
1.723	3.4727779E-004
1.724	3.4473493E-004
1.725	3.4175449E-004
1.726	3.3865773E-004
1.727	3.3543864E-004
1.728	3.3210110E-004
1.729	3.2901889E-004
1.73	3.2546738E-004
1.731	3.2180687E-004
1.732	3.1825059E-004
1.733	3.1438412E-004
1.734	3.1042926E-004
1.735	3.0636947E-004
1.736	3.0268391E-004
1.737	2.9846988E-004
1.738	2.9417343E-004
1.739	2.8979065E-004
1.74	2.8534536E-004
1.741	2.8082827E-004
1.742	2.7624515E-004
1.743	2.7159957E-004
1.744	2.6741013E-004
1.745	2.6266486E-004
1.746	2.5786969E-004
1.747	2.5303097E-004
1.748	2.4814435E-004
1.749	2.4322995E-004
1.75	2.3828463E-004
1.751	2.3330288E-004
1.752	2.2830504E-004
1.753	2.2328338E-004
1.754	2.1824890E-004
1.755	2.1320616E-004
1.756	2.0815032E-004
1.757	2.0309955E-004
1.758	1.9804707E-004
1.759	1.9299470E-004
1.76	1.8795799E-004
1.761	1.8293069E-004
1.762	1.7792123E-004
1.763	1.7293666E-004
1.764	1.6796999E-004
1.765	1.6303459E-004
1.766	1.5813102E-004
1.767	1.5326543E-004
1.768	1.4843924E-004
1.769	1.4365213E-004
1.77	1.3891066E-004
1.771	1.3422314E-004
1.772	1.2958708E-004
1.773	1.2500724E-004
1.774	1.2048212E-004
1.775	1.1601893E-004
1.776	1.1162565E-004
1.777	1.0729624E-004
1.778	1.0303994E-004
1.779	9.8398537E-005
1.78	9.4299663E-005
1.781	9.0277892E-005
1.782	8.6337110E-005
1.783	8.2482555E-005
1.784	7.8711142E-005
1.785	7.5028955E-005
1.786	7.1434413E-005
1.787	6.7932582E-005
1.788	6.4156477E-005
1.789	6.0855185E-005
1.79	5.7651090E-005
1.791	5.4547902E-005
1.792	5.1545423E-005
1.793	4.8642771E-005
1.794	4.5843186E-005
1.795	4.2856125E-005
1.796	4.0278675E-005
1.797	3.7808488E-005
1.798	3.5445319E-005
1.799	3.3192424E-005
1.8	3.0812054E-005
1.801	2.8788301E-005
1.802	2.6876654E-005
1.803	2.5072335E-005
1.804	2.3379414E-005
1.805	2.1628448E-005
1.806	2.0170128E-005
1.807	1.8822549E-005
1.808	1.7586093E-005
1.809	1.6343427E-005
1.81	1.5340720E-005
1.811	1.4449080E-005
1.812	1.3668178E-005
1.813	1.2925084E-005
1.814	1.2372471E-005
1.815	1.1929510E-005
1.816	1.1593717E-005
1.817	1.1341544E-005
1.818	1.1228994E-005
1.819	1.1219322E-005
1.82	1.1326911E-005
1.821	1.1535724E-005
1.822	1.1842762E-005
1.823	1.2249423E-005
1.824	1.2815039E-005
1.825	1.3426326E-005
1.826	1.4132275E-005
1.827	1.5025133E-005
1.828	1.5927237E-005
1.829	1.6917871E-005
1.83	1.8120982E-005
1.831	1.9294437E-005
1.832	2.0550959E-005
1.833	2.2043154E-005
1.834	2.3471475E-005
1.835	2.5146897E-005
1.836	2.6738453E-005
1.837	2.8400940E-005
1.838	3.0330100E-005
1.839	3.2143038E-005
1.84	3.4230539E-005
1.841	3.6178557E-005
1.842	3.8189526E-005
1.843	4.0491424E-005
1.844	4.2623582E-005
1.845	4.4931774E-005
1.846	4.7172292E-005
1.847	4.9464768E-005
1.848	5.2063177E-005
1.849	5.4448927E-005
1.85	5.7151221E-005
1.851	5.9623348E-005
1.852	6.2410487E-005
1.853	6.4955086E-005
1.854	6.7821806E-005
1.855	7.0429378E-005
1.856	7.3358598E-005
1.857	7.6019242E-005
1.858	7.8999357E-005
1.859	8.1700397E-005
1.86	8.4722502E-005
1.861	8.7452012E-005
1.862	9.0496469E-005
1.863	9.3247298E-005
1.864	9.6309253E-005
1.865	9.9062629E-005
1.866	1.0212901E-004
1.867	1.0488282E-004
1.868	1.0793679E-004
1.869	1.1067637E-004
1.87	1.1371470E-004
1.871	1.1643241E-004
1.872	1.1943514E-004
1.873	1.2241989E-004
1.874	1.2508057E-004
1.875	1.2801457E-004
1.876	1.3063013E-004
1.877	1.3350724E-004
1.878	1.3634929E-004
1.879	1.3887147E-004
1.88	1.4164126E-004
1.881	1.4409654E-004
1.882	1.4678143E-004
1.883	1.4942358E-004
1.884	1.5175217E-004
1.885	1.5429602E-004
1.886	1.5653696E-004
1.887	1.5897829E-004
1.888	1.6135919E-004
1.889	1.6344896E-004
1.89	1.6572008E-004
1.891	1.6792535E-004
1.892	1.6984523E-004
1.893	1.7192372E-004
1.894	1.7393683E-004
1.895	1.7567683E-004
1.896	1.7755527E-004
1.897	1.7935883E-004
1.898	1.8091318E-004
1.899	1.8257390E-004
1.9	1.8416239E-004
1.901	1.8566784E-004
1.902	1.8695118E-004
1.903	1.8830817E-004
1.904	1.8958250E-004
1.905	1.9065767E-004
1.906	1.9177808E-004
1.907	1.9281769E-004
1.908	1.9377602E-004
1.909	1.9455494E-004
1.91	1.9535622E-004
1.911	1.9606903E-004
1.912	1.9669659E-004
1.913	1.9718832E-004
1.914	1.9765303E-004
1.915	1.9803795E-004
1.916	1.9833870E-004
1.917	1.9855189E-004
1.918	1.9866662E-004
1.919	1.9872258E-004
1.92	1.9869248E-004
1.921	1.9857929E-004
1.922	1.9838667E-004
1.923	1.9810993E-004
1.924	1.9778727E-004
1.925	1.9735575E-004
1.926	1.9684830E-004
1.927	1.9625912E-004
1.928	1.9559400E-004
1.929	1.9484745E-004
1.93	1.9410392E-004
1.931	1.9321934E-004
1.932	1.9225488E-004
1.933	1.9122130E-004
1.934	1.9011724E-004
1.935	1.8893569E-004
1.936	1.8769171E-004
1.937	1.8637918E-004
1.938	1.8513236E-004
1.939	1.8376546E-004
1.94	1.8226571E-004
1.941	1.8070756E-004
1.942	1.7909080E-004
1.943	1.7741078E-004
1.944	1.7567691E-004
1.945	1.7388721E-004
1.946	1.7204003E-004
1.947	1.7014900E-004
1.948	1.6820345E-004
1.949	1.6621129E-004
1.95	1.6417235E-004
1.951	1.6209383E-004
1.952	1.5997150E-004
1.953	1.5780599E-004
1.954	1.5560255E-004
1.955	1.5336683E-004
1.956	1.5109194E-004
1.957	1.4878855E-004
1.958	1.4645481E-004
1.959	1.4409120E-004
1.96	1.4170405E-004
1.961	1.3929061E-004
1.962	1.3685653E-004
1.963	1.3440088E-004
1.964	1.3192928E-004
1.965	1.2944061E-004
1.966	1.2694018E-004
1.967	1.2442803E-004
1.968	1.2190481E-004
1.969	1.1937454E-004
1.97	1.1683661E-004
1.971	1.1429668E-004
1.972	1.1175529E-004
1.973	1.0921414E-004
1.974	1.0667431E-004
1.975	1.0413909E-004
1.976	1.0161180E-004
1.977	9.8841265E-005
1.978	9.6331183E-005
1.979	9.3833696E-005
1.98	9.1350863E-005
1.981	8.8880952E-005
1.982	8.6429071E-005
1.983	8.3998515E-005
1.984	8.1586870E-005
1.985	7.8963130E-005
1.986	7.6602686E-005
1.987	7.4265670E-005
1.988	7.1955947E-005
1.989	6.9676382E-005
1.99	6.7427114E-005
1.991	6.5207874E-005
1.992	6.2809362E-005
1.993	6.0662253E-005
1.994	5.8553091E-005
1.995	5.6481713E-005
1.996	5.4447337E-005
1.997	5.2258521E-005
1.998	5.0310158E-005
1.999	4.8405374E-005
2	4.6543562E-005
2.001	4.4727291E-005
2.002	4.2778600E-005
2.003	4.1058440E-005
2.004	3.9386432E-005
2.005	3.7761929E-005
2.006	3.6031324E-005
2.007	3.4510897E-005
2.008	3.3040909E-005
2.009	3.1622756E-005
2.01	3.0120778E-005
2.011	2.8811792E-005
2.012	2.7556722E-005
2.013	2.6235826E-005
2.014	2.5093765E-005
2.015	2.4006005E-005
2.016	2.2971521E-005
2.017	2.1897187E-005
2.018	2.0979602E-005
2.019	2.0116600E-005
2.02	1.9231347E-005
2.021	1.8485960E-005
2.022	1.7829441E-005
2.023	1.7130276E-005
2.024	1.6554779E-005
2.025	1.6034246E-005
2.026	1.5524382E-005
2.027	1.5120148E-005
2.028	1.4771229E-005
2.029	1.4449369E-005
2.03	1.4213890E-005
2.031	1.4016187E-005
2.032	1.3894784E-005
2.033	1.3826354E-005
2.034	1.3810075E-005
2.035	1.3851774E-005
2.036	1.3944463E-005
2.037	1.4103989E-005
2.038	1.4302339E-005
2.039	1.4577427E-005
2.04	1.4879619E-005
2.041	1.5265312E-005
2.042	1.5668198E-005
2.043	1.6117267E-005
2.044	1.6661845E-005
2.045	1.7205482E-005
2.046	1.7852411E-005
2.047	1.8485496E-005
2.048	1.9231527E-005
2.049	1.9952742E-005
2.05	2.0791009E-005
2.051	2.1593831E-005
2.052	2.2519866E-005
2.053	2.3401708E-005
2.054	2.4409286E-005
2.055	2.5364416E-005
2.056	2.6451018E-005
2.057	2.7472346E-005
2.058	2.8632594E-005
2.059	2.9716648E-005
2.06	3.0943080E-005
2.061	3.2086311E-005
2.062	3.3371245E-005
2.063	3.4567398E-005
2.064	3.5908288E-005
2.065	3.7150210E-005
2.066	3.8540114E-005
2.067	3.9824245E-005
2.068	4.1256855E-005
2.069	4.2709537E-005
2.07	4.4045719E-005
2.071	4.5532575E-005
2.072	4.6898429E-005
2.073	4.8411319E-005
2.074	4.9797804E-005
2.075	5.1334027E-005
2.076	5.2877222E-005
2.077	5.4286633E-005
2.078	5.5844659E-005
2.079	5.7262394E-005
2.08	5.8824280E-005
2.081	6.0389819E-005
2.082	6.1809696E-005
2.083	6.3370433E-005
2.084	6.4929809E-005
2.085	6.6340384E-005
2.086	6.7885507E-005
2.087	6.9425478E-005
2.088	7.0814909E-005
2.089	7.2332128E-005
2.09	7.3840965E-005
2.091	7.5196971E-005
2.092	7.6673939E-005
2.093	7.8137884E-005
2.094	7.9451136E-005
2.095	8.0877107E-005
2.096	8.2222752E-005
2.097	8.3608924E-005
2.098	8.4848361E-005
2.099	8.6190492E-005
2.1	8.7508568E-005
2.101	8.8679961E-005
2.102	8.9945803E-005
2.103	9.1184564E-005
2.104	9.2395203E-005
2.105	9.3466289E-005
2.106	9.4617055E-005
2.107	9.5735399E-005
2.108	9.6820826E-005
2.109	9.7874261E-005
2.11	9.8798293E-005
2.111	9.9781129E-005
2.112	1.0073223E-004
2.113	1.0164329E-004
2.114	1.0243750E-004
2.115	1.0328105E-004
2.116	1.0408231E-004
2.117	1.0484579E-004
2.118	1.0556749E-004
2.119	1.0625191E-004
2.12	1.0683332E-004
2.121	1.0743923E-004
2.122	1.0800347E-004
2.123	1.0852403E-004
2.124	1.0900755E-004
2.125	1.0944348E-004
2.126	1.0980033E-004
2.127	1.1016031E-004
2.128	1.1047425E-004
2.129	1.1074776E-004
2.13	1.1097792E-004
2.131	1.1116355E-004
2.132	1.1130713E-004
2.133	1.1140733E-004
2.134	1.1145926E-004
2.135	1.1148061E-004
2.136	1.1145783E-004
2.137	1.1139490E-004
2.138	1.1128828E-004
2.139	1.1114038E-004
2.14	1.1095351E-004
2.141	1.1072200E-004
2.142	1.1045326E-004
2.143	1.1014455E-004
2.144	1.0979583E-004
2.145	1.0940412E-004
2.146	1.0897735E-004
2.147	1.0851141E-004
2.148	1.0800872E-004
2.149	1.0746935E-004
2.15	1.0689352E-004
2.151	1.0628190E-004
2.152	1.0563644E-004
2.153	1.0495319E-004
2.154	1.0423986E-004
2.155	1.0349196E-004
2.156	1.0271187E-004
2.157	1.0190081E-004
2.158	1.0105830E-004
2.159	1.0018757E-004
2.16	9.9287659E-005
2.161	9.8358862E-005
2.162	9.7446878E-005
2.163	9.6466923E-005
2.164	9.5461095E-005
2.165	9.4430849E-005
2.166	9.3378323E-005
2.167	9.2303846E-005
2.168	9.1203350E-005
2.169	9.0087560E-005
2.17	8.8950444E-005
2.171	8.7794549E-005
2.172	8.6620603E-005
2.173	8.5324034E-005
2.174	8.4116335E-005
2.175	8.2891827E-005
2.176	8.1657810E-005
2.177	8.0412065E-005
2.178	7.9152174E-005
2.179	7.7882527E-005
2.18	7.6603334E-005
2.181	7.5200827E-005
2.182	7.3906020E-005
2.183	7.2604336E-005
2.184	7.1298273E-005
2.185	6.9986403E-005
2.186	6.8673151E-005
2.187	6.7237976E-005
2.188	6.5921406E-005
2.189	6.4603082E-005
2.19	6.3288040E-005
2.191	6.1974279E-005
2.192	6.0544146E-005
2.193	5.9237842E-005
2.194	5.7936701E-005
2.195	5.6639416E-005
2.196	5.5349075E-005
2.197	5.3951891E-005
2.198	5.2680192E-005
2.199	5.1416930E-005
2.2	5.0164566E-005
2.201	4.8924430E-005
2.202	4.7584184E-005
2.203	4.6367779E-005
2.204	4.5167275E-005
2.205	4.3874625E-005
2.206	4.2704509E-005
2.207	4.1549993E-005
2.208	4.0413757E-005
2.209	3.9193703E-005
2.21	3.8093818E-005
2.211	3.7014001E-005
2.212	3.5857647E-005
2.213	3.4819914E-005
2.214	3.3802538E-005
2.215	3.2806351E-005
2.216	3.1745672E-005
2.217	3.0796527E-005
2.218	2.9871084E-005
2.219	2.8887285E-005
2.22	2.8011762E-005
2.221	2.7160322E-005
2.222	2.6260594E-005
2.223	2.5498652E-005
2.224	2.4655654E-005
2.225	2.3910408E-005
2.226	2.3193545E-005
2.227	2.2439543E-005
2.228	2.1777056E-005
2.229	2.1142769E-005
2.23	2.0481793E-005
2.231	1.9905721E-005
2.232	1.9308543E-005
2.233	1.8791177E-005
2.234	1.8302302E-005
2.235	1.7799963E-005
2.236	1.7370794E-005
2.237	1.6934013E-005
2.238	1.6564512E-005
2.239	1.6193595E-005
2.24	1.5884023E-005
2.241	1.5602942E-005
2.242	1.5328038E-005
2.243	1.5107225E-005
2.244	1.4896590E-005
2.245	1.4734682E-005
2.246	1.4588622E-005
2.247	1.4485467E-005
2.248	1.4403394E-005
2.249	1.4356970E-005
2.25	1.4336914E-005
2.251	1.4347817E-005
2.252	1.4389430E-005
2.253	1.4456406E-005
2.254	1.4557246E-005
2.255	1.4678022E-005
2.256	1.4837437E-005
2.257	1.5010219E-005
2.258	1.5226002E-005
2.259	1.5451200E-005
2.26	1.5721776E-005
2.261	1.5995622E-005
2.262	1.6319316E-005
2.263	1.6668992E-005
2.264	1.7014307E-005
2.265	1.7413680E-005
2.266	1.7802127E-005
2.267	1.8248367E-005
2.268	1.8678998E-005
2.269	1.9169825E-005
2.27	1.9682800E-005
2.271	2.0172864E-005
2.272	2.0726136E-005
2.273	2.1252108E-005
2.274	2.1843451E-005
2.275	2.2452896E-005
2.276	2.3027294E-005
2.277	2.3670835E-005
2.278	2.4329878E-005
2.279	2.4948627E-005
2.28	2.5607809E-005
2.281	2.6251388E-005
2.282	2.6964262E-005
2.283	2.7690396E-005
2.284	2.8366563E-005
2.285	2.9113995E-005
2.286	2.9871011E-005
2.287	3.0573483E-005
2.288	3.1347325E-005
2.289	3.2128817E-005
2.29	3.2916996E-005
2.291	3.3643202E-005
2.292	3.4441651E-005
2.293	3.5244728E-005
2.294	3.5983219E-005
2.295	3.6791942E-005
2.296	3.7601843E-005
2.297	3.8412527E-005
2.298	3.9157134E-005
2.299	3.9967501E-005
2.3	4.0776860E-005
2.301	4.1584670E-005
2.302	4.2321779E-005
2.303	4.3122745E-005
2.304	4.3919659E-005
2.305	4.4710941E-005
2.306	4.5430097E-005
2.307	4.6209851E-005
2.308	4.6981655E-005
2.309	4.7747104E-005
2.31	4.8502501E-005
2.311	4.9187609E-005
2.312	4.9924667E-005
2.313	5.0650353E-005
2.314	5.1367035E-005
2.315	5.2070300E-005
2.316	5.2702650E-005
2.317	5.3382380E-005
2.318	5.4047137E-005
2.319	5.4699594E-005
2.32	5.5335804E-005
2.321	5.5957509E-005
2.322	5.6563869E-005
2.323	5.7104331E-005
2.324	5.7680565E-005
2.325	5.8237096E-005
2.326	5.8776426E-005
2.327	5.9300277E-005
2.328	5.9802609E-005
2.329	6.0288021E-005
2.33	6.0754654E-005
2.331	6.1199717E-005
2.332	6.1610372E-005
2.333	6.1983534E-005
2.334	6.2372572E-005
2.335	6.2741812E-005
2.336	6.3091087E-005
2.337	6.3417938E-005
2.338	6.3722619E-005
2.339	6.4007421E-005
2.34	6.4270222E-005
2.341	6.4512620E-005
2.342	6.4733729E-005
2.343	6.4930195E-005
2.344	6.5106993E-005
2.345	6.5260741E-005
2.346	6.5393368E-005
2.347	6.5503671E-005
2.348	6.5590553E-005
2.349	6.5657201E-005
2.35	6.5700558E-005
2.351	6.5722626E-005
2.352	6.5723179E-005
2.353	6.5701955E-005
2.354	6.5656779E-005
2.355	6.5591012E-005
2.356	6.5505941E-005
2.357	6.5398701E-005
2.358	6.5269604E-005
2.359	6.5118846E-005
2.36	6.4949381E-005
2.361	6.4757696E-005
2.362	6.4545718E-005
2.363	6.4314707E-005
2.364	6.4064465E-005
2.365	6.3794185E-005
2.366	6.3481515E-005
2.367	6.3170970E-005
2.368	6.2843392E-005
2.369	6.2496692E-005
2.37	6.2132276E-005
2.371	6.1751787E-005
2.372	6.1351922E-005
2.373	6.0937109E-005
2.374	6.0506507E-005
2.375	6.0021612E-005
2.376	5.9558624E-005
2.377	5.9078830E-005
2.378	5.8586451E-005
2.379	5.8080026E-005
2.38	5.7558209E-005
2.381	5.7046229E-005
2.382	5.6455694E-005
2.383	5.5896242E-005
2.384	5.5325057E-005
2.385	5.4742803E-005
2.386	5.4149721E-005
2.387	5.3497370E-005
2.388	5.2884083E-005
2.389	5.2260682E-005
2.39	5.1630552E-005
2.391	5.0990933E-005
2.392	5.0291641E-005
2.393	4.9636634E-005
2.394	4.8975198E-005
2.395	4.8308557E-005
2.396	4.7636899E-005
2.397	4.6903941E-005
2.398	4.6222216E-005
2.399	4.5536668E-005
2.4	4.4791661E-005
2.401	4.4099444E-005
2.402	4.3405191E-005
2.403	4.2711003E-005
2.404	4.1957064E-005
2.405	4.1259002E-005
2.406	4.0561888E-005
2.407	3.9864841E-005
2.408	3.9111841E-005
2.409	3.8417635E-005
2.41	3.7725789E-005
2.411	3.6980193E-005
2.412	3.6293059E-005
2.413	3.5610366E-005
2.414	3.4874920E-005
2.415	3.4200879E-005
2.416	3.3531844E-005
2.417	3.2811931E-005
2.418	3.2154367E-005
2.419	3.1503754E-005
2.42	3.0806321E-005
2.421	3.0168725E-005
2.422	2.9488196E-005
2.423	2.8867787E-005
2.424	2.8255758E-005
2.425	2.7601262E-005
2.426	2.7008935E-005
2.427	2.6425478E-005
2.428	2.5827816E-005
2.429	2.5263693E-005
2.43	2.4664969E-005
2.431	2.4123769E-005
2.432	2.3550854E-005
2.433	2.3033273E-005
2.434	2.2527900E-005
2.435	2.1993535E-005
2.436	2.1513861E-005
2.437	2.1007230E-005
2.438	2.0553956E-005
2.439	2.0076022E-005
2.44	1.9650271E-005
2.441	1.9203490E-005
2.442	1.8806059E-005
2.443	1.8421772E-005
2.444	1.8021583E-005
2.445	1.7666896E-005
2.446	1.7298900E-005
2.447	1.6973800E-005
2.448	1.6638436E-005
2.449	1.6320155E-005
2.45	1.6042242E-005
2.451	1.5778345E-005
2.452	1.5509384E-005
2.453	1.5258031E-005
2.454	1.5042429E-005
2.455	1.4824563E-005
2.456	1.4639868E-005
2.457	1.4456236E-005
2.458	1.4303319E-005
2.459	1.4153090E-005
2.46	1.4030754E-005
2.461	1.3914264E-005
2.462	1.3815211E-005
2.463	1.3740078E-005
2.464	1.3674601E-005
2.465	1.3629473E-005
2.466	1.3596619E-005
2.467	1.3580193E-005
2.468	1.3580815E-005
2.469	1.3596806E-005
2.47	1.3626052E-005
2.471	1.3670810E-005
2.472	1.3733606E-005
2.473	1.3804987E-005
2.474	1.3896862E-005
2.475	1.3995952E-005
2.476	1.4117425E-005
2.477	1.4253305E-005
2.478	1.4392134E-005
2.479	1.4555488E-005
2.48	1.4732679E-005
2.481	1.4908708E-005
2.482	1.5112319E-005
2.483	1.5328065E-005
2.484	1.5557287E-005
2.485	1.5779668E-005
2.486	1.6031554E-005
2.487	1.6295282E-005
2.488	1.6548800E-005
2.489	1.6833788E-005
2.49	1.7129161E-005
2.491	1.7411481E-005
2.492	1.7725548E-005
2.493	1.8049608E-005
2.494	1.8382292E-005
2.495	1.8697132E-005
2.496	1.9046025E-005
2.497	1.9402771E-005
2.498	1.9767000E-005
2.499	2.0109099E-005
2.5	2.0486099E-005
2.501	2.0869604E-005
2.502	2.1257711E-005
2.503	2.1652315E-005
2.504	2.2019842E-005
2.505	2.2422699E-005
2.506	2.2830025E-005
2.507	2.3240207E-005
2.508	2.3654628E-005
2.509	2.4039007E-005
2.51	2.4457469E-005
2.511	2.4878176E-005
2.512	2.5300291E-005
2.513	2.5706937E-005
2.514	2.6131083E-005
2.515	2.6521964E-005
2.516	2.6945268E-005
2.517	2.7368851E-005
2.518	2.7791561E-005
2.519	2.8212116E-005
2.52	2.8631714E-005
2.521	2.9047922E-005
2.522	2.9430563E-005
2.523	2.9842768E-005
2.524	3.0251207E-005
2.525	3.0656436E-005
2.526	3.1056647E-005
2.527	3.1453001E-005
2.528	3.1845026E-005
2.529	3.2231143E-005
2.53	3.2613105E-005
2.531	3.2988406E-005
2.532	3.3357628E-005
2.533	3.3721342E-005
2.534	3.4050259E-005
2.535	3.4399400E-005
2.536	3.4742716E-005
2.537	3.5078003E-005
2.538	3.5405614E-005
2.539	3.5724966E-005
2.54	3.6035894E-005
2.541	3.6338897E-005
2.542	3.6631831E-005
2.543	3.6916917E-005
2.544	3.7192087E-005
2.545	3.7457641E-005
2.546	3.7714290E-005
2.547	3.7959962E-005
2.548	3.8197064E-005
2.549	3.8423859E-005
2.55	3.8640272E-005
2.551	3.8844752E-005
2.552	3.9031700E-005
2.553	3.9216200E-005
2.554	3.9389488E-005
2.555	3.9551764E-005
2.556	3.9702612E-005
2.557	3.9853901E-005
2.558	3.9981685E-005
2.559	4.0098239E-005
2.56	4.0204068E-005
2.561	4.0297160E-005
2.562	4.0379087E-005
2.563	4.0450221E-005
2.564	4.0509378E-005
2.565	4.0557588E-005
2.566	4.0593422E-005
2.567	4.0617335E-005
2.568	4.0632101E-005
2.569	4.0632407E-005
2.57	4.0621962E-005
2.571	4.0599945E-005
2.572	4.0565643E-005
2.573	4.0521863E-005
2.574	4.0465187E-005
2.575	4.0393439E-005
2.576	4.0314735E-005
2.577	4.0224299E-005
2.578	4.0123265E-005
2.579	4.0011699E-005
2.58	3.9890638E-005
2.581	3.9748178E-005
2.582	3.9604824E-005
2.583	3.9450624E-005
2.584	3.9287166E-005
2.585	3.9115675E-005
2.586	3.8918468E-005
2.587	3.8725018E-005
2.588	3.8523463E-005
2.589	3.8311151E-005
2.59	3.8099854E-005
2.591	3.7854043E-005
2.592	3.7616956E-005
2.593	3.7371705E-005
2.594	3.7117363E-005
2.595	3.6836369E-005
2.596	3.6566795E-005
2.597	3.6289621E-005
2.598	3.6006062E-005
2.599	3.5694062E-005
2.6	3.5395955E-005
2.601	3.5091274E-005
2.602	3.4758130E-005
2.603	3.4441833E-005
2.604	3.4119905E-005
2.605	3.3793513E-005
2.606	3.3436336E-005
2.607	3.3098895E-005
2.608	3.2757689E-005
2.609	3.2386542E-005
2.61	3.2037216E-005
2.611	3.1683485E-005
2.612	3.1299911E-005
2.613	3.0939576E-005
2.614	3.0577863E-005
2.615	3.0185071E-005
2.616	2.9817647E-005
2.617	2.9420215E-005
2.618	2.9050085E-005
2.619	2.8676604E-005
2.62	2.8275455E-005
2.621	2.7900904E-005
2.622	2.7526414E-005
2.623	2.7123804E-005
2.624	2.6748592E-005
2.625	2.6345197E-005
2.626	2.5985824E-005
2.627	2.5614016E-005
2.628	2.5213332E-005
2.629	2.4842997E-005
2.63	2.4446532E-005
2.631	2.4080282E-005
2.632	2.3688042E-005
2.633	2.3326282E-005
2.634	2.2939803E-005
2.635	2.2583399E-005
2.636	2.2203518E-005
2.637	2.1854748E-005
2.638	2.1509582E-005
2.639	2.1141424E-005
2.64	2.0803847E-005
2.641	2.0446205E-005
2.642	2.0117352E-005
2.643	1.9769226E-005
2.644	1.9450899E-005
2.645	1.9113491E-005
2.646	1.8806562E-005
2.647	1.8480865E-005
2.648	1.8184772E-005
2.649	1.7872446E-005
2.65	1.7566606E-005
2.651	1.7289894E-005
2.652	1.6997941E-005
2.653	1.6733555E-005
2.654	1.6456550E-005
2.655	1.6206679E-005
2.656	1.5944557E-005
2.657	1.5708631E-005
2.658	1.5461865E-005
2.659	1.5223740E-005
2.66	1.5009955E-005
2.661	1.4796785E-005
2.662	1.4598739E-005
2.663	1.4392805E-005
2.664	1.4195934E-005
2.665	1.4021609E-005
2.666	1.3842150E-005
2.667	1.3683630E-005
2.668	1.3521802E-005
2.669	1.3368874E-005
2.67	1.3235544E-005
2.671	1.3099882E-005
2.672	1.2973745E-005
2.673	1.2865330E-005
2.674	1.2756969E-005
2.675	1.2657424E-005
2.676	1.2574485E-005
2.677	1.2492487E-005
2.678	1.2420299E-005
2.679	1.2361922E-005
2.68	1.2306988E-005
2.681	1.2261132E-005
2.682	1.2227203E-005
2.683	1.2199097E-005
2.684	1.2179446E-005
2.685	1.2168619E-005
2.686	1.2166569E-005
2.687	1.2172477E-005
2.688	1.2186701E-005
2.689	1.2208236E-005
2.69	1.2238303E-005
2.691	1.2277177E-005
2.692	1.2324304E-005
2.693	1.2375124E-005
2.694	1.2437015E-005
2.695	1.2504199E-005
2.696	1.2581198E-005
2.697	1.2659979E-005
2.698	1.2751510E-005
2.699	1.2848953E-005
2.7	1.2954307E-005
2.701	1.3066156E-005
2.702	1.3176304E-005
2.703	1.3300544E-005
2.704	1.3431706E-005
2.705	1.3567886E-005
2.706	1.3711104E-005
2.707	1.3859362E-005
2.708	1.4001695E-005
2.709	1.4160571E-005
2.71	1.4324088E-005
2.711	1.4493015E-005
2.712	1.4666263E-005
2.713	1.4844001E-005
2.714	1.5013306E-005
2.715	1.5198983E-005
2.716	1.5388545E-005
2.717	1.5581631E-005
2.718	1.5778478E-005
2.719	1.5978152E-005
2.72	1.6180804E-005
2.721	1.6386610E-005
2.722	1.6594398E-005
2.723	1.6789583E-005
2.724	1.7002207E-005
2.725	1.7215643E-005
2.726	1.7432001E-005
2.727	1.7641492E-005
2.728	1.7859853E-005
2.729	1.8079452E-005
2.73	1.8299404E-005
2.731	1.8519982E-005
2.732	1.8741013E-005
2.733	1.8962133E-005
2.734	1.9183453E-005
2.735	1.9404064E-005
2.736	1.9623947E-005
2.737	1.9843574E-005
2.738	2.0062078E-005
2.739	2.0279313E-005
2.74	2.0495560E-005
2.741	2.0710260E-005
2.742	2.0923402E-005
2.743	2.1133757E-005
2.744	2.1342546E-005
2.745	2.1548438E-005
2.746	2.1752745E-005
2.747	2.1953389E-005
2.748	2.2152546E-005
2.749	2.2347946E-005
2.75	2.2540473E-005
2.751	2.2728371E-005
2.752	2.2914690E-005
2.753	2.3095201E-005
2.754	2.3273620E-005
2.755	2.3447215E-005
2.756	2.3617176E-005
2.757	2.3782326E-005
2.758	2.3937657E-005
2.759	2.4105742E-005
2.76	2.4258021E-005
2.761	2.4404306E-005
2.762	2.4546924E-005
2.763	2.4684039E-005
2.764	2.4816263E-005
2.765	2.4943332E-005
2.766	2.5064672E-005
2.767	2.5189156E-005
2.768	2.5300018E-005
2.769	2.5404881E-005
2.77	2.5503901E-005
2.771	2.5597472E-005
2.772	2.5685787E-005
2.773	2.5767764E-005
2.774	2.5848916E-005
2.775	2.5919340E-005
2.776	2.5982914E-005
2.777	2.6041176E-005
2.778	2.6092635E-005
2.779	2.6142181E-005
2.78	2.6181167E-005
2.781	2.6214680E-005
2.782	2.6241838E-005
2.783	2.6263506E-005
2.784	2.6279680E-005
2.785	2.6288413E-005
2.786	2.6290758E-005
2.787	2.6287176E-005
2.788	2.6277430E-005
2.789	2.6261132E-005
2.79	2.6239757E-005
2.791	2.6211683E-005
2.792	2.6177964E-005
2.793	2.6135585E-005
2.794	2.6090109E-005
2.795	2.6038608E-005
2.796	2.5977442E-005
2.797	2.5913816E-005
2.798	2.5845324E-005
2.799	2.5770165E-005
2.8	2.5685287E-005
2.801	2.5600051E-005
2.802	2.5509515E-005
2.803	2.5406858E-005
2.804	2.5305206E-005
2.805	2.5198813E-005
2.806	2.5079986E-005
2.807	2.4963891E-005
2.808	2.4842542E-005
2.809	2.4707977E-005
2.81	2.4578050E-005
2.811	2.4443543E-005
2.812	2.4294506E-005
2.813	2.4150931E-005
2.814	2.3993271E-005
2.815	2.3841521E-005
2.816	2.3686778E-005
2.817	2.3516899E-005
2.818	2.3359888E-005
2.819	2.3194631E-005
2.82	2.3014054E-005
2.821	2.2841157E-005
2.822	2.2653863E-005
2.823	2.2475564E-005
2.824	2.2282209E-005
2.825	2.2099135E-005
2.826	2.1913178E-005
2.827	2.1712185E-005
2.828	2.1521875E-005
2.829	2.1316086E-005
2.83	2.1122274E-005
2.831	2.0912759E-005
2.832	2.0715679E-005
2.833	2.0502754E-005
2.834	2.0303421E-005
2.835	2.0102303E-005
2.836	1.9886751E-005
2.837	1.9684187E-005
2.838	1.9466665E-005
2.839	1.9263893E-005
2.84	1.9046089E-005
2.841	1.8827554E-005
2.842	1.8623738E-005
2.843	1.8405673E-005
2.844	1.8202369E-005
2.845	1.7985129E-005
2.846	1.7790473E-005
2.847	1.7574625E-005
2.848	1.7373448E-005
2.849	1.7159829E-005
2.85	1.6961434E-005
2.851	1.6750724E-005
2.852	1.6554741E-005
2.853	1.6347511E-005
2.854	1.6141516E-005
2.855	1.5950754E-005
2.856	1.5748870E-005
2.857	1.5562129E-005
2.858	1.5365593E-005
2.859	1.5170607E-005
2.86	1.4990914E-005
2.861	1.4801476E-005
2.862	1.4627642E-005
2.863	1.4443995E-005
2.864	1.4263331E-005
2.865	1.4098247E-005
2.866	1.3924045E-005
2.867	1.3753507E-005
2.868	1.3597818E-005
2.869	1.3434349E-005
2.87	1.3274961E-005
2.871	1.3129579E-005
2.872	1.2977582E-005
2.873	1.2834847E-005
2.874	1.2700269E-005
2.875	1.2559978E-005
2.876	1.2424543E-005
2.877	1.2302313E-005
2.878	1.2174722E-005
2.879	1.2052180E-005
2.88	1.1941763E-005
2.881	1.1827406E-005
2.882	1.1718251E-005
2.883	1.1613603E-005
2.884	1.1520557E-005
2.885	1.1424556E-005
2.886	1.1334120E-005
2.887	1.1247596E-005
2.888	1.1171795E-005
2.889	1.1095049E-005
2.89	1.1023244E-005
2.891	1.0956343E-005
2.892	1.0898289E-005
2.893	1.0840306E-005
2.894	1.0787540E-005
2.895	1.0739610E-005
2.896	1.0699298E-005
2.897	1.0660468E-005
2.898	1.0626778E-005
2.899	1.0597520E-005
2.9	1.0573664E-005
2.901	1.0555135E-005
2.902	1.0539861E-005
2.903	1.0528825E-005
2.904	1.0522751E-005
2.905	1.0520871E-005
2.906	1.0523783E-005
2.907	1.0530809E-005
2.908	1.0541622E-005
2.909	1.0556990E-005
2.91	1.0577137E-005
2.911	1.0601188E-005
2.912	1.0629222E-005
2.913	1.0661893E-005
2.914	1.0697794E-005
2.915	1.0735847E-005
2.916	1.0779204E-005
2.917	1.0827077E-005
2.918	1.0878310E-005
2.919	1.0933506E-005
2.92	1.0991614E-005
2.921	1.1053240E-005
2.922	1.1118133E-005
2.923	1.1186376E-005
2.924	1.1257851E-005
2.925	1.1332413E-005
2.926	1.1407398E-005
2.927	1.1487579E-005
2.928	1.1564559E-005
2.929	1.1649883E-005
2.93	1.1737812E-005
2.931	1.1827599E-005
2.932	1.1919840E-005
2.933	1.2014431E-005
2.934	1.2111462E-005
2.935	1.2210123E-005
2.936	1.2310347E-005
2.937	1.2412709E-005
2.938	1.2516304E-005
2.939	1.2621455E-005
2.94	1.2728296E-005
2.941	1.2836354E-005
2.942	1.2945169E-005
2.943	1.3055191E-005
2.944	1.3166105E-005
2.945	1.3277867E-005
2.946	1.3397995E-005
2.947	1.3511200E-005
2.948	1.3624604E-005
2.949	1.3738641E-005
2.95	1.3852528E-005
2.951	1.3962514E-005
2.952	1.4077227E-005
2.953	1.4191111E-005
2.954	1.4304978E-005
2.955	1.4418551E-005
2.956	1.4531383E-005
2.957	1.4643846E-005
2.958	1.4763221E-005
2.959	1.4874315E-005
2.96	1.4983962E-005
2.961	1.5093291E-005
2.962	1.5201163E-005
2.963	1.5308236E-005
2.964	1.5414140E-005
2.965	1.5518575E-005
2.966	1.5628095E-005
2.967	1.5729385E-005
2.968	1.5828349E-005
2.969	1.5926076E-005
2.97	1.6022108E-005
2.971	1.6116303E-005
2.972	1.6208502E-005
2.973	1.6304351E-005
2.974	1.6392163E-005
2.975	1.6477337E-005
2.976	1.6558341E-005
2.977	1.6638893E-005
2.978	1.6722455E-005
2.979	1.6798378E-005
2.98	1.6871876E-005
2.981	1.6942920E-005
2.982	1.7015273E-005
2.983	1.7081031E-005
2.984	1.7143291E-005
2.985	1.7202554E-005
2.986	1.7263354E-005
2.987	1.7317219E-005
2.988	1.7368013E-005
2.989	1.7415212E-005
2.99	1.7463302E-005
2.991	1.7504475E-005
2.992	1.7542750E-005
2.993	1.7578346E-005
2.994	1.7612705E-005
2.995	1.7641201E-005
2.996	1.7667506E-005
2.997	1.7691287E-005
2.998	1.7710021E-005
2.999	1.7725954E-005
3	1.7738701E-005
