theta_deg	R
0.001	1.0000052E+000
0.002	1.0000052E+000
0.003	1.0000052E+000
0.004	1.0000052E+000
0.005	1.0000052E+000
0.006	1.0000052E+000
0.007	1.0000052E+000
0.008	1.0000052E+000
0.009	1.0000052E+000
0.01	1.0000052E+000
0.011	1.0000052E+000
0.012	1.0000052E+000
0.013	1.0000052E+000
0.014	9.9966371E-001
0.015	9.9966371E-001
0.016	9.9966371E-001
0.017	9.9966371E-001
0.018	9.9966371E-001
0.019	9.9966371E-001
0.02	9.9966371E-001
0.021	9.9966371E-001
0.022	9.9966371E-001
0.023	9.9966371E-001
0.024	9.9966371E-001
0.025	9.9951911E-001
0.026	9.9951911E-001
0.027	9.9951911E-001
0.028	9.9951911E-001
0.029	9.9951911E-001
0.03	9.9951911E-001
0.031	9.9951911E-001
0.032	9.9940574E-001
0.033	9.9940574E-001
0.034	9.9940574E-001
0.035	9.9940574E-001
0.036	9.9940574E-001
0.037	9.9940574E-001
0.038	9.9930865E-001
0.039	9.9930865E-001
0.04	9.9930865E-001
0.041	9.9930865E-001
0.042	9.9922144E-001
0.043	9.9922144E-001
0.044	9.9922144E-001
0.045	9.9922144E-001
0.046	9.9922144E-001
0.047	9.9914056E-001
0.048	9.9914056E-001
0.049	9.9914056E-001
0.05	9.9914056E-001
0.051	9.9906486E-001
0.052	9.9906486E-001
0.053	9.9906486E-001
0.054	9.9906486E-001
0.055	9.9899298E-001
0.056	9.9899298E-001
0.057	9.9899298E-001
0.058	9.9892390E-001
0.059	9.9892390E-001
0.06	9.9892390E-001
0.061	9.9885750E-001
0.062	9.9885750E-001
0.063	9.9885750E-001
0.064	9.9885750E-001
0.065	9.9879235E-001
0.066	9.9879235E-001
0.067	9.9879235E-001
0.068	9.9872875E-001
0.069	9.9872875E-001
0.07	9.9866676E-001
0.071	9.9866676E-001
0.072	9.9866676E-001
0.073	9.9860531E-001
0.074	9.9860531E-001
0.075	9.9860531E-001
0.076	9.9854499E-001
0.077	9.9854499E-001
0.078	9.9848491E-001
0.079	9.9848491E-001
0.08	9.9848491E-001
0.081	9.9842566E-001
0.082	9.9842566E-001
0.083	9.9836612E-001
0.084	9.9836612E-001
0.085	9.9836612E-001
0.086	9.9830747E-001
0.087	9.9830747E-001
0.088	9.9824852E-001
0.089	9.9824852E-001
0.09	9.9818987E-001
0.091	9.9818987E-001
0.092	9.9813032E-001
0.093	9.9813032E-001
0.094	9.9807107E-001
0.095	9.9807107E-001
0.096	9.9801189E-001
0.097	9.9801189E-001
0.098	9.9795157E-001
0.099	9.9795157E-001
0.1	9.9789155E-001
0.101	9.9789155E-001
0.102	9.9783021E-001
0.103	9.9783021E-001
0.104	9.9776900E-001
0.105	9.9776900E-001
0.106	9.9770653E-001
0.107	9.9770653E-001
0.108	9.9764341E-001
0.109	9.9764341E-001
0.11	9.9757951E-001
0.111	9.9757951E-001
0.112	9.9751461E-001
0.113	9.9744874E-001
0.114	9.9744874E-001
0.115	9.9738199E-001
0.116	9.9738199E-001
0.117	9.9731362E-001
0.118	9.9724436E-001
0.119	9.9724436E-001
0.12	9.9717391E-001
0.121	9.9717391E-001
0.122	9.9710149E-001
0.123	9.9702752E-001
0.124	9.9702752E-001
0.125	9.9695230E-001
0.126	9.9687523E-001
0.127	9.9687523E-001
0.128	9.9679625E-001
0.129	9.9671531E-001
0.13	9.9671531E-001
0.131	9.9663234E-001
0.132	9.9654686E-001
0.133	9.9654686E-001
0.134	9.9645901E-001
0.135	9.9636960E-001
0.136	9.9636960E-001
0.137	9.9627644E-001
0.138	9.9618089E-001
0.139	9.9618089E-001
0.14	9.9608219E-001
0.141	9.9598044E-001
0.142	9.9587506E-001
0.143	9.9587506E-001
0.144	9.9576598E-001
0.145	9.9565357E-001
0.146	9.9565357E-001
0.147	9.9553698E-001
0.148	9.9541551E-001
0.149	9.9529046E-001
0.15	9.9529046E-001
0.151	9.9515969E-001
0.152	9.9502385E-001
0.153	9.9488240E-001
0.154	9.9473500E-001
0.155	9.9473500E-001
0.156	9.9458116E-001
0.157	9.9442089E-001
0.158	9.9425352E-001
0.159	9.9407828E-001
0.16	9.9407828E-001
0.161	9.9389434E-001
0.162	9.9370140E-001
0.163	9.9349946E-001
0.164	9.9328721E-001
0.165	9.9306279E-001
0.166	9.9306279E-001
0.167	9.9282718E-001
0.168	9.9257928E-001
0.169	9.9231839E-001
0.17	9.9204129E-001
0.171	9.9174803E-001
0.172	9.9143797E-001
0.173	9.9143797E-001
0.174	9.9110860E-001
0.175	9.9076015E-001
0.176	9.9038851E-001
0.177	9.8999321E-001
0.178	9.8957080E-001
0.179	9.8912054E-001
0.18	9.8863953E-001
0.181	9.8812371E-001
0.182	9.8756987E-001
0.183	9.8697579E-001
0.184	9.8633730E-001
0.185	9.8633730E-001
0.186	9.8564684E-001
0.187	9.8490262E-001
0.188	9.8409957E-001
0.189	9.8322636E-001
0.19	9.8227859E-001
0.191	9.8124886E-001
0.192	9.8012543E-001
0.193	9.7890043E-001
0.194	9.7755831E-001
0.195	9.7609800E-001
0.196	9.7445387E-001
0.197	9.7266495E-001
0.198	9.7068083E-001
0.199	9.6848714E-001
0.2	9.6604902E-001
0.201	9.6332991E-001
0.202	9.6028101E-001
0.203	9.5686114E-001
0.204	9.5300984E-001
0.205	9.4866055E-001
0.206	9.4370353E-001
0.207	9.3806034E-001
0.208	9.2417401E-001
0.209	9.1559607E-001
0.21	9.0562177E-001
0.211	8.9397305E-001
0.212	8.8029623E-001
0.213	8.6415285E-001
0.214	8.4498721E-001
0.215	8.2204849E-001
0.216	7.9453653E-001
0.217	7.6129341E-001
0.218	7.2098273E-001
0.219	6.1265105E-001
0.22	5.4118478E-001
0.221	4.5699418E-001
0.222	3.6238331E-001
0.223	2.6505813E-001
0.224	1.7859945E-001
0.225	1.1330307E-001
0.226	4.2523578E-002
0.227	2.6051017E-002
0.228	1.6442345E-002
0.229	1.1211958E-002
0.23	8.8091101E-003
0.231	8.2511809E-003
0.232	1.0347722E-002
0.233	1.2302120E-002
0.234	1.4576836E-002
0.235	1.7039284E-002
0.236	1.9597001E-002
0.237	2.4752617E-002
0.238	2.7276237E-002
0.239	2.9727271E-002
0.24	3.2093804E-002
0.241	3.4367274E-002
0.242	3.8597673E-002
0.243	4.0554833E-002
0.244	4.2406019E-002
0.245	4.4150785E-002
0.246	4.7329538E-002
0.247	4.8771065E-002
0.248	5.0117087E-002
0.249	5.1369969E-002
0.25	5.3612594E-002
0.251	5.4609064E-002
0.252	5.5525836E-002
0.253	5.7136800E-002
0.254	5.7836600E-002
0.255	5.8467988E-002
0.256	5.9037473E-002
0.257	5.9997268E-002
0.258	6.0392454E-002
0.259	6.0734488E-002
0.26	6.1268631E-002
0.261	6.1465774E-002
0.262	6.1619248E-002
0.263	6.1802186E-002
0.264	6.1835207E-002
0.265	6.1832730E-002
0.266	6.1725330E-002
0.267	6.1623488E-002
0.268	6.1332095E-002
0.269	6.1145596E-002
0.27	6.0933735E-002
0.271	6.0437165E-002
0.272	6.0155936E-002
0.273	5.9854094E-002
0.274	5.9191551E-002
0.275	5.8833305E-002
0.276	5.8068566E-002
0.277	5.7662837E-002
0.278	5.7243899E-002
0.279	5.6366868E-002
0.28	5.5910718E-002
0.281	5.4966334E-002
0.282	5.4479830E-002
0.283	5.3480562E-002
0.284	5.2969441E-002
0.285	5.1926304E-002
0.286	5.1395774E-002
0.287	5.0859626E-002
0.288	4.9773380E-002
0.289	4.9223829E-002
0.29	4.8114717E-002
0.291	4.7555987E-002
0.292	4.6431728E-002
0.293	4.5867022E-002
0.294	4.4734236E-002
0.295	4.4166811E-002
0.296	4.3031327E-002
0.297	4.2463925E-002
0.298	4.1330773E-002
0.299	4.0765818E-002
0.3	3.9639991E-002
0.301	3.8520969E-002
0.302	3.7964597E-002
0.303	3.6859274E-002
0.304	3.6310263E-002
0.305	3.5221476E-002
0.306	3.4681827E-002
0.307	3.3612456E-002
0.308	3.3083238E-002
0.309	3.2035857E-002
0.31	3.1004407E-002
0.311	3.0494755E-002
0.312	2.9488411E-002
0.313	2.8991835E-002
0.314	2.8012082E-002
0.315	2.7050948E-002
0.316	2.6577638E-002
0.317	2.5645247E-002
0.318	2.5186338E-002
0.319	2.4283709E-002
0.32	2.3401169E-002
0.321	2.2967625E-002
0.322	2.2115599E-002
0.323	2.1284612E-002
0.324	2.0876825E-002
0.325	2.0076979E-002
0.326	1.9297980E-002
0.327	1.8916296E-002
0.328	1.8168798E-002
0.329	1.7442239E-002
0.33	1.7086791E-002
0.331	1.6391359E-002
0.332	1.5716610E-002
0.333	1.5387008E-002
0.334	1.4743121E-002
0.335	1.4119571E-002
0.336	1.3815168E-002
0.337	1.3221632E-002
0.338	1.2647884E-002
0.339	1.2093565E-002
0.34	1.1823712E-002
0.341	1.1298288E-002
0.342	1.0791595E-002
0.343	1.0303491E-002
0.344	1.0066321E-002
0.345	9.6054208E-003
0.346	9.1623403E-003
0.347	8.7365946E-003
0.348	8.5301781E-003
0.349	8.1300391E-003
0.35	7.7462820E-003
0.351	7.3788930E-003
0.352	7.0273061E-003
0.353	6.8574077E-003
0.354	6.5289550E-003
0.355	6.2154816E-003
0.356	5.9165386E-003
0.357	5.6317803E-003
0.358	5.3609079E-003
0.359	5.2305805E-003
0.36	4.9798363E-003
0.361	4.7419816E-003
0.362	4.5167538E-003
0.363	4.3037208E-003
0.364	4.1025518E-003
0.365	4.0063174E-003
0.366	3.8222536E-003
0.367	3.6491910E-003
0.368	3.4867534E-003
0.369	3.3346182E-003
0.37	3.1924117E-003
0.371	3.0597812E-003
0.372	2.9364848E-003
0.373	2.8221598E-003
0.374	2.7682427E-003
0.375	2.6667409E-003
0.376	2.5734187E-003
0.377	2.4879514E-003
0.378	2.4100607E-003
0.379	2.3394360E-003
0.38	2.2757896E-003
0.381	2.2188232E-003
0.382	2.1682777E-003
0.383	2.1238818E-003
0.384	2.0853563E-003
0.385	2.0524731E-003
0.386	2.0249337E-003
0.387	2.0025077E-003
0.388	1.9849488E-003
0.389	1.9720476E-003
0.39	1.9635186E-003
0.391	1.9592019E-003
0.392	1.9588326E-003
0.393	1.9622049E-003
0.394	1.9691179E-003
0.395	1.9793739E-003
0.396	1.9927979E-003
0.397	2.0091555E-003
0.398	2.0282615E-003
0.399	2.0499665E-003
0.4	2.0740621E-003
0.401	2.1004463E-003
0.402	2.1288884E-003
0.403	2.1592504E-003
0.404	2.1913941E-003
0.405	2.2251240E-003
0.406	2.2603860E-003
0.407	2.2969586E-003
0.408	2.3347512E-003
0.409	2.3736230E-003
0.41	2.4337051E-003
0.411	2.4747686E-003
0.412	2.5164620E-003
0.413	2.5587245E-003
0.414	2.6014384E-003
0.415	2.6445219E-003
0.416	2.6878698E-003
0.417	2.7313416E-003
0.418	2.7749473E-003
0.419	2.8402624E-003
0.42	2.8836757E-003
0.421	2.9268877E-003
0.422	2.9698373E-003
0.423	3.0124579E-003
0.424	3.0546254E-003
0.425	3.1170179E-003
0.426	3.1579267E-003
0.427	3.1982302E-003
0.428	3.2378812E-003
0.429	3.2767835E-003
0.43	3.3149826E-003
0.431	3.3707630E-003
0.432	3.4068660E-003
0.433	3.4420863E-003
0.434	3.4763375E-003
0.435	3.5259868E-003
0.436	3.5578518E-003
0.437	3.5886494E-003
0.438	3.6184492E-003
0.439	3.6471309E-003
0.44	3.6881422E-003
0.441	3.7140802E-003
0.442	3.7388930E-003
0.443	3.7625597E-003
0.444	3.7958773E-003
0.445	3.8166496E-003
0.446	3.8362336E-003
0.447	3.8633496E-003
0.448	3.8799790E-003
0.449	3.8953845E-003
0.45	3.9095981E-003
0.451	3.9286842E-003
0.452	3.9399215E-003
0.453	3.9499737E-003
0.454	3.9628106E-003
0.455	3.9699082E-003
0.456	3.9758100E-003
0.457	3.9825519E-003
0.458	3.9855666E-003
0.459	3.9874665E-003
0.46	3.9881915E-003
0.461	3.9872839E-003
0.462	3.9852592E-003
0.463	3.9802338E-003
0.464	3.9755199E-003
0.465	3.9665033E-003
0.466	3.9592236E-003
0.467	3.9509190E-003
0.468	3.9366013E-003
0.469	3.9258348E-003
0.47	3.9141257E-003
0.471	3.8947961E-003
0.472	3.8807795E-003
0.473	3.8580929E-003
0.474	3.8418900E-003
0.475	3.8160011E-003
0.476	3.7977323E-003
0.477	3.7786581E-003
0.478	3.7486285E-003
0.479	3.7276603E-003
0.48	3.6948856E-003
0.481	3.6721439E-003
0.482	3.6367981E-003
0.483	3.6124329E-003
0.484	3.5747080E-003
0.485	3.5488307E-003
0.486	3.5089438E-003
0.487	3.4816731E-003
0.488	3.4398015E-003
0.489	3.4112679E-003
0.49	3.3675982E-003
0.491	3.3379223E-003
0.492	3.2926539E-003
0.493	3.2619783E-003
0.494	3.2152708E-003
0.495	3.1837118E-003
0.496	3.1357643E-003
0.497	3.1034185E-003
0.498	3.0544032E-003
0.499	3.0214225E-003
0.5	2.9715186E-003
0.501	2.9379996E-003
0.502	2.8873461E-003
0.503	2.8363687E-003
0.504	2.8021932E-003
0.505	2.7507220E-003
0.506	2.7162964E-003
0.507	2.6645181E-003
0.508	2.6299215E-003
0.509	2.5779598E-003
0.51	2.5259815E-003
0.511	2.4913237E-003
0.512	2.4393827E-003
0.513	2.4048102E-003
0.514	2.3530563E-003
0.515	2.3014636E-003
0.516	2.2671870E-003
0.517	2.2159780E-003
0.518	2.1650430E-003
0.519	2.1312637E-003
0.52	2.0808866E-003
0.521	2.0308846E-003
0.522	1.9977826E-003
0.523	1.9485072E-003
0.524	1.8997038E-003
0.525	1.8674397E-003
0.526	1.8194896E-003
0.527	1.7720938E-003
0.528	1.7408255E-003
0.529	1.6944167E-003
0.53	1.6486421E-003
0.531	1.6184826E-003
0.532	1.5737922E-003
0.533	1.5298091E-003
0.534	1.4865162E-003
0.535	1.4580751E-003
0.536	1.4160206E-003
0.537	1.3747202E-003
0.538	1.3341872E-003
0.539	1.3076115E-003
0.54	1.2684105E-003
0.541	1.2300194E-003
0.542	1.1924512E-003
0.543	1.1678656E-003
0.544	1.1317050E-003
0.545	1.0963777E-003
0.546	1.0619108E-003
0.547	1.0283038E-003
0.548	1.0063882E-003
0.549	9.7423338E-004
0.55	9.4295351E-004
0.551	9.1255939E-004
0.552	8.8303973E-004
0.553	8.6384901E-004
0.554	8.3580706E-004
0.555	8.0863340E-004
0.556	7.8235293E-004
0.557	7.5693562E-004
0.558	7.3241309E-004
0.559	7.1654411E-004
0.56	6.9345091E-004
0.561	6.7123759E-004
0.562	6.4988562E-004
0.563	6.2937971E-004
0.564	6.0972403E-004
0.565	5.9090718E-004
0.566	5.7292799E-004
0.567	5.5576314E-004
0.568	5.4477510E-004
0.569	5.2896969E-004
0.57	5.1395630E-004
0.571	4.9973116E-004
0.572	4.8628359E-004
0.573	4.7360308E-004
0.574	4.6168172E-004
0.575	4.5049618E-004
0.576	4.4004474E-004
0.577	4.3030386E-004
0.578	4.2127570E-004
0.579	4.1293420E-004
0.58	4.0527381E-004
0.581	3.9827582E-004
0.582	3.9192714E-004
0.583	3.8621592E-004
0.584	3.8112249E-004
0.585	3.7663936E-004
0.586	3.7398437E-004
0.587	3.7047375E-004
0.588	3.6753996E-004
0.589	3.6515956E-004
0.59	3.6281347E-004
0.591	3.6165759E-004
0.592	3.6100950E-004
0.593	3.6083994E-004
0.594	3.6114748E-004
0.595	3.6191195E-004
0.596	3.6311423E-004
0.597	3.6473866E-004
0.598	3.6677654E-004
0.599	3.6921276E-004
0.6	3.7202370E-004
0.601	3.7520175E-004
0.602	3.7872375E-004
0.603	3.8258621E-004
0.604	3.8676313E-004
0.605	3.9124439E-004
0.606	3.9602289E-004
0.607	4.0281445E-004
0.608	4.0820646E-004
0.609	4.1384567E-004
0.61	4.1971015E-004
0.611	4.2578741E-004
0.612	4.3206834E-004
0.613	4.3853695E-004
0.614	4.4517333E-004
0.615	4.5197899E-004
0.616	4.6127383E-004
0.617	4.6839772E-004
0.618	4.7564559E-004
0.619	4.8298904E-004
0.62	4.9043720E-004
0.621	4.9796398E-004
0.622	5.0810562E-004
0.623	5.1578257E-004
0.624	5.2350201E-004
0.625	5.3124980E-004
0.626	5.3903094E-004
0.627	5.4941454E-004
0.628	5.5719871E-004
0.629	5.6498114E-004
0.63	5.7273719E-004
0.631	5.8046909E-004
0.632	5.9071614E-004
0.633	5.9833948E-004
0.634	6.0591253E-004
0.635	6.1340776E-004
0.636	6.2330067E-004
0.637	6.3062098E-004
0.638	6.3784211E-004
0.639	6.4497202E-004
0.64	6.5431074E-004
0.641	6.6117913E-004
0.642	6.6793163E-004
0.643	6.7455583E-004
0.644	6.8317767E-004
0.645	6.8948866E-004
0.646	6.9565029E-004
0.647	7.0363248E-004
0.648	7.0943235E-004
0.649	7.1507855E-004
0.65	7.2234304E-004
0.651	7.2760234E-004
0.652	7.3267805E-004
0.653	7.3917332E-004
0.654	7.4383803E-004
0.655	7.4830861E-004
0.656	7.5398647E-004
0.657	7.5803651E-004
0.658	7.6187600E-004
0.659	7.6669955E-004
0.66	7.7009678E-004
0.661	7.7328557E-004
0.662	7.7722780E-004
0.663	7.7995425E-004
0.664	7.8327273E-004
0.665	7.8552414E-004
0.666	7.8757288E-004
0.667	7.8998826E-004
0.668	7.9155614E-004
0.669	7.9333724E-004
0.67	7.9443638E-004
0.671	7.9558132E-004
0.672	7.9620804E-004
0.673	7.9663057E-004
0.674	7.9688075E-004
0.675	7.9683564E-004
0.676	7.9646794E-004
0.677	7.9596357E-004
0.678	7.9498539E-004
0.679	7.9402828E-004
0.68	7.9245708E-004
0.681	7.9105789E-004
0.682	7.8890135E-004
0.683	7.8707054E-004
0.684	7.8434759E-004
0.685	7.8210124E-004
0.686	7.7882706E-004
0.687	7.7617355E-004
0.688	7.7237154E-004
0.689	7.6932419E-004
0.69	7.6501258E-004
0.691	7.6159131E-004
0.692	7.5678993E-004
0.693	7.5301121E-004
0.694	7.4774004E-004
0.695	7.4362155E-004
0.696	7.3790777E-004
0.697	7.3346373E-004
0.698	7.2733092E-004
0.699	7.2096923E-004
0.7	7.1605662E-004
0.701	7.0931396E-004
0.702	7.0412026E-004
0.703	6.9702533E-004
0.704	6.9157494E-004
0.705	6.8415189E-004
0.706	6.7655247E-004
0.707	6.7074504E-004
0.708	6.6285621E-004
0.709	6.5683934E-004
0.71	6.4869114E-004
0.711	6.4040779E-004
0.712	6.3410809E-004
0.713	6.2560209E-004
0.714	6.1698456E-004
0.715	6.1045191E-004
0.716	6.0165720E-004
0.717	5.9277372E-004
0.718	5.8605720E-004
0.719	5.7703751E-004
0.72	5.6794699E-004
0.721	5.6109135E-004
0.722	5.5190705E-004
0.723	5.4267485E-004
0.724	5.3572608E-004
0.725	5.2643829E-004
0.726	5.1712815E-004
0.727	5.0780643E-004
0.728	5.0080469E-004
0.729	4.9147010E-004
0.73	4.8214174E-004
0.731	4.7515298E-004
0.732	4.6585459E-004
0.733	4.5657565E-004
0.734	4.4733097E-004
0.735	4.4042501E-004
0.736	4.3124892E-004
0.737	4.2212658E-004
0.738	4.1306028E-004
0.739	4.0630164E-004
0.74	3.9734578E-004
0.741	3.8846215E-004
0.742	3.7965883E-004
0.743	3.7093845E-004
0.744	3.6445612E-004
0.745	3.5589095E-004
0.746	3.4742782E-004
0.747	3.3906440E-004
0.748	3.3080782E-004
0.749	3.2266110E-004
0.75	3.1662665E-004
0.751	3.0868535E-004
0.752	3.0086690E-004
0.753	2.9317892E-004
0.754	2.8561635E-004
0.755	2.7818626E-004
0.756	2.7270659E-004
0.757	2.6551535E-004
0.758	2.5847318E-004
0.759	2.5156949E-004
0.76	2.4481650E-004
0.761	2.3821040E-004
0.762	2.3175657E-004
0.763	2.2545563E-004
0.764	2.1931231E-004
0.765	2.1480831E-004
0.766	2.0894225E-004
0.767	2.0323211E-004
0.768	1.9768663E-004
0.769	1.9230240E-004
0.77	1.8708146E-004
0.771	1.8202176E-004
0.772	1.7712974E-004
0.773	1.7240297E-004
0.774	1.6784281E-004
0.775	1.6344784E-004
0.776	1.5921843E-004
0.777	1.5515325E-004
0.778	1.5125702E-004
0.779	1.4752183E-004
0.78	1.4395273E-004
0.781	1.4054895E-004
0.782	1.3730867E-004
0.783	1.3422963E-004
0.784	1.3131554E-004
0.785	1.2855859E-004
0.786	1.2596203E-004
0.787	1.2352300E-004
0.788	1.2124139E-004
0.789	1.1911394E-004
0.79	1.1713897E-004
0.791	1.1531821E-004
0.792	1.1364657E-004
0.793	1.1212301E-004
0.794	1.1074536E-004
0.795	1.0951135E-004
0.796	1.0841912E-004
0.797	1.0746923E-004
0.798	1.0665289E-004
0.799	1.0597417E-004
0.8	1.0542823E-004
0.801	1.0501099E-004
0.802	1.0466664E-004
0.803	1.0453487E-004
0.804	1.0452404E-004
0.805	1.0463115E-004
0.806	1.0485236E-004
0.807	1.0518973E-004
0.808	1.0563683E-004
0.809	1.0619067E-004
0.81	1.0703300E-004
0.811	1.0782060E-004
0.812	1.0870431E-004
0.813	1.0968190E-004
0.814	1.1075418E-004
0.815	1.1191452E-004
0.816	1.1316150E-004
0.817	1.1483378E-004
0.818	1.1626212E-004
0.819	1.1776784E-004
0.82	1.1934459E-004
0.821	1.2099085E-004
0.822	1.2314136E-004
0.823	1.2493393E-004
0.824	1.2678528E-004
0.825	1.2869376E-004
0.826	1.3065267E-004
0.827	1.3317712E-004
0.828	1.3524709E-004
0.829	1.3735899E-004
0.83	1.3951471E-004
0.831	1.4225772E-004
0.832	1.4449262E-004
0.833	1.4675889E-004
0.834	1.4905013E-004
0.835	1.5195130E-004
0.836	1.5429582E-004
0.837	1.5666056E-004
0.838	1.5904017E-004
0.839	1.6203318E-004
0.84	1.6444021E-004
0.841	1.6685229E-004
0.842	1.6987542E-004
0.843	1.7229351E-004
0.844	1.7471270E-004
0.845	1.7772867E-004
0.846	1.8013487E-004
0.847	1.8253329E-004
0.848	1.8551198E-004
0.849	1.8787960E-004
0.85	1.9023068E-004
0.851	1.9314502E-004
0.852	1.9545386E-004
0.853	1.9773650E-004
0.854	2.0055336E-004
0.855	2.0277669E-004
0.856	2.0496942E-004
0.857	2.0766586E-004
0.858	2.0978671E-004
0.859	2.1238718E-004
0.86	2.1442535E-004
0.861	2.1642431E-004
0.862	2.1886377E-004
0.863	2.2076869E-004
0.864	2.2308626E-004
0.865	2.2489233E-004
0.866	2.2664783E-004
0.867	2.2877812E-004
0.868	2.3042267E-004
0.869	2.3241040E-004
0.87	2.3394208E-004
0.871	2.3578013E-004
0.872	2.3719046E-004
0.873	2.3854725E-004
0.874	2.4016060E-004
0.875	2.4138916E-004
0.876	2.4284700E-004
0.877	2.4394371E-004
0.878	2.4523371E-004
0.879	2.4619931E-004
0.88	2.4731946E-004
0.881	2.4814761E-004
0.882	2.4909858E-004
0.883	2.4979122E-004
0.884	2.5056952E-004
0.885	2.5112453E-004
0.886	2.5173009E-004
0.887	2.5214296E-004
0.888	2.5257264E-004
0.889	2.5284846E-004
0.89	2.5310452E-004
0.891	2.5326654E-004
0.892	2.5332507E-004
0.893	2.5331337E-004
0.894	2.5323365E-004
0.895	2.5304916E-004
0.896	2.5283691E-004
0.897	2.5248635E-004
0.898	2.5204159E-004
0.899	2.5161944E-004
0.9	2.5101373E-004
0.901	2.5045950E-004
0.902	2.4969378E-004
0.903	2.4883653E-004
0.904	2.4808844E-004
0.905	2.4707819E-004
0.906	2.4620915E-004
0.907	2.4505006E-004
0.908	2.4380893E-004
0.909	2.4275831E-004
0.91	2.4137556E-004
0.911	2.3991772E-004
0.912	2.3869499E-004
0.913	2.3710418E-004
0.914	2.3544180E-004
0.915	2.3406278E-004
0.916	2.3227277E-004
0.917	2.3042419E-004
0.918	2.2889399E-004
0.919	2.2693096E-004
0.92	2.2490219E-004
0.921	2.2324199E-004
0.922	2.2111372E-004
0.923	2.1893246E-004
0.924	2.1669865E-004
0.925	2.1487322E-004
0.926	2.1255280E-004
0.927	2.1018401E-004
0.928	2.0777488E-004
0.929	2.0581552E-004
0.93	2.0333014E-004
0.931	2.0080934E-004
0.932	1.9825350E-004
0.933	1.9618485E-004
0.934	1.9357388E-004
0.935	1.9093232E-004
0.936	1.8826536E-004
0.937	1.8611306E-004
0.938	1.8340300E-004
0.939	1.8067700E-004
0.94	1.7792832E-004
0.941	1.7516664E-004
0.942	1.7294884E-004
0.943	1.7016359E-004
0.944	1.6737162E-004
0.945	1.6457019E-004
0.946	1.6176376E-004
0.947	1.5895709E-004
0.948	1.5670958E-004
0.949	1.5390199E-004
0.95	1.5109473E-004
0.951	1.4829497E-004
0.952	1.4550195E-004
0.953	1.4271830E-004
0.954	1.3994437E-004
0.955	1.3773321E-004
0.956	1.3498269E-004
0.957	1.3224917E-004
0.958	1.2953476E-004
0.959	1.2683780E-004
0.96	1.2416253E-004
0.961	1.2150923E-004
0.962	1.1888064E-004
0.963	1.1627815E-004
0.964	1.1370389E-004
0.965	1.1115905E-004
0.966	1.0914396E-004
0.967	1.0665357E-004
0.968	1.0419620E-004
0.969	1.0177394E-004
0.97	9.9387697E-005
0.971	9.7037191E-005
0.972	9.4725838E-005
0.973	9.2452370E-005
0.974	9.0220346E-005
0.975	8.8027897E-005
0.976	8.5878921E-005
0.977	8.3772480E-005
0.978	8.1710918E-005
0.979	7.9693687E-005
0.98	7.7722478E-005
0.981	7.5798256E-005
0.982	7.3920237E-005
0.983	7.2090625E-005
0.984	7.0310067E-005
0.985	6.8579713E-005
0.986	6.6896529E-005
0.987	6.5264809E-005
0.988	6.3681153E-005
0.989	6.2152081E-005
0.99	6.0671813E-005
0.991	5.9244107E-005
0.992	5.7599376E-005
0.993	5.6283650E-005
0.994	5.5023607E-005
0.995	5.3814132E-005
0.996	5.2656800E-005
0.997	5.1553219E-005
0.998	5.0500694E-005
0.999	4.9498984E-005
1	4.8551417E-005
1.001	4.7654634E-005
1.002	4.6810404E-005
1.003	4.5868273E-005
1.004	4.5134704E-005
1.005	4.4456854E-005
1.006	4.3826461E-005
1.007	4.3249162E-005
1.008	4.2720003E-005
1.009	4.2241671E-005
1.01	4.1730967E-005
1.011	4.1359966E-005
1.012	4.1035371E-005
1.013	4.0758576E-005
1.014	4.0529671E-005
1.015	4.0346091E-005
1.016	4.0185707E-005
1.017	4.0100120E-005
1.018	4.0061117E-005
1.019	4.0064395E-005
1.02	4.0110805E-005
1.021	4.0219136E-005
1.022	4.0356186E-005
1.023	4.0532246E-005
1.024	4.0749466E-005
1.025	4.1057465E-005
1.026	4.1357118E-005
1.027	4.1692558E-005
1.028	4.2061452E-005
1.029	4.2552336E-005
1.03	4.2997468E-005
1.031	4.3475706E-005
1.032	4.3984594E-005
1.033	4.4636843E-005
1.034	4.5212189E-005
1.035	4.5816189E-005
1.036	4.6575598E-005
1.037	4.7237078E-005
1.038	4.7925336E-005
1.039	4.8636892E-005
1.04	4.9520848E-005
1.041	5.0282488E-005
1.042	5.1063867E-005
1.043	5.2028980E-005
1.044	5.2851839E-005
1.045	5.3693500E-005
1.046	5.4725853E-005
1.047	5.5601027E-005
1.048	5.6493056E-005
1.049	5.7579575E-005
1.05	5.8497004E-005
1.051	5.9612994E-005
1.052	6.0554827E-005
1.053	6.1504215E-005
1.054	6.2654595E-005
1.055	6.3619183E-005
1.056	6.4590313E-005
1.057	6.5761655E-005
1.058	6.6741013E-005
1.059	6.7920169E-005
1.06	6.8903762E-005
1.061	6.9888010E-005
1.062	7.1068331E-005
1.063	7.2050250E-005
1.064	7.3224255E-005
1.065	7.4104420E-005
1.066	7.5267941E-005
1.067	7.6232514E-005
1.068	7.7382814E-005
1.069	7.8334313E-005
1.07	7.9463782E-005
1.071	8.0395221E-005
1.072	8.1317790E-005
1.073	8.2411243E-005
1.074	8.3309067E-005
1.075	8.4371968E-005
1.076	8.5243337E-005
1.077	8.6270906E-005
1.078	8.7112858E-005
1.079	8.8101282E-005
1.08	8.8909066E-005
1.081	8.9856607E-005
1.082	9.0780057E-005
1.083	9.1530666E-005
1.084	9.2406619E-005
1.085	9.3116192E-005
1.086	9.3943316E-005
1.087	9.4609590E-005
1.088	9.5383322E-005
1.089	9.6006224E-005
1.09	9.6724812E-005
1.091	9.7300050E-005
1.092	9.7962133E-005
1.093	9.8591132E-005
1.094	9.9092824E-005
1.095	9.9662073E-005
1.096	1.0011149E-004
1.097	1.0061901E-004
1.098	1.0109265E-004
1.099	1.0146165E-004
1.1	1.0187346E-004
1.101	1.0218909E-004
1.102	1.0253441E-004
1.103	1.0284445E-004
1.104	1.0307727E-004
1.105	1.0332200E-004
1.106	1.0353101E-004
1.107	1.0367888E-004
1.108	1.0382340E-004
1.109	1.0393023E-004
1.11	1.0399275E-004
1.111	1.0403562E-004
1.112	1.0404226E-004
1.113	1.0402004E-004
1.114	1.0395959E-004
1.115	1.0386831E-004
1.116	1.0376259E-004
1.117	1.0360415E-004
1.118	1.0341161E-004
1.119	1.0318521E-004
1.12	1.0297097E-004
1.121	1.0268277E-004
1.122	1.0236087E-004
1.123	1.0206923E-004
1.124	1.0168766E-004
1.125	1.0127362E-004
1.126	1.0083054E-004
1.127	1.0043594E-004
1.128	9.9935613E-005
1.129	9.9405930E-005
1.13	9.8846758E-005
1.131	9.8257922E-005
1.132	9.7746182E-005
1.133	9.7107273E-005
1.134	9.6441305E-005
1.135	9.5748423E-005
1.136	9.5031457E-005
1.137	9.4414099E-005
1.138	9.3651346E-005
1.139	9.2865630E-005
1.14	9.2056667E-005
1.141	9.1226058E-005
1.142	9.0517598E-005
1.143	8.9647750E-005
1.144	8.8758876E-005
1.145	8.7851469E-005
1.146	8.6925334E-005
1.147	8.5982007E-005
1.148	8.5021980E-005
1.149	8.4211402E-005
1.15	8.3222301E-005
1.151	8.2221086E-005
1.152	8.1204700E-005
1.153	8.0176695E-005
1.154	7.9136968E-005
1.155	7.8086669E-005
1.156	7.7026634E-005
1.157	7.5956508E-005
1.158	7.5059143E-005
1.159	7.3974734E-005
1.16	7.2884330E-005
1.161	7.1787857E-005
1.162	7.0686183E-005
1.163	6.9579568E-005
1.164	6.8471250E-005
1.165	6.7359004E-005
1.166	6.6244669E-005
1.167	6.5130233E-005
1.168	6.4014588E-005
1.169	6.2900202E-005
1.17	6.1786122E-005
1.171	6.0675597E-005
1.172	5.9568454E-005
1.173	5.8463866E-005
1.174	5.7363264E-005
1.175	5.6268713E-005
1.176	5.5179869E-005
1.177	5.4097283E-005
1.178	5.3021275E-005
1.179	5.1954044E-005
1.18	5.0894450E-005
1.181	4.9845105E-005
1.182	4.8804915E-005
1.183	4.7775568E-005
1.184	4.6756973E-005
1.185	4.5750687E-005
1.186	4.4756071E-005
1.187	4.3775424E-005
1.188	4.2807471E-005
1.189	4.1852327E-005
1.19	4.0911716E-005
1.191	3.9834806E-005
1.192	3.8928178E-005
1.193	3.8035720E-005
1.194	3.7161386E-005
1.195	3.6303933E-005
1.196	3.5463243E-005
1.197	3.4639586E-005
1.198	3.3834192E-005
1.199	3.3047396E-005
1.2	3.2152355E-005
1.201	3.1406194E-005
1.202	3.0678719E-005
1.203	2.9972267E-005
1.204	2.9284145E-005
1.205	2.8616700E-005
1.206	2.7969507E-005
1.207	2.7240627E-005
1.208	2.6636977E-005
1.209	2.6055377E-005
1.21	2.5494968E-005
1.211	2.4955030E-005
1.212	2.4436875E-005
1.213	2.3860159E-005
1.214	2.3388482E-005
1.215	2.2937511E-005
1.216	2.2508977E-005
1.217	2.2036062E-005
1.218	2.1654749E-005
1.219	2.1294118E-005
1.22	2.0955213E-005
1.221	2.0637857E-005
1.222	2.0294652E-005
1.223	2.0024499E-005
1.224	1.9775245E-005
1.225	1.9546300E-005
1.226	1.9307519E-005
1.227	1.9125091E-005
1.228	1.8962821E-005
1.229	1.8799357E-005
1.23	1.8682224E-005
1.231	1.8584482E-005
1.232	1.8507420E-005
1.233	1.8441673E-005
1.234	1.8407341E-005
1.235	1.8391916E-005
1.236	1.8397401E-005
1.237	1.8423258E-005
1.238	1.8466748E-005
1.239	1.8540428E-005
1.24	1.8622401E-005
1.241	1.8722703E-005
1.242	1.8861325E-005
1.243	1.8998053E-005
1.244	1.9150997E-005
1.245	1.9350189E-005
1.246	1.9537119E-005
1.247	1.9740013E-005
1.248	1.9994997E-005
1.249	2.0229265E-005
1.25	2.0520869E-005
1.251	2.0785337E-005
1.252	2.1063006E-005
1.253	2.1402964E-005
1.254	2.1707614E-005
1.255	2.2078562E-005
1.256	2.2408425E-005
1.257	2.2749628E-005
1.258	2.3160799E-005
1.259	2.3524097E-005
1.26	2.3960163E-005
1.261	2.4343495E-005
1.262	2.4802577E-005
1.263	2.5203535E-005
1.264	2.5613130E-005
1.265	2.6100235E-005
1.266	2.6524607E-005
1.267	2.7027796E-005
1.268	2.7465854E-005
1.269	2.7983526E-005
1.27	2.8431641E-005
1.271	2.8960965E-005
1.272	2.9418201E-005
1.273	2.9956347E-005
1.274	3.0420970E-005
1.275	3.0965613E-005
1.276	3.1435313E-005
1.277	3.1985077E-005
1.278	3.2456974E-005
1.279	3.3008542E-005
1.28	3.3481745E-005
1.281	3.4033004E-005
1.282	3.4583783E-005
1.283	3.5054378E-005
1.284	3.5600788E-005
1.285	3.6067511E-005
1.286	3.6609235E-005
1.287	3.7070677E-005
1.288	3.7604103E-005
1.289	3.8132468E-005
1.29	3.8581875E-005
1.291	3.9099872E-005
1.292	3.9538478E-005
1.293	4.0043971E-005
1.294	4.0541898E-005
1.295	4.0962099E-005
1.296	4.1444891E-005
1.297	4.1851188E-005
1.298	4.2316693E-005
1.299	4.2771411E-005
1.3	4.3154032E-005
1.301	4.3590913E-005
1.302	4.4016007E-005
1.303	4.4371292E-005
1.304	4.4775548E-005
1.305	4.5167537E-005
1.306	4.5493081E-005
1.307	4.5861158E-005
1.308	4.6216541E-005
1.309	4.6509580E-005
1.31	4.6839756E-005
1.311	4.7155801E-005
1.312	4.7415320E-005
1.313	4.7705224E-005
1.314	4.7979887E-005
1.315	4.8239934E-005
1.316	4.8450591E-005
1.317	4.8683039E-005
1.318	4.8899554E-005
1.319	4.9072096E-005
1.32	4.9260347E-005
1.321	4.9431910E-005
1.322	4.9587914E-005
1.323	4.9708065E-005
1.324	4.9834238E-005
1.325	4.9944443E-005
1.326	5.0037801E-005
1.327	5.0115796E-005
1.328	5.0168950E-005
1.329	5.0216495E-005
1.33	5.0247669E-005
1.331	5.0262428E-005
1.332	5.0260907E-005
1.333	5.0247032E-005
1.334	5.0216961E-005
1.335	5.0169725E-005
1.336	5.0106846E-005
1.337	5.0028619E-005
1.338	4.9948463E-005
1.339	4.9840361E-005
1.34	4.9717808E-005
1.341	4.9579256E-005
1.342	4.9426020E-005
1.343	4.9257735E-005
1.344	4.9075064E-005
1.345	4.8907015E-005
1.346	4.8696955E-005
1.347	4.8474056E-005
1.348	4.8235943E-005
1.349	4.7984151E-005
1.35	4.7719841E-005
1.351	4.7441597E-005
1.352	4.7151530E-005
1.353	4.6848178E-005
1.354	4.6532812E-005
1.355	4.6252357E-005
1.356	4.5915458E-005
1.357	4.5566314E-005
1.358	4.5205696E-005
1.359	4.4835411E-005
1.36	4.4454689E-005
1.361	4.4062730E-005
1.362	4.3661090E-005
1.363	4.3251381E-005
1.364	4.2830645E-005
1.365	4.2402793E-005
1.366	4.1965413E-005
1.367	4.1521249E-005
1.368	4.1068550E-005
1.369	4.0608735E-005
1.37	4.0142379E-005
1.371	3.9668219E-005
1.372	3.9189312E-005
1.373	3.8704249E-005
1.374	3.8213155E-005
1.375	3.7717684E-005
1.376	3.7217731E-005
1.377	3.6713256E-005
1.378	3.6204685E-005
1.379	3.5692934E-005
1.38	3.5177978E-005
1.381	3.4660825E-005
1.382	3.4140518E-005
1.383	3.3618391E-005
1.384	3.3094311E-005
1.385	3.2569857E-005
1.386	3.1968990E-005
1.387	3.1442920E-005
1.388	3.0916282E-005
1.389	3.0390802E-005
1.39	2.9865112E-005
1.391	2.9341134E-005
1.392	2.8817765E-005
1.393	2.8297096E-005
1.394	2.7777996E-005
1.395	2.7260810E-005
1.396	2.6673846E-005
1.397	2.6163123E-005
1.398	2.5656684E-005
1.399	2.5152998E-005
1.4	2.4654075E-005
1.401	2.4159523E-005
1.402	2.3634588E-005
1.403	2.3149581E-005
1.404	2.2670025E-005
1.405	2.2196084E-005
1.406	2.1728076E-005
1.407	2.1265761E-005
1.408	2.0745783E-005
1.409	2.0297799E-005
1.41	1.9856538E-005
1.411	1.9422690E-005
1.412	1.8995835E-005
1.413	1.8517463E-005
1.414	1.8107026E-005
1.415	1.7705115E-005
1.416	1.7311362E-005
1.417	1.6871163E-005
1.418	1.6495964E-005
1.419	1.6128801E-005
1.42	1.5770971E-005
1.421	1.5372956E-005
1.422	1.5034826E-005
1.423	1.4706323E-005
1.424	1.4387358E-005
1.425	1.4034119E-005
1.426	1.3735984E-005
1.427	1.3446872E-005
1.428	1.3168797E-005
1.429	1.2863000E-005
1.43	1.2606411E-005
1.431	1.2360342E-005
1.432	1.2091078E-005
1.433	1.1866725E-005
1.434	1.1653242E-005
1.435	1.1421056E-005
1.436	1.1230307E-005
1.437	1.1049684E-005
1.438	1.0855779E-005
1.439	1.0697066E-005
1.44	1.0549394E-005
1.441	1.0393441E-005
1.442	1.0267658E-005
1.443	1.0137499E-005
1.444	1.0034507E-005
1.445	9.9422841E-006
1.446	9.8487708E-006
1.447	9.7780712E-006
1.448	9.7175034E-006
1.449	9.6611238E-006
1.45	9.6222238E-006
1.451	9.5894911E-006
1.452	9.5717460E-006
1.453	9.5633077E-006
1.454	9.5663809E-006
1.455	9.5784408E-006
1.456	9.6045787E-006
1.457	9.6369058E-006
1.458	9.6847025E-006
1.459	9.7365337E-006
1.46	9.8057426E-006
1.461	9.8758237E-006
1.462	9.9666204E-006
1.463	1.0054433E-005
1.464	1.0165046E-005
1.465	1.0270317E-005
1.466	1.0399916E-005
1.467	1.0521425E-005
1.468	1.0669481E-005
1.469	1.0806175E-005
1.47	1.0949949E-005
1.471	1.1123340E-005
1.472	1.1304601E-005
1.473	1.1469986E-005
1.474	1.1666823E-005
1.475	1.1844979E-005
1.476	1.2055457E-005
1.477	1.2245814E-005
1.478	1.2469663E-005
1.479	1.2670614E-005
1.48	1.2906232E-005
1.481	1.3117236E-005
1.482	1.3363740E-005
1.483	1.3615001E-005
1.484	1.3839453E-005
1.485	1.4100005E-005
1.486	1.4331516E-005
1.487	1.4600493E-005
1.488	1.4872323E-005
1.489	1.5113063E-005
1.49	1.5391666E-005
1.491	1.5637344E-005
1.492	1.5920477E-005
1.493	1.6205895E-005
1.494	1.6456834E-005
1.495	1.6745074E-005
1.496	1.7034739E-005
1.497	1.7288516E-005
1.498	1.7579217E-005
1.499	1.7834405E-005
1.5	1.8125154E-005
1.501	1.8416389E-005
1.502	1.8670169E-005
1.503	1.8959476E-005
1.504	1.9247571E-005
1.505	1.9534222E-005
1.506	1.9783587E-005
1.507	2.0066425E-005
1.508	2.0347648E-005
1.509	2.0591051E-005
1.51	2.0866428E-005
1.511	2.1139391E-005
1.512	2.1408294E-005
1.513	2.1640664E-005
1.514	2.1902617E-005
1.515	2.2160602E-005
1.516	2.2382785E-005
1.517	2.2632852E-005
1.518	2.2877239E-005
1.519	2.3116927E-005
1.52	2.3322631E-005
1.521	2.3552298E-005
1.522	2.3776372E-005
1.523	2.3994480E-005
1.524	2.4206944E-005
1.525	2.4387713E-005
1.526	2.4588109E-005
1.527	2.4781541E-005
1.528	2.4969197E-005
1.529	2.5149511E-005
1.53	2.5301519E-005
1.531	2.5468993E-005
1.532	2.5628706E-005
1.533	2.5780972E-005
1.534	2.5926009E-005
1.535	2.6063757E-005
1.536	2.6177413E-005
1.537	2.6300098E-005
1.538	2.6415131E-005
1.539	2.6522217E-005
1.54	2.6621114E-005
1.541	2.6712154E-005
1.542	2.6794285E-005
1.543	2.6860091E-005
1.544	2.6927723E-005
1.545	2.6986605E-005
1.546	2.7037093E-005
1.547	2.7079199E-005
1.548	2.7112825E-005
1.549	2.7138727E-005
1.55	2.7155840E-005
1.551	2.7164528E-005
1.552	2.7165162E-005
1.553	2.7157066E-005
1.554	2.7140950E-005
1.555	2.7120501E-005
1.556	2.7088461E-005
1.557	2.7048529E-005
1.558	2.7000830E-005
1.559	2.6944599E-005
1.56	2.6881335E-005
1.561	2.6809092E-005
1.562	2.6729589E-005
1.563	2.6641997E-005
1.564	2.6546952E-005
1.565	2.6444368E-005
1.566	2.6334172E-005
1.567	2.6216625E-005
1.568	2.6092097E-005
1.569	2.5960402E-005
1.57	2.5821657E-005
1.571	2.5676260E-005
1.572	2.5523803E-005
1.573	2.5364787E-005
1.574	2.5199482E-005
1.575	2.5027854E-005
1.576	2.4850318E-005
1.577	2.4643043E-005
1.578	2.4452527E-005
1.579	2.4255980E-005
1.58	2.4055089E-005
1.581	2.3847941E-005
1.582	2.3635868E-005
1.583	2.3419330E-005
1.584	2.3197101E-005
1.585	2.2971122E-005
1.586	2.2739974E-005
1.587	2.2505128E-005
1.588	2.2265611E-005
1.589	2.1991980E-005
1.59	2.1744703E-005
1.591	2.1494456E-005
1.592	2.1240183E-005
1.593	2.0999549E-005
1.594	2.0739670E-005
1.595	2.0477240E-005
1.596	2.0179226E-005
1.597	1.9911811E-005
1.598	1.9642444E-005
1.599	1.9370833E-005
1.6	1.9097584E-005
1.601	1.8823292E-005
1.602	1.8512701E-005
1.603	1.8235205E-005
1.604	1.7957374E-005
1.605	1.7678660E-005
1.606	1.7399560E-005
1.607	1.7085078E-005
1.608	1.6805283E-005
1.609	1.6525810E-005
1.61	1.6246382E-005
1.611	1.5967635E-005
1.612	1.5654929E-005
1.613	1.5378295E-005
1.614	1.5102062E-005
1.615	1.4827326E-005
1.616	1.4519665E-005
1.617	1.4248287E-005
1.618	1.3978700E-005
1.619	1.3710805E-005
1.62	1.3411881E-005
1.621	1.3148818E-005
1.622	1.2888189E-005
1.623	1.2598035E-005
1.624	1.2343437E-005
1.625	1.2091406E-005
1.626	1.1842289E-005
1.627	1.1566224E-005
1.628	1.1324341E-005
1.629	1.1086376E-005
1.63	1.0822854E-005
1.631	1.0592556E-005
1.632	1.0366295E-005
1.633	1.0116577E-005
1.634	9.8987512E-006
1.635	9.6590320E-006
1.636	9.4507059E-006
1.637	9.2467571E-006
1.638	9.0230442E-006
1.639	8.8289271E-006
1.64	8.6405616E-006
1.641	8.4334533E-006
1.642	8.2549986E-006
1.643	8.0811133E-006
1.644	7.8922549E-006
1.645	7.7298537E-006
1.646	7.5535427E-006
1.647	7.4023246E-006
1.648	7.2391376E-006
1.649	7.0995234E-006
1.65	6.9652360E-006
1.651	6.8214317E-006
1.652	6.6993039E-006
1.653	6.5684017E-006
1.654	6.4580022E-006
1.655	6.3410571E-006
1.656	6.2429617E-006
1.657	6.1393939E-006
1.658	6.0535754E-006
1.659	5.9637396E-006
1.66	5.8896749E-006
1.661	5.8218898E-006
1.662	5.7521911E-006
1.663	5.6965441E-006
1.664	5.6401277E-006
1.665	5.5963551E-006
1.666	5.5540313E-006
1.667	5.5218511E-006
1.668	5.4930051E-006
1.669	5.4706884E-006
1.67	5.4566285E-006
1.671	5.4474981E-006
1.672	5.4451907E-006
1.673	5.4486968E-006
1.674	5.4576508E-006
1.675	5.4736288E-006
1.676	5.4937004E-006
1.677	5.5218802E-006
1.678	5.5524379E-006
1.679	5.5927289E-006
1.68	5.6389949E-006
1.681	5.6852132E-006
1.682	5.7428456E-006
1.683	5.7987754E-006
1.684	5.8672176E-006
1.685	5.9411332E-006
1.686	6.0110269E-006
1.687	6.0952671E-006
1.688	6.1744331E-006
1.689	6.2679323E-006
1.69	6.3664138E-006
1.691	6.4580345E-006
1.692	6.5651866E-006
1.693	6.6768275E-006
1.694	6.7799583E-006
1.695	6.8994455E-006
1.696	7.0229812E-006
1.697	7.1362988E-006
1.698	7.2670300E-006
1.699	7.4011050E-006
1.7	7.5231674E-006
1.701	7.6634860E-006
1.702	7.8071716E-006
1.703	7.9366537E-006
1.704	8.0851287E-006
1.705	8.2364395E-006
1.706	8.3899504E-006
1.707	8.5280053E-006
1.708	8.6855189E-006
1.709	8.8446759E-006
1.71	8.9874038E-006
1.711	9.1493494E-006
1.712	9.3130366E-006
1.713	9.4775787E-006
1.714	9.6246422E-006
1.715	9.7911015E-006
1.716	9.9577073E-006
1.717	1.0125139E-005
1.718	1.0292921E-005
1.719	1.0441915E-005
1.72	1.0609743E-005
1.721	1.0777079E-005
1.722	1.0944323E-005
1.723	1.1110916E-005
1.724	1.1258489E-005
1.725	1.1423582E-005
1.726	1.1587877E-005
1.727	1.1750811E-005
1.728	1.1912592E-005
1.729	1.2055128E-005
1.73	1.2214081E-005
1.731	1.2371232E-005
1.732	1.2517717E-005
1.733	1.2671027E-005
1.734	1.2822035E-005
1.735	1.2970857E-005
1.736	1.3101231E-005
1.737	1.3245303E-005
1.738	1.3386583E-005
1.739	1.3525402E-005
1.74	1.3661192E-005
1.741	1.3793776E-005
1.742	1.3923564E-005
1.743	1.4049808E-005
1.744	1.4159239E-005
1.745	1.4278871E-005
1.746	1.4395004E-005
1.747	1.4507954E-005
1.748	1.4617045E-005
1.749	1.4722079E-005
1.75	1.4823032E-005
1.751	1.4919973E-005
1.752	1.5013161E-005
1.753	1.5102361E-005
1.754	1.5186781E-005
1.755	1.5267173E-005
1.756	1.5343605E-005
1.757	1.5415259E-005
1.758	1.5482423E-005
1.759	1.5545007E-005
1.76	1.5603482E-005
1.761	1.5657430E-005
1.762	1.5706431E-005
1.763	1.5750604E-005
1.764	1.5790967E-005
1.765	1.5825715E-005
1.766	1.5856151E-005
1.767	1.5881844E-005
1.768	1.5902782E-005
1.769	1.5918979E-005
1.77	1.5930642E-005
1.771	1.5937292E-005
1.772	1.5938933E-005
1.773	1.5936303E-005
1.774	1.5928972E-005
1.775	1.5916876E-005
1.776	1.5900554E-005
1.777	1.5879074E-005
1.778	1.5852949E-005
1.779	1.5818618E-005
1.78	1.5782776E-005
1.781	1.5742407E-005
1.782	1.5698020E-005
1.783	1.5648706E-005
1.784	1.5594966E-005
1.785	1.5537371E-005
1.786	1.5475491E-005
1.787	1.5408923E-005
1.788	1.5331003E-005
1.789	1.5255652E-005
1.79	1.5176748E-005
1.791	1.5093816E-005
1.792	1.5007041E-005
1.793	1.4916999E-005
1.794	1.4822657E-005
1.795	1.4713604E-005
1.796	1.4611668E-005
1.797	1.4506276E-005
1.798	1.4397785E-005
1.799	1.4286130E-005
1.8	1.4158340E-005
1.801	1.4039487E-005
1.802	1.3917750E-005
1.803	1.3793512E-005
1.804	1.3666343E-005
1.805	1.3521506E-005
1.806	1.3388808E-005
1.807	1.3253684E-005
1.808	1.3116422E-005
1.809	1.2960316E-005
1.81	1.2818641E-005
1.811	1.2673770E-005
1.812	1.2527776E-005
1.813	1.2363236E-005
1.814	1.2213497E-005
1.815	1.2061757E-005
1.816	1.1909278E-005
1.817	1.1737346E-005
1.818	1.1581724E-005
1.819	1.1424807E-005
1.82	1.1249523E-005
1.821	1.1090545E-005
1.822	1.0930575E-005
1.823	1.0770459E-005
1.824	1.0591848E-005
1.825	1.0430621E-005
1.826	1.0269236E-005
1.827	1.0088882E-005
1.828	9.9274985E-006
1.829	9.7653128E-006
1.83	9.5855648E-006
1.831	9.4238785E-006
1.832	9.2628934E-006
1.833	9.0847343E-006
1.834	8.9244159E-006
1.835	8.7471280E-006
1.836	8.5890333E-006
1.837	8.4311851E-006
1.838	8.2575998E-006
1.839	8.1019716E-006
1.84	7.9313495E-006
1.841	7.7786690E-006
1.842	7.6270835E-006
1.843	7.4609898E-006
1.844	7.3132405E-006
1.845	7.1586492E-006
1.846	7.0144515E-006
1.847	6.8721083E-006
1.848	6.7158921E-006
1.849	6.5777504E-006
1.85	6.4262567E-006
1.851	6.2923527E-006
1.852	6.1464671E-006
1.853	6.0176844E-006
1.854	5.8770570E-006
1.855	5.7538318E-006
1.856	5.6190916E-006
1.857	5.5012042E-006
1.858	5.3729100E-006
1.859	5.2603423E-006
1.86	5.1390352E-006
1.861	5.0322396E-006
1.862	4.9174505E-006
1.863	4.8172737E-006
1.864	4.7096396E-006
1.865	4.6156233E-006
1.866	4.5150991E-006
1.867	4.4280632E-006
1.868	4.3345667E-006
1.869	4.2538031E-006
1.87	4.1682420E-006
1.871	4.0945747E-006
1.872	4.0169284E-006
1.873	3.9429538E-006
1.874	3.8794910E-006
1.875	3.8137537E-006
1.876	3.7577615E-006
1.877	3.6995127E-006
1.878	3.6456026E-006
1.879	3.6002968E-006
1.88	3.5543269E-006
1.881	3.5167723E-006
1.882	3.4787381E-006
1.883	3.4448594E-006
1.884	3.4173470E-006
1.885	3.3911394E-006
1.886	3.3715139E-006
1.887	3.3533327E-006
1.888	3.3394306E-006
1.889	3.3304384E-006
1.89	3.3238005E-006
1.891	3.3211511E-006
1.892	3.3219676E-006
1.893	3.3272031E-006
1.894	3.3364956E-006
1.895	3.3476099E-006
1.896	3.3637414E-006
1.897	3.3835875E-006
1.898	3.4040904E-006
1.899	3.4312727E-006
1.9	3.4618481E-006
1.901	3.4955096E-006
1.902	3.5293249E-006
1.903	3.5700341E-006
1.904	3.6131128E-006
1.905	3.6552444E-006
1.906	3.7049892E-006
1.907	3.7583648E-006
1.908	3.8140208E-006
1.909	3.8668254E-006
1.91	3.9281708E-006
1.911	3.9927368E-006
1.912	4.0593004E-006
1.913	4.1218905E-006
1.914	4.1938702E-006
1.915	4.2676679E-006
1.916	4.3446230E-006
1.917	4.4233020E-006
1.918	4.4962194E-006
1.919	4.5789120E-006
1.92	4.6640553E-006
1.921	4.7505773E-006
1.922	4.8391121E-006
1.923	4.9290975E-006
1.924	5.0115200E-006
1.925	5.1046463E-006
1.926	5.1991688E-006
1.927	5.2951605E-006
1.928	5.3916601E-006
1.929	5.4901543E-006
1.93	5.5790774E-006
1.931	5.6791027E-006
1.932	5.7794600E-006
1.933	5.8809801E-006
1.934	5.9827776E-006
1.935	6.0851085E-006
1.936	6.1877968E-006
1.937	6.2910112E-006
1.938	6.3840885E-006
1.939	6.4821625E-006
1.94	6.5853324E-006
1.941	6.6885705E-006
1.942	6.7916135E-006
1.943	6.8941345E-006
1.944	6.9966554E-006
1.945	7.0987057E-006
1.946	7.1998102E-006
1.947	7.3003198E-006
1.948	7.4000295E-006
1.949	7.4991503E-006
1.95	7.5970574E-006
1.951	7.6940960E-006
1.952	7.7905179E-006
1.953	7.8848871E-006
1.954	7.9783968E-006
1.955	8.0702512E-006
1.956	8.1607450E-006
1.957	8.2500055E-006
1.958	8.3375808E-006
1.959	8.4234580E-006
1.96	8.5073771E-006
1.961	8.5894580E-006
1.962	8.6701348E-006
1.963	8.7483713E-006
1.964	8.8248726E-006
1.965	8.8989491E-006
1.966	8.9714622E-006
1.967	9.0414669E-006
1.968	9.1092461E-006
1.969	9.1749425E-006
1.97	9.2376986E-006
1.971	9.2986947E-006
1.972	9.3568788E-006
1.973	9.4125862E-006
1.974	9.4660381E-006
1.975	9.5165933E-006
1.976	9.5644964E-006
1.977	9.6145086E-006
1.978	9.6571457E-006
1.979	9.6963786E-006
1.98	9.7335351E-006
1.981	9.7679058E-006
1.982	9.7998090E-006
1.983	9.8282262E-006
1.984	9.8538203E-006
1.985	9.8790324E-006
1.986	9.8989658E-006
1.987	9.9159997E-006
1.988	9.9301387E-006
1.989	9.9414037E-006
1.99	9.9497674E-006
1.991	9.9555600E-006
1.992	9.9582367E-006
1.993	9.9576355E-006
1.994	9.9541430E-006
1.995	9.9477829E-006
1.996	9.9388890E-006
1.997	9.9254494E-006
1.998	9.9105873E-006
1.999	9.8925739E-006
2	9.8720948E-006
2.001	9.8485098E-006
2.002	9.8197206E-006
2.003	9.7907068E-006
2.004	9.7586799E-006
2.005	9.7243255E-006
2.006	9.6834683E-006
2.007	9.6432686E-006
2.008	9.6011709E-006
2.009	9.5559026E-006
2.01	9.5038540E-006
2.011	9.4537900E-006
2.012	9.4012958E-006
2.013	9.3408262E-006
2.014	9.2834680E-006
2.015	9.2235005E-006
2.016	9.1622087E-006
2.017	9.0913954E-006
2.018	9.0254143E-006
2.019	8.9576406E-006
2.02	8.8795987E-006
2.021	8.8073921E-006
2.022	8.7372746E-006
2.023	8.6537520E-006
2.024	8.5754955E-006
2.025	8.4963785E-006
2.026	8.4071626E-006
2.027	8.3242348E-006
2.028	8.2398828E-006
2.029	8.1456146E-006
2.03	8.0584105E-006
2.031	7.9609563E-006
2.032	7.8711464E-006
2.033	7.7799250E-006
2.034	7.6787674E-006
2.035	7.5854236E-006
2.036	7.4915019E-006
2.037	7.3865381E-006
2.038	7.2912280E-006
2.039	7.1848867E-006
2.04	7.0873775E-006
2.041	6.9797620E-006
2.042	6.8812001E-006
2.043	6.7822448E-006
2.044	6.6730640E-006
2.045	6.5734562E-006
2.046	6.4635460E-006
2.047	6.3635130E-006
2.048	6.2532877E-006
2.049	6.1531673E-006
2.05	6.0430530E-006
2.051	5.9431090E-006
2.052	5.8335122E-006
2.053	5.7339116E-006
2.054	5.6249050E-006
2.055	5.5265537E-006
2.056	5.4183961E-006
2.057	5.3204494E-006
2.058	5.2141436E-006
2.059	5.1176889E-006
2.06	5.0124354E-006
2.061	4.9178234E-006
2.062	4.8146694E-006
2.063	4.7216363E-006
2.064	4.6206310E-006
2.065	4.5296501E-006
2.066	4.4311100E-006
2.067	4.3425575E-006
2.068	4.2468710E-006
2.069	4.1524663E-006
2.07	4.0680329E-006
2.071	3.9766819E-006
2.072	3.8946905E-006
2.073	3.8069195E-006
2.074	3.7284083E-006
2.075	3.6438355E-006
2.076	3.5607991E-006
2.077	3.4874156E-006
2.078	3.4088064E-006
2.079	3.3390329E-006
2.08	3.2639600E-006
2.081	3.1910822E-006
2.082	3.1268839E-006
2.083	3.0585179E-006
2.084	2.9923876E-006
2.085	2.9340301E-006
2.086	2.8722241E-006
2.087	2.8128700E-006
2.088	2.7606366E-006
2.089	2.7058995E-006
2.09	2.6532846E-006
2.091	2.6079779E-006
2.092	2.5603858E-006
2.093	2.5150209E-006
2.094	2.4761600E-006
2.095	2.4359126E-006
2.096	2.3996179E-006
2.097	2.3643477E-006
2.098	2.3346183E-006
2.099	2.3039534E-006
2.1	2.2758625E-006
2.101	2.2527834E-006
2.102	2.2302013E-006
2.103	2.2097408E-006
2.104	2.1918452E-006
2.105	2.1778915E-006
2.106	2.1648757E-006
2.107	2.1546916E-006
2.108	2.1467397E-006
2.109	2.1411538E-006
2.11	2.1387571E-006
2.111	2.1380647E-006
2.112	2.1399662E-006
2.113	2.1442925E-006
2.114	2.1501412E-006
2.115	2.1593426E-006
2.116	2.1704564E-006
2.117	2.1838998E-006
2.118	2.1996532E-006
2.119	2.2177865E-006
2.12	2.2364625E-006
2.121	2.2589340E-006
2.122	2.2831782E-006
2.123	2.3096736E-006
2.124	2.3387520E-006
2.125	2.3693437E-006
2.126	2.3989417E-006
2.127	2.4332444E-006
2.128	2.4697324E-006
2.129	2.5080433E-006
2.13	2.5478441E-006
2.131	2.5895995E-006
2.132	2.6330217E-006
2.133	2.6783498E-006
2.134	2.7204242E-006
2.135	2.7687631E-006
2.136	2.8182110E-006
2.137	2.8694208E-006
2.138	2.9216517E-006
2.139	2.9755104E-006
2.14	3.0302433E-006
2.141	3.0863528E-006
2.142	3.1438310E-006
2.143	3.2020023E-006
2.144	3.2611665E-006
2.145	3.3218171E-006
2.146	3.3830031E-006
2.147	3.4450277E-006
2.148	3.5075770E-006
2.149	3.5712424E-006
2.15	3.6353217E-006
2.151	3.7000179E-006
2.152	3.7653456E-006
2.153	3.8309763E-006
2.154	3.8970961E-006
2.155	3.9632728E-006
2.156	4.0298469E-006
2.157	4.0967916E-006
2.158	4.1636822E-006
2.159	4.2308188E-006
2.16	4.2977927E-006
2.161	4.3649343E-006
2.162	4.4288468E-006
2.163	4.4957055E-006
2.164	4.5620695E-006
2.165	4.6283035E-006
2.166	4.6942473E-006
2.167	4.7593949E-006
2.168	4.8246779E-006
2.169	4.8888273E-006
2.17	4.9528717E-006
2.171	5.0161116E-006
2.172	5.0786093E-006
2.173	5.1463294E-006
2.174	5.2072010E-006
2.175	5.2674959E-006
2.176	5.3263266E-006
2.177	5.3848462E-006
2.178	5.4421394E-006
2.179	5.4986008E-006
2.18	5.5535975E-006
2.181	5.6122899E-006
2.182	5.6651879E-006
2.183	5.7166735E-006
2.184	5.7669163E-006
2.185	5.8160331E-006
2.186	5.8633559E-006
2.187	5.9139047E-006
2.188	5.9585354E-006
2.189	6.0016687E-006
2.19	6.0433354E-006
2.191	6.0836519E-006
2.192	6.1259093E-006
2.193	6.1625396E-006
2.194	6.1979499E-006
2.195	6.2317563E-006
2.196	6.2636523E-006
2.197	6.2967774E-006
2.198	6.3248967E-006
2.199	6.3517223E-006
2.2	6.3768007E-006
2.201	6.4001179E-006
2.202	6.4235614E-006
2.203	6.4428827E-006
2.204	6.4603973E-006
2.205	6.4779615E-006
2.206	6.4918872E-006
2.207	6.5039649E-006
2.208	6.5142121E-006
2.209	6.5233130E-006
2.21	6.5296763E-006
2.211	6.5341828E-006
2.212	6.5370236E-006
2.213	6.5374015E-006
2.214	6.5364134E-006
2.215	6.5333329E-006
2.216	6.5279169E-006
2.217	6.5209897E-006
2.218	6.5122376E-006
2.219	6.5009044E-006
2.22	6.4883661E-006
2.221	6.4742758E-006
2.222	6.4564142E-006
2.223	6.4394658E-006
2.224	6.4179417E-006
2.225	6.3968296E-006
2.226	6.3733141E-006
2.227	6.3460548E-006
2.228	6.3194916E-006
2.229	6.2913236E-006
2.23	6.2587392E-006
2.231	6.2267600E-006
2.232	6.1908231E-006
2.233	6.1558121E-006
2.234	6.1195310E-006
2.235	6.0785360E-006
2.236	6.0390144E-006
2.237	5.9945160E-006
2.238	5.9523340E-006
2.239	5.9045042E-006
2.24	5.8594951E-006
2.241	5.8132860E-006
2.242	5.7615712E-006
2.243	5.7126422E-006
2.244	5.6583021E-006
2.245	5.6069853E-006
2.246	5.5500973E-006
2.247	5.4965881E-006
2.248	5.4374973E-006
2.249	5.3820722E-006
2.25	5.3206445E-006
2.251	5.2635878E-006
2.252	5.2002974E-006
2.253	5.1414440E-006
2.254	5.0763083E-006
2.255	5.0162134E-006
2.256	4.9496530E-006
2.257	4.8881493E-006
2.258	4.8203979E-006
2.259	4.7576932E-006
2.26	4.6888399E-006
2.261	4.6252158E-006
2.262	4.5554943E-006
2.263	4.4855637E-006
2.264	4.4209546E-006
2.265	4.3503051E-006
2.266	4.2853567E-006
2.267	4.2144193E-006
2.268	4.1491912E-006
2.269	4.0781274E-006
2.27	4.0068248E-006
2.271	3.9419283E-006
2.272	3.8709077E-006
2.273	3.8060823E-006
2.274	3.7356947E-006
2.275	3.6653364E-006
2.276	3.6013462E-006
2.277	3.5317889E-006
2.278	3.4625223E-006
2.279	3.3996746E-006
2.28	3.3344284E-006
2.281	3.2722148E-006
2.282	3.2054011E-006
2.283	3.1389200E-006
2.284	3.0788808E-006
2.285	3.0140086E-006
2.286	2.9499322E-006
2.287	2.8920738E-006
2.288	2.8296781E-006
2.289	2.7682229E-006
2.29	2.7077756E-006
2.291	2.6533319E-006
2.292	2.5949057E-006
2.293	2.5375909E-006
2.294	2.4862313E-006
2.295	2.4311394E-006
2.296	2.3771022E-006
2.297	2.3245179E-006
2.298	2.2775910E-006
2.299	2.2271818E-006
2.3	2.1784642E-006
2.301	2.1312378E-006
2.302	2.0888144E-006
2.303	2.0442342E-006
2.304	2.0010957E-006
2.305	1.9592310E-006
2.306	1.9222628E-006
2.307	1.8832898E-006
2.308	1.8458471E-006
2.309	1.8106218E-006
2.31	1.7760858E-006
2.311	1.7463213E-006
2.312	1.7149620E-006
2.313	1.6855620E-006
2.314	1.6577693E-006
2.315	1.6316283E-006
2.316	1.6087782E-006
2.317	1.5860095E-006
2.318	1.5643571E-006
2.319	1.5447041E-006
2.32	1.5263839E-006
2.321	1.5100610E-006
2.322	1.4955253E-006
2.323	1.4834665E-006
2.324	1.4720251E-006
2.325	1.4620301E-006
2.326	1.4536956E-006
2.327	1.4472366E-006
2.328	1.4425322E-006
2.329	1.4390349E-006
2.33	1.4374884E-006
2.331	1.4374546E-006
2.332	1.4390844E-006
2.333	1.4419704E-006
2.334	1.4466165E-006
2.335	1.4526219E-006
2.336	1.4603679E-006
2.337	1.4697512E-006
2.338	1.4803373E-006
2.339	1.4927140E-006
2.34	1.5062387E-006
2.341	1.5214240E-006
2.342	1.5380126E-006
2.343	1.5561899E-006
2.344	1.5752504E-006
2.345	1.5958325E-006
2.346	1.6179299E-006
2.347	1.6412988E-006
2.348	1.6655581E-006
2.349	1.6912953E-006
2.35	1.7182650E-006
2.351	1.7463663E-006
2.352	1.7756273E-006
2.353	1.8058955E-006
2.354	1.8373024E-006
2.355	1.8694483E-006
2.356	1.9030073E-006
2.357	1.9372653E-006
2.358	1.9725530E-006
2.359	2.0088532E-006
2.36	2.0456182E-006
2.361	2.0832408E-006
2.362	2.1220799E-006
2.363	2.1612495E-006
2.364	2.2010947E-006
2.365	2.2417150E-006
2.366	2.2864263E-006
2.367	2.3279747E-006
2.368	2.3704604E-006
2.369	2.4132596E-006
2.37	2.4564131E-006
2.371	2.5000759E-006
2.372	2.5441898E-006
2.373	2.5885247E-006
2.374	2.6330033E-006
2.375	2.6818846E-006
2.376	2.7267624E-006
2.377	2.7719600E-006
2.378	2.8173688E-006
2.379	2.8627369E-006
2.38	2.9079811E-006
2.381	2.9514599E-006
2.382	3.0005449E-006
2.383	3.0459159E-006
2.384	3.0907531E-006
2.385	3.1358809E-006
2.386	3.1805525E-006
2.387	3.2286853E-006
2.388	3.2726864E-006
2.389	3.3166107E-006
2.39	3.3602396E-006
2.391	3.4031477E-006
2.392	3.4492928E-006
2.393	3.4914242E-006
2.394	3.5327707E-006
2.395	3.5740404E-006
2.396	3.6144750E-006
2.397	3.6576962E-006
2.398	3.6968049E-006
2.399	3.7353147E-006
2.4	3.7760312E-006
2.401	3.8130163E-006
2.402	3.8492267E-006
2.403	3.8843100E-006
2.404	3.9218712E-006
2.405	3.9553424E-006
2.406	3.9882798E-006
2.407	4.0201294E-006
2.408	4.0533673E-006
2.409	4.0832101E-006
2.41	4.1120879E-006
2.411	4.1421886E-006
2.412	4.1687836E-006
2.413	4.1944718E-006
2.414	4.2212291E-006
2.415	4.2447014E-006
2.416	4.2670431E-006
2.417	4.2900938E-006
2.418	4.3100927E-006
2.419	4.3287755E-006
2.42	4.3478099E-006
2.421	4.3643913E-006
2.422	4.3807554E-006
2.423	4.3946743E-006
2.424	4.4073831E-006
2.425	4.4200715E-006
2.426	4.4300537E-006
2.427	4.4391591E-006
2.428	4.4473040E-006
2.429	4.4537042E-006
2.43	4.4593648E-006
2.431	4.4631738E-006
2.432	4.4660183E-006
2.433	4.4672338E-006
2.434	4.4673875E-006
2.435	4.4658918E-006
2.436	4.4634580E-006
2.437	4.4591711E-006
2.438	4.4541689E-006
2.439	4.4474732E-006
2.44	4.4395633E-006
2.441	4.4301305E-006
2.442	4.4198941E-006
2.443	4.4090011E-006
2.444	4.3948785E-006
2.445	4.3813652E-006
2.446	4.3651539E-006
2.447	4.3490641E-006
2.448	4.3302753E-006
2.449	4.3102027E-006
2.45	4.2904135E-006
2.451	4.2698875E-006
2.452	4.2462125E-006
2.453	4.2216443E-006
2.454	4.1974922E-006
2.455	4.1704416E-006
2.456	4.1442167E-006
2.457	4.1149951E-006
2.458	4.0867944E-006
2.459	4.0554692E-006
2.46	4.0253972E-006
2.461	3.9920765E-006
2.462	3.9577708E-006
2.463	3.9251349E-006
2.464	3.8888957E-006
2.465	3.8546550E-006
2.466	3.8168218E-006
2.467	3.7781761E-006
2.468	3.7415564E-006
2.469	3.7015366E-006
2.47	3.6636907E-006
2.471	3.6238007E-006
2.472	3.5812677E-006
2.473	3.5419548E-006
2.474	3.4983968E-006
2.475	3.4578386E-006
2.476	3.4134544E-006
2.477	3.3684360E-006
2.478	3.3266547E-006
2.479	3.2806993E-006
2.48	3.2346188E-006
2.481	3.1916156E-006
2.482	3.1447275E-006
2.483	3.0976514E-006
2.484	3.0502574E-006
2.485	3.0064327E-006
2.486	2.9589253E-006
2.487	2.9110388E-006
2.488	2.8668103E-006
2.489	2.8187603E-006
2.49	2.7709495E-006
2.491	2.7268698E-006
2.492	2.6789255E-006
2.493	2.6311504E-006
2.494	2.5835104E-006
2.495	2.5397867E-006
2.496	2.4924072E-006
2.497	2.4455953E-006
2.498	2.3986961E-006
2.499	2.3558928E-006
2.5	2.3095952E-006
2.501	2.2640720E-006
2.502	2.2185793E-006
2.503	2.1734902E-006
2.504	2.1324026E-006
2.505	2.0885100E-006
2.506	2.0450223E-006
2.507	2.0022285E-006
2.508	1.9598874E-006
2.509	1.9213230E-006
2.51	1.8803322E-006
2.511	1.8400104E-006
2.512	1.8001540E-006
2.513	1.7628124E-006
2.514	1.7244269E-006
2.515	1.6899792E-006
2.516	1.6532189E-006
2.517	1.6172963E-006
2.518	1.5823476E-006
2.519	1.5481498E-006
2.52	1.5149149E-006
2.521	1.4826229E-006
2.522	1.4535179E-006
2.523	1.4230623E-006
2.524	1.3932981E-006
2.525	1.3649537E-006
2.526	1.3372056E-006
2.527	1.3107145E-006
2.528	1.2850954E-006
2.529	1.2607692E-006
2.53	1.2373147E-006
2.531	1.2148654E-006
2.532	1.1937320E-006
2.533	1.1735102E-006
2.534	1.1557714E-006
2.535	1.1375107E-006
2.536	1.1207759E-006
2.537	1.1050788E-006
2.538	1.0901718E-006
2.539	1.0767236E-006
2.54	1.0641512E-006
2.541	1.0527920E-006
2.542	1.0424862E-006
2.543	1.0336419E-006
2.544	1.0256836E-006
2.545	1.0188544E-006
2.546	1.0132369E-006
2.547	1.0085788E-006
2.548	1.0052895E-006
2.549	1.0029513E-006
2.55	1.0018862E-006
2.551	1.0017593E-006
2.552	1.0027212E-006
2.553	1.0046555E-006
2.554	1.0077476E-006
2.555	1.0119066E-006
2.556	1.0172829E-006
2.557	1.0239703E-006
2.558	1.0313491E-006
2.559	1.0399050E-006
2.56	1.0492926E-006
2.561	1.0596742E-006
2.562	1.0711141E-006
2.563	1.0835926E-006
2.564	1.0967638E-006
2.565	1.1110931E-006
2.566	1.1261749E-006
2.567	1.1421454E-006
2.568	1.1603541E-006
2.569	1.1781866E-006
2.57	1.1966741E-006
2.571	1.2162012E-006
2.572	1.2364403E-006
2.573	1.2573588E-006
2.574	1.2790052E-006
2.575	1.3033011E-006
2.576	1.3264017E-006
2.577	1.3502568E-006
2.578	1.3746794E-006
2.579	1.3998203E-006
2.58	1.4253972E-006
2.581	1.4537358E-006
2.582	1.4805078E-006
2.583	1.5078604E-006
2.584	1.5356044E-006
2.585	1.5639200E-006
2.586	1.5947510E-006
2.587	1.6238155E-006
2.588	1.6534581E-006
2.589	1.6832306E-006
2.59	1.7122917E-006
2.591	1.7450144E-006
2.592	1.7756608E-006
2.593	1.8067274E-006
2.594	1.8377964E-006
2.595	1.8714810E-006
2.596	1.9029982E-006
2.597	1.9346278E-006
2.598	1.9663348E-006
2.599	2.0005755E-006
2.6	2.0323291E-006
2.601	2.0641533E-006
2.602	2.0983991E-006
2.603	2.1300516E-006
2.604	2.1617329E-006
2.605	2.1933877E-006
2.606	2.2271349E-006
2.607	2.2584929E-006
2.608	2.2895936E-006
2.609	2.3227299E-006
2.61	2.3534026E-006
2.611	2.3835960E-006
2.612	2.4160699E-006
2.613	2.4457336E-006
2.614	2.4751282E-006
2.615	2.5063373E-006
2.616	2.5348634E-006
2.617	2.5652680E-006
2.618	2.5929789E-006
2.619	2.6202167E-006
2.62	2.6490786E-006
2.621	2.6752678E-006
2.622	2.7010888E-006
2.623	2.7279943E-006
2.624	2.7525189E-006
2.625	2.7784290E-006
2.626	2.8009088E-006
2.627	2.8235304E-006
2.628	2.8473050E-006
2.629	2.8686723E-006
2.63	2.8910954E-006
2.631	2.9110602E-006
2.632	2.9316607E-006
2.633	2.9502587E-006
2.634	2.9693938E-006
2.635	2.9863261E-006
2.636	3.0037597E-006
2.637	3.0192487E-006
2.638	3.0336821E-006
2.639	3.0486592E-006
2.64	3.0616911E-006
2.641	3.0745925E-006
2.642	3.0860892E-006
2.643	3.0971396E-006
2.644	3.1066231E-006
2.645	3.1160757E-006
2.646	3.1238069E-006
2.647	3.1313591E-006
2.648	3.1374564E-006
2.649	3.1428106E-006
2.65	3.1474458E-006
2.651	3.1508200E-006
2.652	3.1532393E-006
2.653	3.1548161E-006
2.654	3.1555767E-006
2.655	3.1552145E-006
2.656	3.1540412E-006
2.657	3.1520269E-006
2.658	3.1489269E-006
2.659	3.1445675E-006
2.66	3.1399939E-006
2.661	3.1340123E-006
2.662	3.1277218E-006
2.663	3.1197555E-006
2.664	3.1109721E-006
2.665	3.1019340E-006
2.666	3.0911892E-006
2.667	3.0806079E-006
2.668	3.0679332E-006
2.669	3.0547696E-006
2.67	3.0414565E-006
2.671	3.0264275E-006
2.672	3.0106769E-006
2.673	2.9949954E-006
2.674	2.9773521E-006
2.675	2.9591163E-006
2.676	2.9413470E-006
2.677	2.9214425E-006
2.678	2.9008966E-006
2.679	2.8807797E-006
2.68	2.8587924E-006
2.681	2.8361042E-006
2.682	2.8141285E-006
2.683	2.7899791E-006
2.684	2.7650599E-006
2.685	2.7397348E-006
2.686	2.7155327E-006
2.687	2.6890211E-006
2.688	2.6618393E-006
2.689	2.6359892E-006
2.69	2.6079733E-006
2.691	2.5791185E-006
2.692	2.5500096E-006
2.693	2.5225547E-006
2.694	2.4923766E-006
2.695	2.4631343E-006
2.696	2.4323222E-006
2.697	2.4032370E-006
2.698	2.3718023E-006
2.699	2.3401008E-006
2.7	2.3080834E-006
2.701	2.2756503E-006
2.702	2.2454462E-006
2.703	2.2127772E-006
2.704	2.1798257E-006
2.705	2.1467631E-006
2.706	2.1135086E-006
2.707	2.0802686E-006
2.708	2.0491543E-006
2.709	2.0157493E-006
2.71	1.9823442E-006
2.711	1.9489410E-006
2.712	1.9155639E-006
2.713	1.8820560E-006
2.714	1.8511470E-006
2.715	1.8178828E-006
2.716	1.7848175E-006
2.717	1.7519478E-006
2.718	1.7189977E-006
2.719	1.6864963E-006
2.72	1.6541547E-006
2.721	1.6220990E-006
2.722	1.5901759E-006
2.723	1.5609291E-006
2.724	1.5295146E-006
2.725	1.4988002E-006
2.726	1.4680747E-006
2.727	1.4389259E-006
2.728	1.4092517E-006
2.729	1.3797757E-006
2.73	1.3509610E-006
2.731	1.3222666E-006
2.732	1.2943818E-006
2.733	1.2668031E-006
2.734	1.2397315E-006
2.735	1.2132849E-006
2.736	1.1874652E-006
2.737	1.1621355E-006
2.738	1.1372732E-006
2.739	1.1131119E-006
2.74	1.0895426E-006
2.741	1.0666129E-006
2.742	1.0443599E-006
2.743	1.0226577E-006
2.744	1.0016784E-006
2.745	9.8140163E-007
2.746	9.6184010E-007
2.747	9.4297803E-007
2.748	9.2494741E-007
2.749	9.0752167E-007
2.75	8.9069943E-007
2.751	8.7474990E-007
2.752	8.5967747E-007
2.753	8.4504359E-007
2.754	8.3136484E-007
2.755	8.1858337E-007
2.756	8.0631969E-007
2.757	7.9496255E-007
2.758	7.8474091E-007
2.759	7.7436050E-007
2.76	7.6526374E-007
2.761	7.5722096E-007
2.762	7.4977436E-007
2.763	7.4312430E-007
2.764	7.3739784E-007
2.765	7.3233480E-007
2.766	7.2819506E-007
2.767	7.2454020E-007
2.768	7.2190687E-007
2.769	7.2012392E-007
2.77	7.1905896E-007
2.771	7.1890003E-007
2.772	7.1945016E-007
2.773	7.2076432E-007
2.774	7.2311974E-007
2.775	7.2594258E-007
2.776	7.2951548E-007
2.777	7.3401117E-007
2.778	7.3905147E-007
2.779	7.4524269E-007
2.78	7.5189587E-007
2.781	7.5913243E-007
2.782	7.6729407E-007
2.783	7.7584684E-007
2.784	7.8596355E-007
2.785	7.9590251E-007
2.786	8.0675306E-007
2.787	8.1795355E-007
2.788	8.2943933E-007
2.789	8.4292276E-007
2.79	8.5612646E-007
2.791	8.6984829E-007
2.792	8.8409138E-007
2.793	9.0012270E-007
2.794	9.1552272E-007
2.795	9.3131274E-007
2.796	9.4902384E-007
2.797	9.6599797E-007
2.798	9.8333271E-007
2.799	1.0012182E-006
2.8	1.0208602E-006
2.801	1.0396998E-006
2.802	1.0587627E-006
2.803	1.0795920E-006
2.804	1.0993878E-006
2.805	1.1196222E-006
2.806	1.1416145E-006
2.807	1.1624868E-006
2.808	1.1836155E-006
2.809	1.2065140E-006
2.81	1.2280842E-006
2.811	1.2499489E-006
2.812	1.2735776E-006
2.813	1.2957458E-006
2.814	1.3198033E-006
2.815	1.3422837E-006
2.816	1.3650482E-006
2.817	1.3894236E-006
2.818	1.4114271E-006
2.819	1.4343095E-006
2.82	1.4588650E-006
2.821	1.4818323E-006
2.822	1.5062637E-006
2.823	1.5293484E-006
2.824	1.5538312E-006
2.825	1.5765424E-006
2.826	1.5993048E-006
2.827	1.6235634E-006
2.828	1.6460951E-006
2.829	1.6700266E-006
2.83	1.6922477E-006
2.831	1.7158549E-006
2.832	1.7376051E-006
2.833	1.7607938E-006
2.834	1.7821017E-006
2.835	1.8032365E-006
2.836	1.8256752E-006
2.837	1.8461627E-006
2.838	1.8677819E-006
2.839	1.8876541E-006
2.84	1.9085285E-006
2.841	1.9291342E-006
2.842	1.9480767E-006
2.843	1.9677400E-006
2.844	1.9857923E-006
2.845	2.0046625E-006
2.846	2.0211053E-006
2.847	2.0390476E-006
2.848	2.0553271E-006
2.849	2.0722562E-006
2.85	2.0874847E-006
2.851	2.1033561E-006
2.852	2.1176554E-006
2.853	2.1325218E-006
2.854	2.1465978E-006
2.855	2.1592741E-006
2.856	2.1722683E-006
2.857	2.1838289E-006
2.858	2.1954907E-006
2.859	2.2066192E-006
2.86	2.2164138E-006
2.861	2.2263764E-006
2.862	2.2348679E-006
2.863	2.2435286E-006
2.864	2.2512897E-006
2.865	2.2581273E-006
2.866	2.2645568E-006
2.867	2.2705049E-006
2.868	2.2753241E-006
2.869	2.2798040E-006
2.87	2.2835734E-006
2.871	2.2864538E-006
2.872	2.2888507E-006
2.873	2.2905458E-006
2.874	2.2914974E-006
2.875	2.2918264E-006
2.876	2.2914428E-006
2.877	2.2905540E-006
2.878	2.2887978E-006
2.879	2.2863351E-006
2.88	2.2834020E-006
2.881	2.2796908E-006
2.882	2.2752872E-006
2.883	2.2699696E-006
2.884	2.2644938E-006
2.885	2.2580728E-006
2.886	2.2508721E-006
2.887	2.2431127E-006
2.888	2.2352795E-006
2.889	2.2260424E-006
2.89	2.2164684E-006
2.891	2.2059498E-006
2.892	2.1957710E-006
2.893	2.1841558E-006
2.894	2.1719411E-006
2.895	2.1592434E-006
2.896	2.1467451E-006
2.897	2.1330279E-006
2.898	2.1185526E-006
2.899	2.1035971E-006
2.9	2.0886114E-006
2.901	2.0736234E-006
2.902	2.0570808E-006
2.903	2.0401294E-006
2.904	2.0226330E-006
2.905	2.0047360E-006
2.906	1.9863828E-006
2.907	1.9675067E-006
2.908	1.9496133E-006
2.909	1.9300587E-006
2.91	1.9100116E-006
2.911	1.8896646E-006
2.912	1.8690608E-006
2.913	1.8479509E-006
2.914	1.8265912E-006
2.915	1.8063400E-006
2.916	1.7844754E-006
2.917	1.7621729E-006
2.918	1.7397944E-006
2.919	1.7170207E-006
2.92	1.6941412E-006
2.921	1.6711202E-006
2.922	1.6478422E-006
2.923	1.6243505E-006
2.924	1.6007551E-006
2.925	1.5770471E-006
2.926	1.5540658E-006
2.927	1.5301711E-006
2.928	1.5077774E-006
2.929	1.4838131E-006
2.93	1.4598049E-006
2.931	1.4356926E-006
2.932	1.4116961E-006
2.933	1.3875856E-006
2.934	1.3636176E-006
2.935	1.3397132E-006
2.936	1.3157563E-006
2.937	1.2919473E-006
2.938	1.2683381E-006
2.939	1.2448434E-006
2.94	1.2214192E-006
2.941	1.1982239E-006
2.942	1.1751372E-006
2.943	1.1523952E-006
2.944	1.1297069E-006
2.945	1.1072592E-006
2.946	1.0836455E-006
2.947	1.0617017E-006
2.948	1.0401200E-006
2.949	1.0188237E-006
2.95	9.9775468E-007
2.951	9.7781287E-007
2.952	9.5729160E-007
2.953	9.3732984E-007
2.954	9.1766651E-007
2.955	8.9838966E-007
2.956	8.7941561E-007
2.957	8.6091063E-007
2.958	8.4162178E-007
2.959	8.2391017E-007
2.96	8.0675682E-007
2.961	7.9004536E-007
2.962	7.7354548E-007
2.963	7.5769827E-007
2.964	7.4238795E-007
2.965	7.2749094E-007
2.966	7.1211537E-007
2.967	6.9828957E-007
2.968	6.8482433E-007
2.969	6.7202870E-007
2.97	6.5959642E-007
2.971	6.4783990E-007
2.972	6.3673542E-007
2.973	6.2524350E-007
2.974	6.1515306E-007
2.975	6.0551918E-007
2.976	5.9677109E-007
2.977	5.8822633E-007
2.978	5.7976428E-007
2.979	5.7249383E-007
2.98	5.6584122E-007
2.981	5.5950318E-007
2.982	5.5366479E-007
2.983	5.4861135E-007
2.984	5.4428602E-007
2.985	5.4032733E-007
2.986	5.3681941E-007
2.987	5.3419950E-007
2.988	5.3209885E-007
2.989	5.3056732E-007
2.99	5.2963372E-007
2.991	5.2922064E-007
2.992	5.2936821E-007
2.993	5.3022688E-007
2.994	5.3161841E-007
2.995	5.3356416E-007
2.996	5.3600513E-007
2.997	5.3927522E-007
2.998	5.4287375E-007
2.999	5.4685296E-007
3	5.5147967E-007
