theta_deg	R
0.001	1.0000052E+000
0.002	1.0000052E+000
0.003	1.0000052E+000
0.004	1.0000052E+000
0.005	1.0000052E+000
0.006	1.0000052E+000
0.007	1.0000052E+000
0.008	1.0000052E+000
0.009	1.0000052E+000
0.01	1.0000052E+000
0.011	1.0000052E+000
0.012	1.0000052E+000
0.013	1.0000052E+000
0.014	9.9406159E-001
0.015	9.9406159E-001
0.016	9.9406159E-001
0.017	9.9406159E-001
0.018	9.9406159E-001
0.019	9.9406159E-001
0.02	9.9406159E-001
0.021	9.9406159E-001
0.022	9.9406159E-001
0.023	9.9406159E-001
0.024	9.9406159E-001
0.025	9.9159992E-001
0.026	9.9159992E-001
0.027	9.9159992E-001
0.028	9.9159992E-001
0.029	9.9159992E-001
0.03	9.9159992E-001
0.031	9.9159992E-001
0.032	9.8971117E-001
0.033	9.8971117E-001
0.034	9.8971117E-001
0.035	9.8971117E-001
0.036	9.8971117E-001
0.037	9.8971117E-001
0.038	9.8811692E-001
0.039	9.8811692E-001
0.04	9.8811692E-001
0.041	9.8811692E-001
0.042	9.8670769E-001
0.043	9.8670769E-001
0.044	9.8670769E-001
0.045	9.8670769E-001
0.046	9.8670769E-001
0.047	9.8543394E-001
0.048	9.8543394E-001
0.049	9.8543394E-001
0.05	9.8543394E-001
0.051	9.8425740E-001
0.052	9.8425740E-001
0.053	9.8425740E-001
0.054	9.8425740E-001
0.055	9.8316354E-001
0.056	9.8316354E-001
0.057	9.8316354E-001
0.058	9.8213047E-001
0.059	9.8213047E-001
0.06	9.8213047E-001
0.061	9.8115522E-001
0.062	9.8115522E-001
0.063	9.8115522E-001
0.064	9.8115522E-001
0.065	9.8022139E-001
0.066	9.8022139E-001
0.067	9.8022139E-001
0.068	9.7933167E-001
0.069	9.7933167E-001
0.07	9.7847182E-001
0.071	9.7847182E-001
0.072	9.7847182E-001
0.073	9.7764248E-001
0.074	9.7764248E-001
0.075	9.7764248E-001
0.076	9.7684544E-001
0.077	9.7684544E-001
0.078	9.7606736E-001
0.079	9.7606736E-001
0.08	9.7606736E-001
0.081	9.7531724E-001
0.082	9.7531724E-001
0.083	9.7458154E-001
0.084	9.7458154E-001
0.085	9.7458154E-001
0.086	9.7386390E-001
0.087	9.7386390E-001
0.088	9.7316974E-001
0.089	9.7316974E-001
0.09	9.7248471E-001
0.091	9.7248471E-001
0.092	9.7181427E-001
0.093	9.7181427E-001
0.094	9.7116345E-001
0.095	9.7116345E-001
0.096	9.7051907E-001
0.097	9.7051907E-001
0.098	9.6988606E-001
0.099	9.6988606E-001
0.1	9.6926403E-001
0.101	9.6926403E-001
0.102	9.6865928E-001
0.103	9.6865928E-001
0.104	9.6805727E-001
0.105	9.6805727E-001
0.106	9.6746439E-001
0.107	9.6746439E-001
0.108	9.6688008E-001
0.109	9.6688008E-001
0.11	9.6630400E-001
0.111	9.6630400E-001
0.112	9.6573550E-001
0.113	9.6518224E-001
0.114	9.6518224E-001
0.115	9.6462816E-001
0.116	9.6462816E-001
0.117	9.6408123E-001
0.118	9.6354014E-001
0.119	9.6354014E-001
0.12	9.6300530E-001
0.121	9.6300530E-001
0.122	9.6247625E-001
0.123	9.6195281E-001
0.124	9.6195281E-001
0.125	9.6143454E-001
0.126	9.6092141E-001
0.127	9.6092141E-001
0.128	9.6041352E-001
0.129	9.5991009E-001
0.13	9.5991009E-001
0.131	9.5941120E-001
0.132	9.5891666E-001
0.133	9.5891666E-001
0.134	9.5842630E-001
0.135	9.5794010E-001
0.136	9.5794010E-001
0.137	9.5745784E-001
0.138	9.5697933E-001
0.139	9.5697933E-001
0.14	9.5650452E-001
0.141	9.5602363E-001
0.142	9.5555556E-001
0.143	9.5555556E-001
0.144	9.5509100E-001
0.145	9.5462942E-001
0.146	9.5462942E-001
0.147	9.5417106E-001
0.148	9.5370567E-001
0.149	9.5325309E-001
0.15	9.5325309E-001
0.151	9.5280355E-001
0.152	9.5234627E-001
0.153	9.5190179E-001
0.154	9.5146006E-001
0.155	9.5146006E-001
0.156	9.5101035E-001
0.157	9.5057350E-001
0.158	9.5012826E-001
0.159	9.4969600E-001
0.16	9.4969600E-001
0.161	9.4926608E-001
0.162	9.4882751E-001
0.163	9.4840181E-001
0.164	9.4796729E-001
0.165	9.4754535E-001
0.166	9.4754535E-001
0.167	9.4711465E-001
0.168	9.4668567E-001
0.169	9.4626963E-001
0.17	9.4584411E-001
0.171	9.4543153E-001
0.172	9.4500947E-001
0.173	9.4500947E-001
0.174	9.4458890E-001
0.175	9.4416988E-001
0.176	9.4376415E-001
0.177	9.4334817E-001
0.178	9.4293350E-001
0.179	9.4252044E-001
0.18	9.4212055E-001
0.181	9.4171005E-001
0.182	9.4130105E-001
0.183	9.4089323E-001
0.184	9.4048667E-001
0.185	9.4048667E-001
0.186	9.4008130E-001
0.187	9.3967706E-001
0.188	9.3927413E-001
0.189	9.3887240E-001
0.19	9.3847179E-001
0.191	9.3807197E-001
0.192	9.3767339E-001
0.193	9.3727595E-001
0.194	9.3687969E-001
0.195	9.3648398E-001
0.196	9.3608928E-001
0.197	9.3569595E-001
0.198	9.3530333E-001
0.199	9.3491173E-001
0.2	9.3450779E-001
0.201	9.3411762E-001
0.202	9.3372858E-001
0.203	9.3332708E-001
0.204	9.3293941E-001
0.205	9.3255293E-001
0.206	9.3215340E-001
0.207	9.3176854E-001
0.208	9.3098658E-001
0.209	9.3058985E-001
0.21	9.3020755E-001
0.211	9.2981207E-001
0.212	9.2943114E-001
0.213	9.2903668E-001
0.214	9.2864305E-001
0.215	9.2826372E-001
0.216	9.2787105E-001
0.217	9.2747873E-001
0.218	9.2710114E-001
0.219	9.2633325E-001
0.22	9.2594248E-001
0.221	9.2555201E-001
0.222	9.2516166E-001
0.223	9.2477161E-001
0.224	9.2438155E-001
0.225	9.2399210E-001
0.226	9.2321491E-001
0.227	9.2282659E-001
0.228	9.2243922E-001
0.229	9.2205262E-001
0.23	9.2165142E-001
0.231	9.2126536E-001
0.232	9.2049497E-001
0.233	9.2009485E-001
0.234	9.1971064E-001
0.235	9.1932666E-001
0.236	9.1892785E-001
0.237	9.1814607E-001
0.238	9.1776353E-001
0.239	9.1736567E-001
0.24	9.1698390E-001
0.241	9.1658652E-001
0.242	9.1580796E-001
0.243	9.1541129E-001
0.244	9.1504651E-001
0.245	9.1465032E-001
0.246	9.1385853E-001
0.247	9.1346276E-001
0.248	9.1306752E-001
0.249	9.1267198E-001
0.25	9.1188210E-001
0.251	9.1148698E-001
0.252	9.1109228E-001
0.253	9.1030347E-001
0.254	9.0989256E-001
0.255	9.0949827E-001
0.256	9.0910393E-001
0.257	9.0829951E-001
0.258	9.0790564E-001
0.259	9.0749538E-001
0.26	9.0669113E-001
0.261	9.0629762E-001
0.262	9.0588719E-001
0.263	9.0510058E-001
0.264	9.0469050E-001
0.265	9.0428019E-001
0.266	9.0345991E-001
0.267	9.0304971E-001
0.268	9.0222907E-001
0.269	9.0181881E-001
0.27	9.0140831E-001
0.271	9.0058768E-001
0.272	9.0017718E-001
0.273	8.9974934E-001
0.274	8.9892823E-001
0.275	8.9849985E-001
0.276	8.9767861E-001
0.277	8.9725006E-001
0.278	8.9683896E-001
0.279	8.9599937E-001
0.28	8.9557046E-001
0.281	8.9472979E-001
0.282	8.9430076E-001
0.283	8.9344156E-001
0.284	8.9301187E-001
0.285	8.9213389E-001
0.286	8.9170361E-001
0.287	8.9125502E-001
0.288	8.9037561E-001
0.289	8.8994467E-001
0.29	8.8904572E-001
0.291	8.8861412E-001
0.292	8.8773251E-001
0.293	8.8728195E-001
0.294	8.8639861E-001
0.295	8.8594759E-001
0.296	8.8502598E-001
0.297	8.8457417E-001
0.298	8.8366967E-001
0.299	8.8319832E-001
0.3	8.8227344E-001
0.301	8.8134778E-001
0.302	8.8087499E-001
0.303	8.7994730E-001
0.304	8.7947369E-001
0.305	8.7852502E-001
0.306	8.7803125E-001
0.307	8.7708092E-001
0.308	8.7660527E-001
0.309	8.7561452E-001
0.31	8.7464160E-001
0.311	8.7414491E-001
0.312	8.7316948E-001
0.313	8.7267208E-001
0.314	8.7167525E-001
0.315	8.7065756E-001
0.316	8.7015778E-001
0.317	8.6913764E-001
0.318	8.6861730E-001
0.319	8.6757487E-001
0.32	8.6653090E-001
0.321	8.6600822E-001
0.322	8.6494160E-001
0.323	8.6387348E-001
0.324	8.6334854E-001
0.325	8.6225766E-001
0.326	8.6116457E-001
0.327	8.6059737E-001
0.328	8.5950124E-001
0.329	8.5838354E-001
0.33	8.5781389E-001
0.331	8.5667288E-001
0.332	8.5552984E-001
0.333	8.5495740E-001
0.334	8.5379118E-001
0.335	8.5260212E-001
0.336	8.5200685E-001
0.337	8.5081446E-001
0.338	8.4962022E-001
0.339	8.4838259E-001
0.34	8.4776300E-001
0.341	8.4650147E-001
0.342	8.4525794E-001
0.343	8.4397107E-001
0.344	8.4332687E-001
0.345	8.4205693E-001
0.346	8.4072298E-001
0.347	8.3940727E-001
0.348	8.3873814E-001
0.349	8.3739817E-001
0.35	8.3601409E-001
0.351	8.3462727E-001
0.352	8.3321780E-001
0.353	8.3252233E-001
0.354	8.3108830E-001
0.355	8.2963055E-001
0.356	8.2817084E-001
0.357	8.2668805E-001
0.358	8.2516062E-001
0.359	8.2439613E-001
0.36	8.2284456E-001
0.361	8.2129049E-001
0.362	8.1969285E-001
0.363	8.1809247E-001
0.364	8.1644863E-001
0.365	8.1561518E-001
0.366	8.1394690E-001
0.367	8.1225652E-001
0.368	8.1054288E-001
0.369	8.0876493E-001
0.37	8.0698544E-001
0.371	8.0518377E-001
0.372	8.0333906E-001
0.373	8.0147243E-001
0.374	8.0052847E-001
0.375	7.9859823E-001
0.376	7.9670948E-001
0.377	7.9469550E-001
0.378	7.9268175E-001
0.379	7.9062688E-001
0.38	7.8853160E-001
0.381	7.8643775E-001
0.382	7.8422099E-001
0.383	7.8204906E-001
0.384	7.7979690E-001
0.385	7.7750707E-001
0.386	7.7513945E-001
0.387	7.7277702E-001
0.388	7.7037954E-001
0.389	7.6790708E-001
0.39	7.6540178E-001
0.391	7.6282406E-001
0.392	7.6021606E-001
0.393	7.5753874E-001
0.394	7.5483423E-001
0.395	7.5202364E-001
0.396	7.4918979E-001
0.397	7.4625409E-001
0.398	7.4329984E-001
0.399	7.4028957E-001
0.4	7.3718613E-001
0.401	7.3403239E-001
0.402	7.3083210E-001
0.403	7.2751069E-001
0.404	7.2415078E-001
0.405	7.2067893E-001
0.406	7.1713978E-001
0.407	7.1353847E-001
0.408	7.0984298E-001
0.409	7.0602256E-001
0.41	7.0020133E-001
0.411	6.9619691E-001
0.412	6.9206053E-001
0.413	6.8787557E-001
0.414	6.8357950E-001
0.415	6.7911267E-001
0.416	6.7463142E-001
0.417	6.7000651E-001
0.418	6.6525328E-001
0.419	6.5795302E-001
0.42	6.5288180E-001
0.421	6.4774156E-001
0.422	6.4244866E-001
0.423	6.3702208E-001
0.424	6.3144839E-001
0.425	6.2289959E-001
0.426	6.1697000E-001
0.427	6.1088657E-001
0.428	6.0472244E-001
0.429	5.9835982E-001
0.43	5.9186262E-001
0.431	5.8183092E-001
0.432	5.7487530E-001
0.433	5.6786382E-001
0.434	5.6058919E-001
0.435	5.4941952E-001
0.436	5.4174590E-001
0.437	5.3391737E-001
0.438	5.2592111E-001
0.439	5.1773524E-001
0.44	5.0513399E-001
0.441	4.9651450E-001
0.442	4.8772201E-001
0.443	4.7877795E-001
0.444	4.6498904E-001
0.445	4.5561346E-001
0.446	4.4606665E-001
0.447	4.3146461E-001
0.448	4.2155737E-001
0.449	4.1149354E-001
0.45	4.0128919E-001
0.451	3.8576928E-001
0.452	3.7526923E-001
0.453	3.6470994E-001
0.454	3.4866539E-001
0.455	3.3790040E-001
0.456	3.2708883E-001
0.457	3.1080884E-001
0.458	2.9994202E-001
0.459	2.8909853E-001
0.46	2.7287790E-001
0.461	2.6214096E-001
0.462	2.5148770E-001
0.463	2.3569731E-001
0.464	2.2534584E-001
0.465	2.1011226E-001
0.466	2.0019431E-001
0.467	1.9048779E-001
0.468	1.7637447E-001
0.469	1.6729169E-001
0.47	1.5849088E-001
0.471	1.4586487E-001
0.472	1.3785124E-001
0.473	1.2647219E-001
0.474	1.1934528E-001
0.475	1.0934385E-001
0.476	1.0316210E-001
0.477	9.7369887E-002
0.478	8.9410461E-002
0.479	8.4612325E-002
0.48	7.8155495E-002
0.481	7.4328668E-002
0.482	6.9357455E-002
0.483	6.6500083E-002
0.484	6.2917642E-002
0.485	6.0966305E-002
0.486	5.8706589E-002
0.487	5.7604298E-002
0.488	5.6522738E-002
0.489	5.6163900E-002
0.49	5.6130920E-002
0.491	5.6415744E-002
0.492	5.7290837E-002
0.493	5.8131032E-002
0.494	5.9747718E-002
0.495	6.1033987E-002
0.496	6.3251846E-002
0.497	6.4897031E-002
0.498	6.7572571E-002
0.499	6.9476590E-002
0.5	7.2487295E-002
0.501	7.4572086E-002
0.502	7.7794723E-002
0.503	8.1096634E-002
0.504	8.3324529E-002
0.505	8.6684063E-002
0.506	8.8923089E-002
0.507	9.2261292E-002
0.508	9.4463311E-002
0.509	9.7713120E-002
0.51	1.0088378E-001
0.511	1.0294741E-001
0.512	1.0595256E-001
0.513	1.0788672E-001
0.514	1.1068334E-001
0.515	1.1334302E-001
0.516	1.1503658E-001
0.517	1.1744854E-001
0.518	1.1970869E-001
0.519	1.2112427E-001
0.52	1.2310768E-001
0.521	1.2492950E-001
0.522	1.2604849E-001
0.523	1.2758765E-001
0.524	1.2895709E-001
0.525	1.2977926E-001
0.526	1.3087088E-001
0.527	1.3179491E-001
0.528	1.3231768E-001
0.529	1.3296424E-001
0.53	1.3345510E-001
0.531	1.3370146E-001
0.532	1.3392662E-001
0.533	1.3401085E-001
0.534	1.3393857E-001
0.535	1.3380989E-001
0.536	1.3350663E-001
0.537	1.3306388E-001
0.538	1.3249196E-001
0.539	1.3202985E-001
0.54	1.3123921E-001
0.541	1.3033152E-001
0.542	1.2931141E-001
0.543	1.2856862E-001
0.544	1.2736413E-001
0.545	1.2605242E-001
0.546	1.2463826E-001
0.547	1.2313315E-001
0.548	1.2207918E-001
0.549	1.2042598E-001
0.55	1.1869369E-001
0.551	1.1688125E-001
0.552	1.1499906E-001
0.553	1.1370802E-001
0.554	1.1171994E-001
0.555	1.0966258E-001
0.556	1.0755848E-001
0.557	1.0539975E-001
0.558	1.0319720E-001
0.559	1.0170785E-001
0.56	9.9435873E-002
0.561	9.7131029E-002
0.562	9.4797537E-002
0.563	9.2439994E-002
0.564	9.0052545E-002
0.565	8.7649018E-002
0.566	8.5237786E-002
0.567	8.2813866E-002
0.568	8.1196621E-002
0.569	7.8763276E-002
0.57	7.6335229E-002
0.571	7.3908612E-002
0.572	7.1490772E-002
0.573	6.9084957E-002
0.574	6.6688448E-002
0.575	6.4313740E-002
0.576	6.1960761E-002
0.577	5.9632339E-002
0.578	5.7329051E-002
0.579	5.5056460E-002
0.58	5.2816968E-002
0.581	5.0613075E-002
0.582	4.8445676E-002
0.583	4.6318684E-002
0.584	4.4234633E-002
0.585	4.2195212E-002
0.586	4.0861327E-002
0.587	3.8899906E-002
0.588	3.6988944E-002
0.589	3.5128538E-002
0.59	3.2730240E-002
0.591	3.0995335E-002
0.592	2.9316194E-002
0.593	2.7693860E-002
0.594	2.6129540E-002
0.595	2.4623932E-002
0.596	2.3177696E-002
0.597	2.1791901E-002
0.598	2.0466084E-002
0.599	1.9201647E-002
0.6	1.7998271E-002
0.601	1.6856035E-002
0.602	1.5774857E-002
0.603	1.4754734E-002
0.604	1.3796397E-002
0.605	1.2897441E-002
0.606	1.2059727E-002
0.607	1.1034855E-002
0.608	1.0335140E-002
0.609	9.6946480E-003
0.61	9.1101546E-003
0.611	8.5819606E-003
0.612	8.1104487E-003
0.613	7.6933890E-003
0.614	7.3282085E-003
0.615	7.0165573E-003
0.616	6.6804308E-003
0.617	6.4856727E-003
0.618	6.3401358E-003
0.619	6.2398836E-003
0.62	6.1861607E-003
0.621	6.1748642E-003
0.622	6.2270584E-003
0.623	6.3134385E-003
0.624	6.4386227E-003
0.625	6.6016787E-003
0.626	6.7998348E-003
0.627	7.1175015E-003
0.628	7.3940768E-003
0.629	7.7002202E-003
0.63	8.0362624E-003
0.631	8.3992397E-003
0.632	8.9234887E-003
0.633	9.3452716E-003
0.634	9.7886100E-003
0.635	1.0253444E-002
0.636	1.0902710E-002
0.637	1.1410213E-002
0.638	1.1933656E-002
0.639	1.2471555E-002
0.64	1.3208916E-002
0.641	1.3775270E-002
0.642	1.4351702E-002
0.643	1.4936731E-002
0.644	1.5728001E-002
0.645	1.6328294E-002
0.646	1.6933134E-002
0.647	1.7744569E-002
0.648	1.8355429E-002
0.649	1.8967262E-002
0.65	1.9782128E-002
0.651	2.0391291E-002
0.652	2.0998521E-002
0.653	2.1801703E-002
0.654	2.2399066E-002
0.655	2.2990571E-002
0.656	2.3769159E-002
0.657	2.4344554E-002
0.658	2.4911888E-002
0.659	2.5653947E-002
0.66	2.6199641E-002
0.661	2.6734497E-002
0.662	2.7430655E-002
0.663	2.7939808E-002
0.664	2.8599013E-002
0.665	2.9077619E-002
0.666	2.9543640E-002
0.667	3.0143246E-002
0.668	3.0576080E-002
0.669	3.1131051E-002
0.67	3.1529460E-002
0.671	3.2036651E-002
0.672	3.2399170E-002
0.673	3.2745901E-002
0.674	3.3182960E-002
0.675	3.3491045E-002
0.676	3.3877470E-002
0.677	3.4147296E-002
0.678	3.4482211E-002
0.679	3.4713149E-002
0.68	3.4995012E-002
0.681	3.5186846E-002
0.682	3.5416506E-002
0.683	3.5569105E-002
0.684	3.5745632E-002
0.685	3.5859477E-002
0.686	3.5984349E-002
0.687	3.6058590E-002
0.688	3.6132421E-002
0.689	3.6168773E-002
0.69	3.6192752E-002
0.691	3.6190905E-002
0.692	3.6166076E-002
0.693	3.6129076E-002
0.694	3.6055587E-002
0.695	3.5982568E-002
0.696	3.5863139E-002
0.697	3.5757255E-002
0.698	3.5592437E-002
0.699	3.5403151E-002
0.7	3.5245799E-002
0.701	3.5015125E-002
0.702	3.4827534E-002
0.703	3.4557726E-002
0.704	3.4341473E-002
0.705	3.4034342E-002
0.706	3.3706043E-002
0.707	3.3448070E-002
0.708	3.3087209E-002
0.709	3.2803666E-002
0.71	3.2410499E-002
0.711	3.2000430E-002
0.712	3.1682253E-002
0.713	3.1244570E-002
0.714	3.0792320E-002
0.715	3.0443879E-002
0.716	2.9966988E-002
0.717	2.9477559E-002
0.718	2.9103430E-002
0.719	2.8595062E-002
0.72	2.8075522E-002
0.721	2.7678529E-002
0.722	2.7142998E-002
0.723	2.6599383E-002
0.724	2.6187366E-002
0.725	2.5631510E-002
0.726	2.5068941E-002
0.727	2.4501309E-002
0.728	2.4073631E-002
0.729	2.3498781E-002
0.73	2.2920826E-002
0.731	2.2485452E-002
0.732	2.1903897E-002
0.733	2.1321224E-002
0.734	2.0738717E-002
0.735	2.0301361E-002
0.736	1.9718727E-002
0.737	1.9138103E-002
0.738	1.8559590E-002
0.739	1.8127209E-002
0.74	1.7553482E-002
0.741	1.6983951E-002
0.742	1.6418535E-002
0.743	1.5858011E-002
0.744	1.5441011E-002
0.745	1.4890626E-002
0.746	1.4346695E-002
0.747	1.3809729E-002
0.748	1.3280241E-002
0.749	1.2758440E-002
0.75	1.2372838E-002
0.751	1.1866186E-002
0.752	1.1368552E-002
0.753	1.0880400E-002
0.754	1.0402177E-002
0.755	9.9343425E-003
0.756	9.5902905E-003
0.757	9.1410745E-003
0.758	8.7029291E-003
0.759	8.2763210E-003
0.76	7.8612864E-003
0.761	7.4582333E-003
0.762	7.0673022E-003
0.763	6.6887191E-003
0.764	6.3226717E-003
0.765	6.0564540E-003
0.766	5.7126847E-003
0.767	5.3818929E-003
0.768	5.0641568E-003
0.769	4.7595636E-003
0.77	4.4681593E-003
0.771	4.1899546E-003
0.772	3.9251149E-003
0.773	3.6737632E-003
0.774	3.4356073E-003
0.775	3.2107851E-003
0.776	2.9992224E-003
0.777	2.8009557E-003
0.778	2.6159973E-003
0.779	2.4440337E-003
0.78	2.2850533E-003
0.781	2.1392070E-003
0.782	2.0059659E-003
0.783	1.8856159E-003
0.784	1.7775851E-003
0.785	1.6821417E-003
0.786	1.5989282E-003
0.787	1.5275518E-003
0.788	1.4682302E-003
0.789	1.4205670E-003
0.79	1.3843327E-003
0.791	1.3593425E-003
0.792	1.3453363E-003
0.793	1.3422939E-003
0.794	1.3495762E-003
0.795	1.3671516E-003
0.796	1.3947258E-003
0.797	1.4322414E-003
0.798	1.4790520E-003
0.799	1.5352523E-003
0.8	1.6003572E-003
0.801	1.6739741E-003
0.802	1.7777693E-003
0.803	1.8699326E-003
0.804	1.9696329E-003
0.805	2.0768703E-003
0.806	2.1912004E-003
0.807	2.3123012E-003
0.808	2.4399105E-003
0.809	2.5736899E-003
0.81	2.7491739E-003
0.811	2.8957508E-003
0.812	3.0475294E-003
0.813	3.2042020E-003
0.814	3.3654580E-003
0.815	3.5309885E-003
0.816	3.7005497E-003
0.817	3.9176019E-003
0.818	4.0950063E-003
0.819	4.2754258E-003
0.82	4.4585816E-003
0.821	4.6441588E-003
0.822	4.8791673E-003
0.823	5.0692009E-003
0.824	5.2607413E-003
0.825	5.4536257E-003
0.826	5.6474479E-003
0.827	5.8906963E-003
0.828	6.0858722E-003
0.829	6.2811365E-003
0.83	6.4762887E-003
0.831	6.7197564E-003
0.832	6.9138315E-003
0.833	7.1070553E-003
0.834	7.2992183E-003
0.835	7.5375498E-003
0.836	7.7264919E-003
0.837	7.9136845E-003
0.838	8.0988947E-003
0.839	8.3273733E-003
0.84	8.5072387E-003
0.841	8.6847739E-003
0.842	8.9028375E-003
0.843	9.0737185E-003
0.844	9.2417616E-003
0.845	9.4469236E-003
0.846	9.6071279E-003
0.847	9.7640501E-003
0.848	9.9546425E-003
0.849	1.0103044E-002
0.85	1.0247104E-002
0.851	1.0421464E-002
0.852	1.0556501E-002
0.853	1.0686847E-002
0.854	1.0843643E-002
0.855	1.0963895E-002
0.856	1.1079872E-002
0.857	1.1217572E-002
0.858	1.1322546E-002
0.859	1.1447063E-002
0.86	1.1541130E-002
0.861	1.1630205E-002
0.862	1.1734240E-002
0.863	1.1812069E-002
0.864	1.1902284E-002
0.865	1.1968686E-002
0.866	1.2029925E-002
0.867	1.2098970E-002
0.868	1.2148709E-002
0.869	1.2203707E-002
0.87	1.2241838E-002
0.871	1.2281616E-002
0.872	1.2308210E-002
0.873	1.2329725E-002
0.874	1.2349228E-002
0.875	1.2359351E-002
0.876	1.2364723E-002
0.877	1.2363220E-002
0.878	1.2355039E-002
0.879	1.2342571E-002
0.88	1.2320349E-002
0.881	1.2297059E-002
0.882	1.2261624E-002
0.883	1.2228247E-002
0.884	1.2179421E-002
0.885	1.2135943E-002
0.886	1.2075036E-002
0.887	1.2021276E-002
0.888	1.1947967E-002
0.889	1.1885181E-002
0.89	1.1800292E-002
0.891	1.1709659E-002
0.892	1.1632612E-002
0.893	1.1530838E-002
0.894	1.1445507E-002
0.895	1.1333985E-002
0.896	1.1240735E-002
0.897	1.1119348E-002
0.898	1.0993200E-002
0.899	1.0888686E-002
0.9	1.0753714E-002
0.901	1.0642572E-002
0.902	1.0499635E-002
0.903	1.0352600E-002
0.904	1.0232252E-002
0.905	1.0078287E-002
0.906	9.9526905E-003
0.907	9.7924909E-003
0.908	9.6294107E-003
0.909	9.4964262E-003
0.91	9.3278633E-003
0.911	9.1567300E-003
0.912	9.0182219E-003
0.913	8.8426797E-003
0.914	8.6656641E-003
0.915	8.5223895E-003
0.916	8.3420724E-003
0.917	8.1600742E-003
0.918	8.0138398E-003
0.919	7.8298301E-003
0.92	7.6453458E-003
0.921	7.4969823E-003
0.922	7.3110773E-003
0.923	7.1250149E-003
0.924	6.9386703E-003
0.925	6.7898761E-003
0.926	6.6039669E-003
0.927	6.4183120E-003
0.928	6.2332372E-003
0.929	6.0859136E-003
0.93	5.9024799E-003
0.931	5.7199984E-003
0.932	5.5387835E-003
0.933	5.3948187E-003
0.934	5.2162423E-003
0.935	5.0394540E-003
0.936	4.8643854E-003
0.937	4.7258004E-003
0.938	4.5544077E-003
0.939	4.3853070E-003
0.94	4.2186147E-003
0.941	4.0543848E-003
0.942	3.9248993E-003
0.943	3.7654771E-003
0.944	3.6089094E-003
0.945	3.4553029E-003
0.946	3.3047742E-003
0.947	3.1574029E-003
0.948	3.0418660E-003
0.949	2.9004382E-003
0.95	2.7624422E-003
0.951	2.6279830E-003
0.952	2.4970877E-003
0.953	2.3698676E-003
0.954	2.2463866E-003
0.955	2.1503386E-003
0.956	2.0337333E-003
0.957	1.9210289E-003
0.958	1.8122675E-003
0.959	1.7075276E-003
0.96	1.6067909E-003
0.961	1.5101332E-003
0.962	1.4175629E-003
0.963	1.3291663E-003
0.964	1.2448686E-003
0.965	1.1647887E-003
0.966	1.1036739E-003
0.967	1.0310612E-003
0.968	9.6266769E-004
0.969	8.9848140E-004
0.97	8.3840871E-004
0.971	7.8249018E-004
0.972	7.3079515E-004
0.973	6.8324065E-004
0.974	6.3973782E-004
0.975	6.0038344E-004
0.976	5.6502974E-004
0.977	5.3376629E-004
0.978	5.0649303E-004
0.979	4.8309722E-004
0.98	4.6368604E-004
0.981	4.4813033E-004
0.982	4.3638586E-004
0.983	4.2832273E-004
0.984	4.2403641E-004
0.985	4.2339324E-004
0.986	4.2632589E-004
0.987	4.3276683E-004
0.988	4.4260119E-004
0.989	4.5587943E-004
0.99	4.7246626E-004
0.991	4.9227569E-004
0.992	5.2021764E-004
0.993	5.4688269E-004
0.994	5.7652820E-004
0.995	6.0905184E-004
0.996	6.4444583E-004
0.997	6.8252621E-004
0.998	7.2327373E-004
0.999	7.6660432E-004
1	8.1238756E-004
1.001	8.6056103E-004
1.002	9.1102504E-004
1.003	9.7445364E-004
1.004	1.0296437E-003
1.005	1.0868219E-003
1.006	1.1458959E-003
1.007	1.2067930E-003
1.008	1.2693827E-003
1.009	1.3336146E-003
1.01	1.4126862E-003
1.011	1.4801406E-003
1.012	1.5489158E-003
1.013	1.6189037E-003
1.014	1.6900355E-003
1.015	1.7621960E-003
1.016	1.8500247E-003
1.017	1.9241495E-003
1.018	1.9990003E-003
1.019	2.0744817E-003
1.02	2.1505563E-003
1.021	2.2424199E-003
1.022	2.3194142E-003
1.023	2.3966543E-003
1.024	2.4740617E-003
1.025	2.5671495E-003
1.026	2.6446891E-003
1.027	2.7221336E-003
1.028	2.7994337E-003
1.029	2.8918891E-003
1.03	2.9685197E-003
1.031	3.0447745E-003
1.032	3.1205511E-003
1.033	3.2106910E-003
1.034	3.2851351E-003
1.035	3.3588575E-003
1.036	3.4462439E-003
1.037	3.5181481E-003
1.038	3.5891221E-003
1.039	3.6591082E-003
1.04	3.7415957E-003
1.041	3.8091626E-003
1.042	3.8755652E-003
1.043	3.9534951E-003
1.044	4.0170858E-003
1.045	4.0792781E-003
1.046	4.1520773E-003
1.047	4.2111813E-003
1.048	4.2687105E-003
1.049	4.3357247E-003
1.05	4.3897894E-003
1.051	4.4525377E-003
1.052	4.5029786E-003
1.053	4.5516859E-003
1.054	4.6078591E-003
1.055	4.6526981E-003
1.056	4.6957126E-003
1.057	4.7449470E-003
1.058	4.7839046E-003
1.059	4.8280950E-003
1.06	4.8628496E-003
1.061	4.8957136E-003
1.062	4.9325768E-003
1.063	4.9611302E-003
1.064	4.9926545E-003
1.065	5.0145914E-003
1.066	5.0412617E-003
1.067	5.0611845E-003
1.068	5.0824676E-003
1.069	5.0981012E-003
1.07	5.1140999E-003
1.071	5.1253126E-003
1.072	5.1345057E-003
1.073	5.1428210E-003
1.074	5.1475470E-003
1.075	5.1506599E-003
1.076	5.1511256E-003
1.077	5.1490678E-003
1.078	5.1451484E-003
1.079	5.1380019E-003
1.08	5.1299706E-003
1.081	5.1178043E-003
1.082	5.1029678E-003
1.083	5.0884271E-003
1.084	5.0687757E-003
1.085	5.0504399E-003
1.086	5.0260830E-003
1.087	5.0037620E-003
1.088	4.9748505E-003
1.089	4.9489974E-003
1.09	4.9156421E-003
1.091	4.8861089E-003
1.092	4.8486697E-003
1.093	4.8090192E-003
1.094	4.7742086E-003
1.095	4.7306502E-003
1.096	4.6928381E-003
1.097	4.6455073E-003
1.098	4.5962636E-003
1.099	4.5538456E-003
1.1	4.5012333E-003
1.101	4.4561145E-003
1.102	4.4003837E-003
1.103	4.3431320E-003
1.104	4.2941300E-003
1.105	4.2340746E-003
1.106	4.1725514E-003
1.107	4.1202996E-003
1.108	4.0563694E-003
1.109	3.9912476E-003
1.11	3.9361431E-003
1.111	3.8689235E-003
1.112	3.8008462E-003
1.113	3.7433917E-003
1.114	3.6735814E-003
1.115	3.6030137E-003
1.116	3.5436370E-003
1.117	3.4717969E-003
1.118	3.3994201E-003
1.119	3.3264391E-003
1.12	3.2653823E-003
1.121	3.1917086E-003
1.122	3.1177409E-003
1.123	3.0559469E-003
1.124	2.9815761E-003
1.125	2.9071660E-003
1.126	2.8326663E-003
1.127	2.7706379E-003
1.128	2.6962925E-003
1.129	2.6221091E-003
1.13	2.5481125E-003
1.131	2.4744463E-003
1.132	2.4133117E-003
1.133	2.3403009E-003
1.134	2.2678091E-003
1.135	2.1958083E-003
1.136	2.1244013E-003
1.137	2.0654029E-003
1.138	1.9952550E-003
1.139	1.9258450E-003
1.14	1.8572379E-003
1.141	1.7894764E-003
1.142	1.7337210E-003
1.143	1.6676623E-003
1.144	1.6026235E-003
1.145	1.5386340E-003
1.146	1.4757159E-003
1.147	1.4139538E-003
1.148	1.3533547E-003
1.149	1.3037866E-003
1.15	1.2454615E-003
1.151	1.1884246E-003
1.152	1.1327141E-003
1.153	1.0783552E-003
1.154	1.0253892E-003
1.155	9.7384700E-004
1.156	9.2375372E-004
1.157	8.7514060E-004
1.158	8.3577243E-004
1.159	7.8992930E-004
1.16	7.4563076E-004
1.161	7.0290663E-004
1.162	6.6175236E-004
1.163	6.2220421E-004
1.164	5.8427296E-004
1.165	5.4798176E-004
1.166	5.1332056E-004
1.167	4.8031309E-004
1.168	4.4896093E-004
1.169	4.1929469E-004
1.17	3.9128517E-004
1.171	3.6495100E-004
1.172	3.4029520E-004
1.173	3.1733094E-004
1.174	2.9602423E-004
1.175	2.7639369E-004
1.176	2.5845005E-004
1.177	2.4216404E-004
1.178	2.2752419E-004
1.179	2.1452791E-004
1.18	2.0318382E-004
1.181	1.9345063E-004
1.182	1.8533159E-004
1.183	1.7882205E-004
1.184	1.7389536E-004
1.185	1.7052225E-004
1.186	1.6870721E-004
1.187	1.6842288E-004
1.188	1.6963355E-004
1.189	1.7234124E-004
1.19	1.7649615E-004
1.191	1.8318037E-004
1.192	1.9043886E-004
1.193	1.9906595E-004
1.194	2.0906588E-004
1.195	2.2039560E-004
1.196	2.3302609E-004
1.197	2.4691413E-004
1.198	2.6205549E-004
1.199	2.7841007E-004
1.2	2.9897399E-004
1.201	3.1783784E-004
1.202	3.3780525E-004
1.203	3.5885061E-004
1.204	3.8093259E-004
1.205	4.0401871E-004
1.206	4.2807052E-004
1.207	4.5731332E-004
1.208	4.8334512E-004
1.209	5.1022990E-004
1.21	5.3793006E-004
1.211	5.6641648E-004
1.212	5.9563736E-004
1.213	6.3062628E-004
1.214	6.6133216E-004
1.215	6.9266016E-004
1.216	7.2457822E-004
1.217	7.6249754E-004
1.218	7.9554378E-004
1.219	8.2905876E-004
1.22	8.6299883E-004
1.221	8.9732773E-004
1.222	9.3781849E-004
1.223	9.7286014E-004
1.224	1.0081602E-003
1.225	1.0437017E-003
1.226	1.0854122E-003
1.227	1.1213303E-003
1.228	1.1573468E-003
1.229	1.1994810E-003
1.23	1.2356162E-003
1.231	1.2717750E-003
1.232	1.3079017E-003
1.233	1.3499463E-003
1.234	1.3858847E-003
1.235	1.4216799E-003
1.236	1.4631960E-003
1.237	1.4985774E-003
1.238	1.5336928E-003
1.239	1.5743072E-003
1.24	1.6088070E-003
1.241	1.6429676E-003
1.242	1.6823260E-003
1.243	1.7156281E-003
1.244	1.7485189E-003
1.245	1.7862907E-003
1.246	1.8181321E-003
1.247	1.8494878E-003
1.248	1.8853495E-003
1.249	1.9155027E-003
1.25	1.9499041E-003
1.251	1.9787201E-003
1.252	2.0068975E-003
1.253	2.0389312E-003
1.254	2.0656877E-003
1.255	2.0959687E-003
1.256	2.1211414E-003
1.257	2.1455623E-003
1.258	2.1731153E-003
1.259	2.1959178E-003
1.26	2.2214709E-003
1.261	2.2424893E-003
1.262	2.2660003E-003
1.263	2.2852626E-003
1.264	2.3036392E-003
1.265	2.3240047E-003
1.266	2.3404730E-003
1.267	2.3586294E-003
1.268	2.3732581E-003
1.269	2.3891572E-003
1.27	2.4017976E-003
1.271	2.4154070E-003
1.272	2.4260294E-003
1.273	2.4373680E-003
1.274	2.4460370E-003
1.275	2.4549575E-003
1.276	2.4616099E-003
1.277	2.4682374E-003
1.278	2.4729525E-003
1.279	2.4771811E-003
1.28	2.4798522E-003
1.281	2.4817984E-003
1.282	2.4824585E-003
1.283	2.4821153E-003
1.284	2.4804752E-003
1.285	2.4781355E-003
1.286	2.4742337E-003
1.287	2.4699618E-003
1.288	2.4638723E-003
1.289	2.4566189E-003
1.29	2.4494429E-003
1.291	2.4399916E-003
1.292	2.4310073E-003
1.293	2.4194480E-003
1.294	2.4068155E-003
1.295	2.3951263E-003
1.296	2.3804714E-003
1.297	2.3670925E-003
1.298	2.3505324E-003
1.299	2.3329298E-003
1.3	2.3170912E-003
1.301	2.2977269E-003
1.302	2.2773657E-003
1.303	2.2591916E-003
1.304	2.2372103E-003
1.305	2.2143088E-003
1.306	2.1940104E-003
1.307	2.1696182E-003
1.308	2.1444154E-003
1.309	2.1222325E-003
1.31	2.0956644E-003
1.311	2.0683517E-003
1.312	2.0444125E-003
1.313	2.0159073E-003
1.314	1.9867490E-003
1.315	1.9570205E-003
1.316	1.9311069E-003
1.317	1.9003558E-003
1.318	1.8691168E-003
1.319	1.8419775E-003
1.32	1.8098583E-003
1.321	1.7773855E-003
1.322	1.7445112E-003
1.323	1.7160503E-003
1.324	1.6825789E-003
1.325	1.6488071E-003
1.326	1.6147492E-003
1.327	1.5805045E-003
1.328	1.5510092E-003
1.329	1.5164242E-003
1.33	1.4817073E-003
1.331	1.4469138E-003
1.332	1.4120167E-003
1.333	1.3820822E-003
1.334	1.3471633E-003
1.335	1.3122479E-003
1.336	1.2773776E-003
1.337	1.2425770E-003
1.338	1.2128541E-003
1.339	1.1782789E-003
1.34	1.1438527E-003
1.341	1.1096348E-003
1.342	1.0756101E-003
1.343	1.0418528E-003
1.344	1.0083501E-003
1.345	9.7987347E-004
1.346	9.4694115E-004
1.347	9.1434800E-004
1.348	8.8212732E-004
1.349	8.5028319E-004
1.35	8.1886724E-004
1.351	7.8787596E-004
1.352	7.5735286E-004
1.353	7.2731281E-004
1.354	6.9776684E-004
1.355	6.7286048E-004
1.356	6.4429524E-004
1.357	6.1628991E-004
1.358	5.8886671E-004
1.359	5.6202855E-004
1.36	5.3580216E-004
1.361	5.1020394E-004
1.362	4.8524325E-004
1.363	4.6094475E-004
1.364	4.3730930E-004
1.365	4.1436308E-004
1.366	3.9211177E-004
1.367	3.7056030E-004
1.368	3.4973450E-004
1.369	3.2963383E-004
1.37	3.1026971E-004
1.371	2.9164879E-004
1.372	2.7379312E-004
1.373	2.5668877E-004
1.374	2.4035960E-004
1.375	2.2479906E-004
1.376	2.1002567E-004
1.377	1.9602421E-004
1.378	1.8281753E-004
1.379	1.7040035E-004
1.38	1.5876596E-004
1.381	1.4793462E-004
1.382	1.3788487E-004
1.383	1.2863104E-004
1.384	1.2017659E-004
1.385	1.1250443E-004
1.386	1.0470792E-004
1.387	9.8729804E-005
1.388	9.3532704E-005
1.389	8.9108820E-005
1.39	8.5462962E-005
1.391	8.2576931E-005
1.392	8.0459511E-005
1.393	7.9097576E-005
1.394	7.8474201E-005
1.395	7.8597215E-005
1.396	7.9637473E-005
1.397	8.1315215E-005
1.398	8.3698767E-005
1.399	8.6788532E-005
1.4	9.0564172E-005
1.401	9.5024901E-005
1.402	1.0054216E-004
1.403	1.0637254E-004
1.404	1.1283928E-004
1.405	1.1994634E-004
1.406	1.2766672E-004
1.407	1.3598436E-004
1.408	1.4621146E-004
1.409	1.5577611E-004
1.41	1.6590110E-004
1.411	1.7656201E-004
1.412	1.8775152E-004
1.413	2.0116399E-004
1.414	2.1342622E-004
1.415	2.2616939E-004
1.416	2.3937231E-004
1.417	2.5499915E-004
1.418	2.6912818E-004
1.419	2.8366354E-004
1.42	2.9858664E-004
1.421	3.1609292E-004
1.422	3.3179222E-004
1.423	3.4782189E-004
1.424	3.6416904E-004
1.425	3.8321331E-004
1.426	4.0017342E-004
1.427	4.1738781E-004
1.428	4.3484542E-004
1.429	4.5507049E-004
1.43	4.7298372E-004
1.431	4.9107953E-004
1.432	5.1195541E-004
1.433	5.3038268E-004
1.434	5.4893666E-004
1.435	5.7027314E-004
1.436	5.8903365E-004
1.437	6.0786912E-004
1.438	6.2944693E-004
1.439	6.4837077E-004
1.44	6.6730712E-004
1.441	6.8893831E-004
1.442	7.0784654E-004
1.443	7.2941399E-004
1.444	7.4822415E-004
1.445	7.6695543E-004
1.446	7.8824360E-004
1.447	8.0676435E-004
1.448	8.2515838E-004
1.449	8.4599713E-004
1.45	8.6406077E-004
1.451	8.8450662E-004
1.452	9.0219331E-004
1.453	9.2214800E-004
1.454	9.3938387E-004
1.455	9.5638738E-004
1.456	9.7550655E-004
1.457	9.9194574E-004
1.458	1.0104261E-003
1.459	1.0262819E-003
1.46	1.0440190E-003
1.461	1.0592015E-003
1.462	1.0761798E-003
1.463	1.0906702E-003
1.464	1.1067907E-003
1.465	1.1205088E-003
1.466	1.1357390E-003
1.467	1.1486768E-003
1.468	1.1629680E-003
1.469	1.1750596E-003
1.47	1.1867546E-003
1.471	1.1995978E-003
1.472	1.2118857E-003
1.473	1.2221696E-003
1.474	1.2333978E-003
1.475	1.2427948E-003
1.476	1.2529355E-003
1.477	1.2613209E-003
1.478	1.2703509E-003
1.479	1.2777676E-003
1.48	1.2856651E-003
1.481	1.2920625E-003
1.482	1.2988013E-003
1.483	1.3049175E-003
1.484	1.3097527E-003
1.485	1.3146987E-003
1.486	1.3185224E-003
1.487	1.3223047E-003
1.488	1.3254392E-003
1.489	1.3276525E-003
1.49	1.3296171E-003
1.491	1.3308295E-003
1.492	1.3316136E-003
1.493	1.3317709E-003
1.494	1.3313888E-003
1.495	1.3303882E-003
1.496	1.3287662E-003
1.497	1.3268710E-003
1.498	1.3241164E-003
1.499	1.3212005E-003
1.5	1.3173154E-003
1.501	1.3128562E-003
1.502	1.3084608E-003
1.503	1.3029132E-003
1.504	1.2967992E-003
1.505	1.2901286E-003
1.506	1.2838270E-003
1.507	1.2761371E-003
1.508	1.2678871E-003
1.509	1.2602835E-003
1.51	1.2510901E-003
1.511	1.2413977E-003
1.512	1.2311889E-003
1.513	1.2218867E-003
1.514	1.2108227E-003
1.515	1.1993006E-003
1.516	1.1888494E-003
1.517	1.1765091E-003
1.518	1.1637314E-003
1.519	1.1505812E-003
1.52	1.1387424E-003
1.521	1.1248409E-003
1.522	1.1105975E-003
1.523	1.0960043E-003
1.524	1.0810854E-003
1.525	1.0677510E-003
1.526	1.0522305E-003
1.527	1.0364171E-003
1.528	1.0203375E-003
1.529	1.0039890E-003
1.53	9.8947622E-004
1.531	9.7267207E-004
1.532	9.5566735E-004
1.533	9.3844783E-004
1.534	9.2105527E-004
1.535	9.0348331E-004
1.536	8.8799279E-004
1.537	8.7016152E-004
1.538	8.5220329E-004
1.539	8.3413167E-004
1.54	8.1596721E-004
1.541	7.9772988E-004
1.542	7.7943661E-004
1.543	7.6339452E-004
1.544	7.4502488E-004
1.545	7.2664209E-004
1.546	7.0825929E-004
1.547	6.8988238E-004
1.548	6.7154865E-004
1.549	6.5325276E-004
1.55	6.3502573E-004
1.551	6.1686320E-004
1.552	5.9879839E-004
1.553	5.8082741E-004
1.554	5.6297635E-004
1.555	5.4746383E-004
1.556	5.2986736E-004
1.557	5.1242800E-004
1.558	4.9515220E-004
1.559	4.7806796E-004
1.56	4.6116888E-004
1.561	4.4447862E-004
1.562	4.2800742E-004
1.563	4.1176006E-004
1.564	3.9576078E-004
1.565	3.8001107E-004
1.566	3.6451968E-004
1.567	3.4930650E-004
1.568	3.3437525E-004
1.569	3.1974135E-004
1.57	3.0540445E-004
1.571	2.9138417E-004
1.572	2.7767982E-004
1.573	2.6430533E-004
1.574	2.5127034E-004
1.575	2.3857623E-004
1.576	2.2623643E-004
1.577	2.1278497E-004
1.578	2.0121135E-004
1.579	1.9001524E-004
1.58	1.7919211E-004
1.581	1.6876080E-004
1.582	1.5871068E-004
1.583	1.4905933E-004
1.584	1.3980232E-004
1.585	1.3095376E-004
1.586	1.2250150E-004
1.587	1.1446433E-004
1.588	1.0683329E-004
1.589	9.8750534E-005
1.59	9.2006216E-005
1.591	8.5675078E-005
1.592	7.9767669E-005
1.593	7.4614407E-005
1.594	6.9517402E-005
1.595	6.4849068E-005
1.596	6.0094229E-005
1.597	5.6311244E-005
1.598	5.2953121E-005
1.599	5.0012317E-005
1.6	4.7489615E-005
1.601	4.5381592E-005
1.602	4.3504751E-005
1.603	4.2266369E-005
1.604	4.1439114E-005
1.605	4.1015272E-005
1.606	4.0993033E-005
1.607	4.1438521E-005
1.608	4.2252948E-005
1.609	4.3455362E-005
1.61	4.5039982E-005
1.611	4.7003130E-005
1.612	4.9653772E-005
1.613	5.2402673E-005
1.614	5.5510376E-005
1.615	5.8973666E-005
1.616	6.3286025E-005
1.617	6.7481727E-005
1.618	7.2010640E-005
1.619	7.6867786E-005
1.62	8.2713043E-005
1.621	8.8240675E-005
1.622	9.4071926E-005
1.623	1.0098398E-004
1.624	1.0743546E-004
1.625	1.1416562E-004
1.626	1.2116463E-004
1.627	1.2935465E-004
1.628	1.3690090E-004
1.629	1.4469345E-004
1.63	1.5373837E-004
1.631	1.6201736E-004
1.632	1.7051361E-004
1.633	1.8031709E-004
1.634	1.8923906E-004
1.635	1.9950033E-004
1.636	2.0880866E-004
1.637	2.1828138E-004
1.638	2.2912909E-004
1.639	2.3892381E-004
1.64	2.4885355E-004
1.641	2.6017620E-004
1.642	2.7036437E-004
1.643	2.8065892E-004
1.644	2.9235348E-004
1.645	3.0284066E-004
1.646	3.1473045E-004
1.647	3.2536118E-004
1.648	3.3738880E-004
1.649	3.4812896E-004
1.65	3.5890273E-004
1.651	3.7105783E-004
1.652	3.8186662E-004
1.653	3.9404375E-004
1.654	4.0485695E-004
1.655	4.1699383E-004
1.656	4.2776630E-004
1.657	4.3984508E-004
1.658	4.5052529E-004
1.659	4.6247878E-004
1.66	4.7304193E-004
1.661	4.8353258E-004
1.662	4.9523421E-004
1.663	5.0554704E-004
1.664	5.1702035E-004
1.665	5.2711286E-004
1.666	5.3832866E-004
1.667	5.4816611E-004
1.668	5.5907620E-004
1.669	5.6980719E-004
1.67	5.7919254E-004
1.671	5.8956229E-004
1.672	5.9859932E-004
1.673	6.0857512E-004
1.674	6.1725621E-004
1.675	6.2680186E-004
1.676	6.3509255E-004
1.677	6.4417685E-004
1.678	6.5203133E-004
1.679	6.6063897E-004
1.68	6.6896889E-004
1.681	6.7613448E-004
1.682	6.8393478E-004
1.683	6.9063157E-004
1.684	6.9788151E-004
1.685	7.0483080E-004
1.686	7.1075477E-004
1.687	7.1712385E-004
1.688	7.2251534E-004
1.689	7.2827865E-004
1.69	7.3372654E-004
1.691	7.3829474E-004
1.692	7.4312388E-004
1.693	7.4760854E-004
1.694	7.5130706E-004
1.695	7.5516262E-004
1.696	7.5867242E-004
1.697	7.6150818E-004
1.698	7.6435762E-004
1.699	7.6687220E-004
1.7	7.6883350E-004
1.701	7.7069225E-004
1.702	7.7220937E-004
1.703	7.7325123E-004
1.704	7.7411247E-004
1.705	7.7462068E-004
1.706	7.7478675E-004
1.707	7.7463622E-004
1.708	7.7415322E-004
1.709	7.7332731E-004
1.71	7.7230233E-004
1.711	7.7084184E-004
1.712	7.6904404E-004
1.713	7.6691678E-004
1.714	7.6474249E-004
1.715	7.6199794E-004
1.716	7.5893576E-004
1.717	7.5555878E-004
1.718	7.5185607E-004
1.719	7.4831705E-004
1.72	7.4404769E-004
1.721	7.3946832E-004
1.722	7.3460909E-004
1.723	7.2946097E-004
1.724	7.2465313E-004
1.725	7.1896578E-004
1.726	7.1302120E-004
1.727	7.0681039E-004
1.728	7.0034707E-004
1.729	6.9437886E-004
1.73	6.8744668E-004
1.731	6.8027421E-004
1.732	6.7329092E-004
1.733	6.6567084E-004
1.734	6.5784319E-004
1.735	6.4979162E-004
1.736	6.4247998E-004
1.737	6.3407095E-004
1.738	6.2547287E-004
1.739	6.1668770E-004
1.74	6.0774782E-004
1.741	5.9864140E-004
1.742	5.8938243E-004
1.743	5.7997659E-004
1.744	5.7149725E-004
1.745	5.6184741E-004
1.746	5.5207382E-004
1.747	5.4219138E-004
1.748	5.3219590E-004
1.749	5.2211661E-004
1.75	5.1195518E-004
1.751	5.0170370E-004
1.752	4.9139577E-004
1.753	4.8102380E-004
1.754	4.7060006E-004
1.755	4.6014105E-004
1.756	4.4964312E-004
1.757	4.3912782E-004
1.758	4.2859322E-004
1.759	4.1804375E-004
1.76	4.0750511E-004
1.761	3.9697401E-004
1.762	3.8645696E-004
1.763	3.7597120E-004
1.764	3.6551637E-004
1.765	3.5510521E-004
1.766	3.4474049E-004
1.767	3.3443971E-004
1.768	3.2420439E-004
1.769	3.1404235E-004
1.77	3.0396023E-004
1.771	2.9396976E-004
1.772	2.8407353E-004
1.773	2.7428116E-004
1.774	2.6459710E-004
1.775	2.5502959E-004
1.776	2.4559215E-004
1.777	2.3628154E-004
1.778	2.2710643E-004
1.779	2.1708260E-004
1.78	2.0821756E-004
1.781	1.9951038E-004
1.782	1.9096538E-004
1.783	1.8258588E-004
1.784	1.7438013E-004
1.785	1.6635066E-004
1.786	1.5850438E-004
1.787	1.5084587E-004
1.788	1.4256267E-004
1.789	1.3531650E-004
1.79	1.2827224E-004
1.791	1.2143236E-004
1.792	1.1480106E-004
1.793	1.0838528E-004
1.794	1.0218457E-004
1.795	9.5552794E-005
1.796	8.9819070E-005
1.797	8.4309002E-005
1.798	7.9031808E-005
1.799	7.3983407E-005
1.8	6.8647874E-005
1.801	6.4095104E-005
1.802	5.9772690E-005
1.803	5.5694069E-005
1.804	5.1855786E-005
1.805	4.7870948E-005
1.806	4.4541968E-005
1.807	4.1455256E-005
1.808	3.8612405E-005
1.809	3.5733206E-005
1.81	3.3403663E-005
1.811	3.1316828E-005
1.812	2.9470903E-005
1.813	2.7707243E-005
1.814	2.6374655E-005
1.815	2.5280353E-005
1.816	2.4426092E-005
1.817	2.3758104E-005
1.818	2.3405219E-005
1.819	2.3289349E-005
1.82	2.3434230E-005
1.821	2.3805036E-005
1.822	2.4407289E-005
1.823	2.5235828E-005
1.824	2.6416888E-005
1.825	2.7714461E-005
1.826	2.9229914E-005
1.827	3.1163872E-005
1.828	3.3127653E-005
1.829	3.5300174E-005
1.83	3.7952195E-005
1.831	4.0552502E-005
1.832	4.3349359E-005
1.833	4.6682399E-005
1.834	4.9880469E-005
1.835	5.3650368E-005
1.836	5.7231508E-005
1.837	6.0988888E-005
1.838	6.5363420E-005
1.839	6.9474067E-005
1.84	7.4231357E-005
1.841	7.8675948E-005
1.842	8.3271094E-005
1.843	8.8546753E-005
1.844	9.3442999E-005
1.845	9.8756507E-005
1.846	1.0392397E-004
1.847	1.0921565E-004
1.848	1.1523249E-004
1.849	1.2076735E-004
1.85	1.2704328E-004
1.851	1.3279736E-004
1.852	1.3930103E-004
1.853	1.4524988E-004
1.854	1.5195871E-004
1.855	1.5807727E-004
1.856	1.6496026E-004
1.857	1.7122574E-004
1.858	1.7825347E-004
1.859	1.8463672E-004
1.86	1.9178717E-004
1.861	1.9826423E-004
1.862	2.0550188E-004
1.863	2.1204914E-004
1.864	2.1935072E-004
1.865	2.2593839E-004
1.866	2.3327551E-004
1.867	2.3988484E-004
1.868	2.4722546E-004
1.869	2.5382702E-004
1.87	2.6115251E-004
1.871	2.6772736E-004
1.872	2.7500134E-004
1.873	2.8224423E-004
1.874	2.8872423E-004
1.875	2.9587734E-004
1.876	3.0227116E-004
1.877	3.0931423E-004
1.878	3.1628754E-004
1.879	3.2249960E-004
1.88	3.2932693E-004
1.881	3.3539903E-004
1.882	3.4204946E-004
1.883	3.4860833E-004
1.884	3.5441600E-004
1.885	3.6076596E-004
1.886	3.6638413E-004
1.887	3.7250909E-004
1.888	3.7850309E-004
1.889	3.8379180E-004
1.89	3.8953914E-004
1.891	3.9514032E-004
1.892	4.0004947E-004
1.893	4.0536706E-004
1.894	4.1053607E-004
1.895	4.1504076E-004
1.896	4.1990276E-004
1.897	4.2458871E-004
1.898	4.2866485E-004
1.899	4.3302702E-004
1.9	4.3721622E-004
1.901	4.4121520E-004
1.902	4.4466235E-004
1.903	4.4831506E-004
1.904	4.5177224E-004
1.905	4.5472736E-004
1.906	4.5782287E-004
1.907	4.6072356E-004
1.908	4.6342693E-004
1.909	4.6568402E-004
1.91	4.6801197E-004
1.911	4.7012934E-004
1.912	4.7204399E-004
1.913	4.7360189E-004
1.914	4.7512187E-004
1.915	4.7644301E-004
1.916	4.7756190E-004
1.917	4.7846514E-004
1.918	4.7910714E-004
1.919	4.7962481E-004
1.92	4.7993034E-004
1.921	4.8003014E-004
1.922	4.7993069E-004
1.923	4.7962295E-004
1.924	4.7917783E-004
1.925	4.7848205E-004
1.926	4.7759459E-004
1.927	4.7650418E-004
1.928	4.7521584E-004
1.929	4.7372779E-004
1.93	4.7222179E-004
1.931	4.7037815E-004
1.932	4.6833156E-004
1.933	4.6610704E-004
1.934	4.6369850E-004
1.935	4.6109370E-004
1.936	4.5832343E-004
1.937	4.5537608E-004
1.938	4.5257225E-004
1.939	4.4946384E-004
1.94	4.4602691E-004
1.941	4.4243279E-004
1.942	4.3868180E-004
1.943	4.3476539E-004
1.944	4.3070386E-004
1.945	4.2649315E-004
1.946	4.2213057E-004
1.947	4.1764195E-004
1.948	4.1300736E-004
1.949	4.0824630E-004
1.95	4.0335520E-004
1.951	3.9834910E-004
1.952	3.9322607E-004
1.953	3.8798136E-004
1.954	3.8262951E-004
1.955	3.7718119E-004
1.956	3.7162329E-004
1.957	3.6598078E-004
1.958	3.6025047E-004
1.959	3.5443090E-004
1.96	3.4853813E-004
1.961	3.4256658E-004
1.962	3.3652992E-004
1.963	3.3042519E-004
1.964	3.2426714E-004
1.965	3.1805117E-004
1.966	3.1179350E-004
1.967	3.0549194E-004
1.968	2.9914943E-004
1.969	2.9277764E-004
1.97	2.8637267E-004
1.971	2.7994945E-004
1.972	2.7351014E-004
1.973	2.6705788E-004
1.974	2.6059756E-004
1.975	2.5413599E-004
1.976	2.4768116E-004
1.977	2.4058734E-004
1.978	2.3415242E-004
1.979	2.2773592E-004
1.98	2.2134632E-004
1.981	2.1498281E-004
1.982	2.0865201E-004
1.983	2.0235896E-004
1.984	1.9610743E-004
1.985	1.8929005E-004
1.986	1.8314658E-004
1.987	1.7705593E-004
1.988	1.7102575E-004
1.989	1.6506319E-004
1.99	1.5917126E-004
1.991	1.5334778E-004
1.992	1.4703858E-004
1.993	1.4138278E-004
1.994	1.3581567E-004
1.995	1.3033878E-004
1.996	1.2495197E-004
1.997	1.1914317E-004
1.998	1.1396476E-004
1.999	1.0889140E-004
2	1.0392493E-004
2.001	9.9068704E-005
2.002	9.3856412E-005
2.003	8.9241621E-005
2.004	8.4746469E-005
2.005	8.0372345E-005
2.006	7.5702505E-005
2.007	7.1591610E-005
2.008	6.7610963E-005
2.009	6.3761108E-005
2.01	5.9682599E-005
2.011	5.6115205E-005
2.012	5.2687054E-005
2.013	4.9075188E-005
2.014	4.5941277E-005
2.015	4.2948828E-005
2.016	4.0101568E-005
2.017	3.7135680E-005
2.018	3.4593173E-005
2.019	3.2197655E-005
2.02	2.9732391E-005
2.021	2.7648404E-005
2.022	2.5807640E-005
2.023	2.3844084E-005
2.024	2.2215076E-005
2.025	2.0737538E-005
2.026	1.9285628E-005
2.027	1.8123641E-005
2.028	1.7111250E-005
2.029	1.6169832E-005
2.03	1.5471678E-005
2.031	1.4875771E-005
2.032	1.4488548E-005
2.033	1.4247951E-005
2.034	1.4153285E-005
2.035	1.4218760E-005
2.036	1.4429057E-005
2.037	1.4824709E-005
2.038	1.5334363E-005
2.039	1.6055055E-005
2.04	1.6855574E-005
2.041	1.7894688E-005
2.042	1.8979892E-005
2.043	2.0198044E-005
2.044	2.1689475E-005
2.045	2.3180350E-005
2.046	2.4966479E-005
2.047	2.6721451E-005
2.048	2.8790797E-005
2.049	3.0798168E-005
2.05	3.3140903E-005
2.051	3.5390494E-005
2.052	3.7993512E-005
2.053	4.0473486E-005
2.054	4.3324104E-005
2.055	4.6023222E-005
2.056	4.9106795E-005
2.057	5.2011110E-005
2.058	5.5314751E-005
2.059	5.8412566E-005
2.06	6.1919665E-005
2.061	6.5195760E-005
2.062	6.8892572E-005
2.063	7.2334093E-005
2.064	7.6203090E-005
2.065	7.9794852E-005
2.066	8.3822160E-005
2.067	8.7547873E-005
2.068	9.1716080E-005
2.069	9.5951480E-005
2.07	9.9854355E-005
2.071	1.0420453E-004
2.072	1.0820663E-004
2.073	1.1265359E-004
2.074	1.1673661E-004
2.075	1.2126569E-004
2.076	1.2582996E-004
2.077	1.3000582E-004
2.078	1.3462697E-004
2.079	1.3884660E-004
2.08	1.4350266E-004
2.081	1.4817498E-004
2.082	1.5242754E-004
2.083	1.5711031E-004
2.084	1.6179436E-004
2.085	1.6604603E-004
2.086	1.7071411E-004
2.087	1.7537174E-004
2.088	1.7958840E-004
2.089	1.8420318E-004
2.09	1.8879745E-004
2.091	1.9294399E-004
2.092	1.9746902E-004
2.093	2.0196171E-004
2.094	2.0600650E-004
2.095	2.1040866E-004
2.096	2.1457014E-004
2.097	2.1887166E-004
2.098	2.2273176E-004
2.099	2.2691984E-004
2.1	2.3104412E-004
2.101	2.3472880E-004
2.102	2.3871526E-004
2.103	2.4262781E-004
2.104	2.4646262E-004
2.105	2.4987705E-004
2.106	2.5355016E-004
2.107	2.5713415E-004
2.108	2.6062809E-004
2.109	2.6403123E-004
2.11	2.6703687E-004
2.111	2.7024510E-004
2.112	2.7335875E-004
2.113	2.7636372E-004
2.114	2.7900346E-004
2.115	2.8181012E-004
2.116	2.8449678E-004
2.117	2.8707483E-004
2.118	2.8953317E-004
2.119	2.9188016E-004
2.12	2.9390748E-004
2.121	2.9602530E-004
2.122	2.9802212E-004
2.123	2.9989108E-004
2.124	3.0164610E-004
2.125	3.0326477E-004
2.126	3.0462732E-004
2.127	3.0601231E-004
2.128	3.0726427E-004
2.129	3.0839266E-004
2.13	3.0939077E-004
2.131	3.1025519E-004
2.132	3.1098988E-004
2.133	3.1159419E-004
2.134	3.1203084E-004
2.135	3.1239211E-004
2.136	3.1261815E-004
2.137	3.1271757E-004
2.138	3.1268306E-004
2.139	3.1252246E-004
2.14	3.1223486E-004
2.141	3.1181358E-004
2.142	3.1127012E-004
2.143	3.1060106E-004
2.144	3.0980518E-004
2.145	3.0887945E-004
2.146	3.0783663E-004
2.147	3.0667003E-004
2.148	3.0538259E-004
2.149	3.0397912E-004
2.15	3.0245638E-004
2.151	3.0081897E-004
2.152	2.9906892E-004
2.153	2.9720156E-004
2.154	2.9522745E-004
2.155	2.9314475E-004
2.156	2.9095271E-004
2.157	2.8865962E-004
2.158	2.8626228E-004
2.159	2.8376811E-004
2.16	2.8117659E-004
2.161	2.7848856E-004
2.162	2.7583813E-004
2.163	2.7297455E-004
2.164	2.7002153E-004
2.165	2.6698146E-004
2.166	2.6386557E-004
2.167	2.6066898E-004
2.168	2.5739084E-004
2.169	2.5404664E-004
2.17	2.5063066E-004
2.171	2.4714533E-004
2.172	2.4359502E-004
2.173	2.3965492E-004
2.174	2.3597927E-004
2.175	2.3224644E-004
2.176	2.2846575E-004
2.177	2.2464078E-004
2.178	2.2076447E-004
2.179	2.1684775E-004
2.18	2.1289017E-004
2.181	2.0853270E-004
2.182	2.0450680E-004
2.183	2.0044815E-004
2.184	1.9636746E-004
2.185	1.9226107E-004
2.186	1.8813713E-004
2.187	1.8361867E-004
2.188	1.7946617E-004
2.189	1.7530083E-004
2.19	1.7113308E-004
2.191	1.6696320E-004
2.192	1.6241026E-004
2.193	1.5824399E-004
2.194	1.5408661E-004
2.195	1.4993500E-004
2.196	1.4579679E-004
2.197	1.4130394E-004
2.198	1.3720422E-004
2.199	1.3312760E-004
2.2	1.2907649E-004
2.201	1.2505759E-004
2.202	1.2070604E-004
2.203	1.1675012E-004
2.204	1.1283614E-004
2.205	1.0861302E-004
2.206	1.0478448E-004
2.207	1.0100073E-004
2.208	9.7268516E-005
2.209	9.3252776E-005
2.21	8.9629051E-005
2.211	8.6060383E-005
2.212	8.2234466E-005
2.213	7.8791891E-005
2.214	7.5412579E-005
2.215	7.2098192E-005
2.216	6.8560548E-005
2.217	6.5389591E-005
2.218	6.2291438E-005
2.219	5.8995520E-005
2.22	5.6053352E-005
2.221	5.3189335E-005
2.222	5.0153983E-005
2.223	4.7578520E-005
2.224	4.4726530E-005
2.225	4.2200361E-005
2.226	3.9759474E-005
2.227	3.7195303E-005
2.228	3.4938370E-005
2.229	3.2770280E-005
2.23	3.0507652E-005
2.231	2.8530074E-005
2.232	2.6478107E-005
2.233	2.4694640E-005
2.234	2.3005372E-005
2.235	2.1271053E-005
2.236	1.9780377E-005
2.237	1.8264642E-005
2.238	1.6976022E-005
2.239	1.5679801E-005
2.24	1.4593890E-005
2.241	1.3605915E-005
2.242	1.2638861E-005
2.243	1.1854130E-005
2.244	1.1110284E-005
2.245	1.0529354E-005
2.246	1.0007390E-005
2.247	9.6295635E-006
2.248	9.3279441E-006
2.249	9.1525499E-006
2.25	9.0698013E-006
2.251	9.0934691E-006
2.252	9.2267937E-006
2.253	9.4463903E-006
2.254	9.7925922E-006
2.255	1.0206017E-005
2.256	1.0760709E-005
2.257	1.1363530E-005
2.258	1.2122361E-005
2.259	1.2908825E-005
2.26	1.3866324E-005
2.261	1.4832362E-005
2.262	1.5981992E-005
2.263	1.7230490E-005
2.264	1.8458531E-005
2.265	1.9888903E-005
2.266	2.1281223E-005
2.267	2.2886989E-005
2.268	2.4436164E-005
2.269	2.6209334E-005
2.27	2.8066032E-005
2.271	2.9840392E-005
2.272	3.1851941E-005
2.273	3.3764383E-005
2.274	3.5922039E-005
2.275	3.8151578E-005
2.276	4.0257131E-005
2.277	4.2618496E-005
2.278	4.5044457E-005
2.279	4.7323501E-005
2.28	4.9758957E-005
2.281	5.2137508E-005
2.282	5.4784414E-005
2.283	5.7482644E-005
2.284	5.9999325E-005
2.285	6.2788109E-005
2.286	6.5620923E-005
2.287	6.8252062E-005
2.288	7.1158407E-005
2.289	7.4099778E-005
2.29	7.7072254E-005
2.291	7.9820667E-005
2.292	8.2844883E-005
2.293	8.5892534E-005
2.294	8.8703615E-005
2.295	9.1786700E-005
2.296	9.4881885E-005
2.297	9.7989396E-005
2.298	1.0084606E-004
2.299	1.0396540E-004
2.3	1.0708938E-004
2.301	1.1021162E-004
2.302	1.1307055E-004
2.303	1.1618319E-004
2.304	1.1928833E-004
2.305	1.2237944E-004
2.306	1.2520039E-004
2.307	1.2826160E-004
2.308	1.3130205E-004
2.309	1.3432301E-004
2.31	1.3731496E-004
2.311	1.4003663E-004
2.312	1.4297270E-004
2.313	1.4587496E-004
2.314	1.4874540E-004
2.315	1.5157467E-004
2.316	1.5413183E-004
2.317	1.5688293E-004
2.318	1.5958596E-004
2.319	1.6224515E-004
2.32	1.6485169E-004
2.321	1.6740743E-004
2.322	1.6991052E-004
2.323	1.7215505E-004
2.324	1.7455124E-004
2.325	1.7688170E-004
2.326	1.7915286E-004
2.327	1.8136366E-004
2.328	1.8350326E-004
2.329	1.8557989E-004
2.33	1.8758736E-004
2.331	1.8952046E-004
2.332	1.9131253E-004
2.333	1.9296163E-004
2.334	1.9468878E-004
2.335	1.9634044E-004
2.336	1.9791684E-004
2.337	1.9941347E-004
2.338	2.0082902E-004
2.339	2.0216744E-004
2.34	2.0342300E-004
2.341	2.0460141E-004
2.342	2.0569735E-004
2.343	2.0670424E-004
2.344	2.0763277E-004
2.345	2.0847363E-004
2.346	2.0923173E-004
2.347	2.0990441E-004
2.348	2.1048811E-004
2.349	2.1099104E-004
2.35	2.1140480E-004
2.351	2.1173441E-004
2.352	2.1197960E-004
2.353	2.1213667E-004
2.354	2.1220408E-004
2.355	2.1218701E-004
2.356	2.1209160E-004
2.357	2.1190701E-004
2.358	2.1163619E-004
2.359	2.1128109E-004
2.36	2.1084440E-004
2.361	2.1032186E-004
2.362	2.0971807E-004
2.363	2.0903205E-004
2.364	2.0826625E-004
2.365	2.0742005E-004
2.366	2.0641480E-004
2.367	2.0540226E-004
2.368	2.0431567E-004
2.369	2.0315313E-004
2.37	2.0191513E-004
2.371	2.0060636E-004
2.372	1.9921942E-004
2.373	1.9776594E-004
2.374	1.9624300E-004
2.375	1.9451382E-004
2.376	1.9285077E-004
2.377	1.9111972E-004
2.378	1.8932886E-004
2.379	1.8747619E-004
2.38	1.8555837E-004
2.381	1.8367002E-004
2.382	1.8147142E-004
2.383	1.7938527E-004
2.384	1.7724265E-004
2.385	1.7505175E-004
2.386	1.7281083E-004
2.387	1.7032897E-004
2.388	1.6799134E-004
2.389	1.6560958E-004
2.39	1.6319018E-004
2.391	1.6072708E-004
2.392	1.5802028E-004
2.393	1.5548115E-004
2.394	1.5290926E-004
2.395	1.5030919E-004
2.396	1.4767944E-004
2.397	1.4479988E-004
2.398	1.4211748E-004
2.399	1.3941104E-004
2.4	1.3645765E-004
2.401	1.3371231E-004
2.402	1.3094960E-004
2.403	1.2817686E-004
2.404	1.2515852E-004
2.405	1.2236122E-004
2.406	1.1955899E-004
2.407	1.1675181E-004
2.408	1.1370688E-004
2.409	1.1089556E-004
2.41	1.0808677E-004
2.411	1.0505064E-004
2.412	1.0225056E-004
2.413	9.9460136E-005
2.414	9.6447817E-005
2.415	9.3682807E-005
2.416	9.0930254E-005
2.417	8.7964938E-005
2.418	8.5250125E-005
2.419	8.2554900E-005
2.42	7.9660524E-005
2.421	7.7013305E-005
2.422	7.4175681E-005
2.423	7.1586917E-005
2.424	6.9027366E-005
2.425	6.6289133E-005
2.426	6.3799482E-005
2.427	6.1344341E-005
2.428	5.8825870E-005
2.429	5.6445573E-005
2.43	5.3915242E-005
2.431	5.1622312E-005
2.432	4.9187416E-005
2.433	4.6986421E-005
2.434	4.4832268E-005
2.435	4.2551463E-005
2.436	4.0499363E-005
2.437	3.8330618E-005
2.438	3.6384645E-005
2.439	3.4335040E-005
2.44	3.2498621E-005
2.441	3.0572686E-005
2.442	2.8853126E-005
2.443	2.7192531E-005
2.444	2.5456267E-005
2.445	2.3917353E-005
2.446	2.2317485E-005
2.447	2.0902979E-005
2.448	1.9440760E-005
2.449	1.8051167E-005
2.45	1.6834754E-005
2.451	1.5681364E-005
2.452	1.4503749E-005
2.453	1.3402472E-005
2.454	1.2452230E-005
2.455	1.1497860E-005
2.456	1.0684267E-005
2.457	9.8772780E-006
2.458	9.2004793E-006
2.459	8.5427992E-006
2.46	8.0039317E-006
2.461	7.4950194E-006
2.462	7.0639371E-006
2.463	6.7342262E-006
2.464	6.4514707E-006
2.465	6.2590125E-006
2.466	6.1241803E-006
2.467	6.0661664E-006
2.468	6.0792236E-006
2.469	6.1665746E-006
2.47	6.3136954E-006
2.471	6.5343938E-006
2.472	6.8355034E-006
2.473	7.1790382E-006
2.474	7.6200745E-006
2.475	8.0906475E-006
2.476	8.6682167E-006
2.477	9.3151857E-006
2.478	9.9733770E-006
2.479	1.0751341E-005
2.48	1.1595704E-005
2.481	1.2433101E-005
2.482	1.3401509E-005
2.483	1.4432829E-005
2.484	1.5525635E-005
2.485	1.6587795E-005
2.486	1.7795281E-005
2.487	1.9059838E-005
2.488	2.0276717E-005
2.489	2.1647174E-005
2.49	2.3070794E-005
2.491	2.4430896E-005
2.492	2.5951340E-005
2.493	2.7519556E-005
2.494	2.9135063E-005
2.495	3.0665433E-005
2.496	3.2364529E-005
2.497	3.4105251E-005
2.498	3.5884870E-005
2.499	3.7561269E-005
2.5	3.9411170E-005
2.501	4.1296225E-005
2.502	4.3211443E-005
2.503	4.5158311E-005
2.504	4.6979058E-005
2.505	4.8977843E-005
2.506	5.1000654E-005
2.507	5.3046115E-005
2.508	5.5112418E-005
2.509	5.7035639E-005
2.51	5.9135524E-005
2.511	6.1249564E-005
2.512	6.3376341E-005
2.513	6.5430926E-005
2.514	6.7576766E-005
2.515	6.9563357E-005
2.516	7.1719194E-005
2.517	7.3879106E-005
2.518	7.6040000E-005
2.519	7.8198515E-005
2.52	8.0355872E-005
2.521	8.2505845E-005
2.522	8.4485473E-005
2.523	8.6622502E-005
2.524	8.8747991E-005
2.525	9.0861962E-005
2.526	9.2959948E-005
2.527	9.5042873E-005
2.528	9.7108161E-005
2.529	9.9152829E-005
2.53	1.0117739E-004
2.531	1.0317831E-004
2.532	1.0515344E-004
2.533	1.0710285E-004
2.534	1.0887792E-004
2.535	1.1076951E-004
2.536	1.1263332E-004
2.537	1.1446295E-004
2.538	1.1625852E-004
2.539	1.1801847E-004
2.54	1.1974069E-004
2.541	1.2142568E-004
2.542	1.2306754E-004
2.543	1.2467158E-004
2.544	1.2623148E-004
2.545	1.2774669E-004
2.546	1.2921965E-004
2.547	1.3064338E-004
2.548	1.3202384E-004
2.549	1.3335505E-004
2.55	1.3463752E-004
2.551	1.3586698E-004
2.552	1.3700308E-004
2.553	1.3813289E-004
2.554	1.3921080E-004
2.555	1.4023395E-004
2.556	1.4120380E-004
2.557	1.4218678E-004
2.558	1.4304089E-004
2.559	1.4384056E-004
2.56	1.4458403E-004
2.561	1.4526828E-004
2.562	1.4589548E-004
2.563	1.4646754E-004
2.564	1.4697839E-004
2.565	1.4743404E-004
2.566	1.4782863E-004
2.567	1.4816286E-004
2.568	1.4845902E-004
2.569	1.4867273E-004
2.57	1.4882693E-004
2.571	1.4892306E-004
2.572	1.4895803E-004
2.573	1.4893785E-004
2.574	1.4885531E-004
2.575	1.4870251E-004
2.576	1.4850023E-004
2.577	1.4823928E-004
2.578	1.4792036E-004
2.579	1.4754558E-004
2.58	1.4711665E-004
2.581	1.4658886E-004
2.582	1.4604065E-004
2.583	1.4543680E-004
2.584	1.4477997E-004
2.585	1.4407316E-004
2.586	1.4324754E-004
2.587	1.4242581E-004
2.588	1.4155728E-004
2.589	1.4063348E-004
2.59	1.3970198E-004
2.591	1.3860267E-004
2.592	1.3753402E-004
2.593	1.3641798E-004
2.594	1.3525381E-004
2.595	1.3395319E-004
2.596	1.3269855E-004
2.597	1.3140008E-004
2.598	1.3006301E-004
2.599	1.2857826E-004
2.6	1.2715635E-004
2.601	1.2569656E-004
2.602	1.2408473E-004
2.603	1.2255111E-004
2.604	1.2098398E-004
2.605	1.1938612E-004
2.606	1.1762776E-004
2.607	1.1596370E-004
2.608	1.1427319E-004
2.609	1.1242169E-004
2.61	1.1067599E-004
2.611	1.0890369E-004
2.612	1.0697151E-004
2.613	1.0515396E-004
2.614	1.0331899E-004
2.615	1.0132012E-004
2.616	9.9447410E-005
2.617	9.7411707E-005
2.618	9.5511139E-005
2.619	9.3592658E-005
2.62	9.1518923E-005
2.621	8.9581015E-005
2.622	8.7637418E-005
2.623	8.5537082E-005
2.624	8.3579675E-005
2.625	8.1469720E-005
2.626	7.9584512E-005
2.627	7.7624522E-005
2.628	7.5512704E-005
2.629	7.3555202E-005
2.63	7.1453091E-005
2.631	6.9506816E-005
2.632	6.7417270E-005
2.633	6.5487497E-005
2.634	6.3419902E-005
2.635	6.1510749E-005
2.636	5.9469676E-005
2.637	5.7591598E-005
2.638	5.5726330E-005
2.639	5.3737502E-005
2.64	5.1909541E-005
2.641	4.9963779E-005
2.642	4.8177419E-005
2.643	4.6279078E-005
2.644	4.4540808E-005
2.645	4.2695927E-005
2.646	4.1009880E-005
2.647	3.9223818E-005
2.648	3.7594971E-005
2.649	3.5873505E-005
2.65	3.4186913E-005
2.651	3.2653898E-005
2.652	3.1038704E-005
2.653	2.9573388E-005
2.654	2.8033686E-005
2.655	2.6640930E-005
2.656	2.5181760E-005
2.657	2.3864490E-005
2.658	2.2488581E-005
2.659	2.1156397E-005
2.66	1.9961033E-005
2.661	1.8761126E-005
2.662	1.7648334E-005
2.663	1.6495464E-005
2.664	1.5390677E-005
2.665	1.4409695E-005
2.666	1.3400899E-005
2.667	1.2509865E-005
2.668	1.1598775E-005
2.669	1.0739362E-005
2.67	9.9878316E-006
2.671	9.2287573E-006
2.672	8.5229403E-006
2.673	7.9142665E-006
2.674	7.3101737E-006
2.675	6.7596116E-006
2.676	6.2960057E-006
2.677	5.8491250E-006
2.678	5.4555180E-006
2.679	5.1379589E-006
2.68	4.8482716E-006
2.681	4.6124596E-006
2.682	4.4408548E-006
2.683	4.3077016E-006
2.684	4.2279230E-006
2.685	4.2013603E-006
2.686	4.2237871E-006
2.687	4.2985862E-006
2.688	4.4253607E-006
2.689	4.5890552E-006
2.69	4.8152733E-006
2.691	5.0918015E-006
2.692	5.4185134E-006
2.693	5.7664206E-006
2.694	6.1882524E-006
2.695	6.6408766E-006
2.696	7.1572508E-006
2.697	7.6784436E-006
2.698	8.2845027E-006
2.699	8.9364949E-006
2.7	9.6327676E-006
2.701	1.0372859E-005
2.702	1.1098657E-005
2.703	1.1920596E-005
2.704	1.2783724E-005
2.705	1.3686741E-005
2.706	1.4629132E-005
2.707	1.5609419E-005
2.708	1.6552622E-005
2.709	1.7603059E-005
2.71	1.8688454E-005
2.711	1.9807714E-005
2.712	2.0959127E-005
2.713	2.2141770E-005
2.714	2.3267008E-005
2.715	2.4506429E-005
2.716	2.5773821E-005
2.717	2.7067872E-005
2.718	2.8386579E-005
2.719	2.9729506E-005
2.72	3.1094383E-005
2.721	3.2481294E-005
2.722	3.3887292E-005
2.723	3.5209625E-005
2.724	3.6650814E-005
2.725	3.8107504E-005
2.726	3.9578845E-005
2.727	4.1010291E-005
2.728	4.2506130E-005
2.729	4.4012748E-005
2.73	4.5528323E-005
2.731	4.7051002E-005
2.732	4.8580649E-005
2.733	5.0114879E-005
2.734	5.1653173E-005
2.735	5.3192976E-005
2.736	5.4733977E-005
2.737	5.6274617E-005
2.738	5.7813399E-005
2.739	5.9348295E-005
2.74	6.0879443E-005
2.741	6.2404710E-005
2.742	6.3922853E-005
2.743	6.5430366E-005
2.744	6.6930021E-005
2.745	6.8417590E-005
2.746	6.9893693E-005
2.747	7.1354712E-005
2.748	7.2803508E-005
2.749	7.4235104E-005
2.75	7.5649470E-005
2.751	7.7043267E-005
2.752	7.8421246E-005
2.753	7.9774756E-005
2.754	8.1109516E-005
2.755	8.2419683E-005
2.756	8.3706691E-005
2.757	8.4967716E-005
2.758	8.6160238E-005
2.759	8.7455701E-005
2.76	8.8636851E-005
2.761	8.9786721E-005
2.762	9.0908739E-005
2.763	9.1999907E-005
2.764	9.3059709E-005
2.765	9.4086849E-005
2.766	9.5080104E-005
2.767	9.6106909E-005
2.768	9.7031880E-005
2.769	9.7919285E-005
2.77	9.8771146E-005
2.771	9.9586934E-005
2.772	1.0036702E-004
2.773	1.0110717E-004
2.774	1.0185759E-004
2.775	1.0251980E-004
2.776	1.0314120E-004
2.777	1.0372556E-004
2.778	1.0426595E-004
2.779	1.0480350E-004
2.78	1.0526138E-004
2.781	1.0567997E-004
2.782	1.0605708E-004
2.783	1.0639379E-004
2.784	1.0670658E-004
2.785	1.0695713E-004
2.786	1.0716462E-004
2.787	1.0732988E-004
2.788	1.0744946E-004
2.789	1.0753749E-004
2.79	1.0757767E-004
2.791	1.0757340E-004
2.792	1.0752855E-004
2.793	1.0743470E-004
2.794	1.0730461E-004
2.795	1.0713281E-004
2.796	1.0690380E-004
2.797	1.0664666E-004
2.798	1.0635193E-004
2.799	1.0601362E-004
2.8	1.0561023E-004
2.801	1.0519366E-004
2.802	1.0473732E-004
2.803	1.0420453E-004
2.804	1.0366763E-004
2.805	1.0309451E-004
2.806	1.0244075E-004
2.807	1.0179266E-004
2.808	1.0110836E-004
2.809	1.0033616E-004
2.81	9.9581062E-005
2.811	9.8792523E-005
2.812	9.7909091E-005
2.813	9.7051816E-005
2.814	9.6099240E-005
2.815	9.5176729E-005
2.816	9.4228344E-005
2.817	9.3177652E-005
2.818	9.2203329E-005
2.819	9.1168891E-005
2.82	9.0029600E-005
2.821	8.8937748E-005
2.822	8.7742024E-005
2.823	8.6603264E-005
2.824	8.5356616E-005
2.825	8.4171093E-005
2.826	8.2963685E-005
2.827	8.1648526E-005
2.828	8.0402315E-005
2.829	7.9046258E-005
2.83	7.7764344E-005
2.831	7.6373246E-005
2.832	7.5059026E-005
2.833	7.3636380E-005
2.834	7.2296134E-005
2.835	7.0943803E-005
2.836	6.9484238E-005
2.837	6.8110749E-005
2.838	6.6630928E-005
2.839	6.5242908E-005
2.84	6.3749059E-005
2.841	6.2248364E-005
2.842	6.0844566E-005
2.843	5.9336835E-005
2.844	5.7928759E-005
2.845	5.6418918E-005
2.846	5.5060464E-005
2.847	5.3552612E-005
2.848	5.2146959E-005
2.849	5.0646195E-005
2.85	4.9249458E-005
2.851	4.7760772E-005
2.852	4.6376255E-005
2.853	4.4903925E-005
2.854	4.3439602E-005
2.855	4.2083586E-005
2.856	4.0642801E-005
2.857	3.9309802E-005
2.858	3.7896607E-005
2.859	3.6497866E-005
2.86	3.5207635E-005
2.861	3.3843073E-005
2.862	3.2586107E-005
2.863	3.1258525E-005
2.864	2.9950799E-005
2.865	2.8751221E-005
2.866	2.7487114E-005
2.867	2.6246986E-005
2.868	2.5111372E-005
2.869	2.3919754E-005
2.87	2.2754310E-005
2.871	2.1690332E-005
2.872	2.0577874E-005
2.873	1.9530024E-005
2.874	1.8544057E-005
2.875	1.7516322E-005
2.876	1.6519944E-005
2.877	1.5618840E-005
2.878	1.4683416E-005
2.879	1.3781207E-005
2.88	1.2969403E-005
2.881	1.2132088E-005
2.882	1.1329461E-005
2.883	1.0561099E-005
2.884	9.8760383E-006
2.885	9.1765787E-006
2.886	8.5136271E-006
2.887	7.8870271E-006
2.888	7.3352971E-006
2.889	6.7799856E-006
2.89	6.2625654E-006
2.891	5.7822454E-006
2.892	5.3682479E-006
2.893	4.9616165E-006
2.894	4.5929496E-006
2.895	4.2627289E-006
2.896	3.9888400E-006
2.897	3.7328789E-006
2.898	3.5150290E-006
2.899	3.3357840E-006
2.9	3.1989268E-006
2.901	3.1005361E-006
2.902	3.0319711E-006
2.903	3.0015788E-006
2.904	3.0088261E-006
2.905	3.0538745E-006
2.906	3.1362254E-006
2.907	3.2557261E-006
2.908	3.4005052E-006
2.909	3.5909454E-006
2.91	3.8173744E-006
2.911	4.0796058E-006
2.912	4.3773243E-006
2.913	4.7096228E-006
2.914	5.0766548E-006
2.915	5.4497114E-006
2.916	5.8818896E-006
2.917	6.3469461E-006
2.918	6.8442682E-006
2.919	7.3733027E-006
2.92	7.9334795E-006
2.921	8.5243873E-006
2.922	9.1449101E-006
2.923	9.7944712E-006
2.924	1.0472460E-005
2.925	1.1178407E-005
2.926	1.1886352E-005
2.927	1.2644301E-005
2.928	1.3374783E-005
2.929	1.4181496E-005
2.93	1.5011867E-005
2.931	1.5865064E-005
2.932	1.6740747E-005
2.933	1.7637663E-005
2.934	1.8555036E-005
2.935	1.9492030E-005
2.936	2.0447147E-005
2.937	2.1420678E-005
2.938	2.2410544E-005
2.939	2.3416671E-005
2.94	2.4437519E-005
2.941	2.5472409E-005
2.942	2.6520220E-005
2.943	2.7580121E-005
2.944	2.8650988E-005
2.945	2.9732408E-005
2.946	3.0895510E-005
2.947	3.1994634E-005
2.948	3.3100401E-005
2.949	3.4212975E-005
2.95	3.5329911E-005
2.951	3.6413683E-005
2.952	3.7538644E-005
2.953	3.8664803E-005
2.954	3.9793085E-005
2.955	4.0921597E-005
2.956	4.2048647E-005
2.957	4.3174336E-005
2.958	4.4372176E-005
2.959	4.5491623E-005
2.96	4.6605841E-005
2.961	4.7714930E-005
2.962	4.8817281E-005
2.963	4.9912866E-005
2.964	5.0999875E-005
2.965	5.2077990E-005
2.966	5.3215877E-005
2.967	5.4271593E-005
2.968	5.5314606E-005
2.969	5.6346045E-005
2.97	5.7363210E-005
2.971	5.8366728E-005
2.972	5.9354457E-005
2.973	6.0390405E-005
2.974	6.1344304E-005
2.975	6.2280073E-005
2.976	6.3169195E-005
2.977	6.4067390E-005
2.978	6.5004533E-005
2.979	6.5862543E-005
2.98	6.6700210E-005
2.981	6.7515692E-005
2.982	6.8360023E-005
2.983	6.9129477E-005
2.984	6.9873735E-005
2.985	7.0593313E-005
2.986	7.1335373E-005
2.987	7.2004535E-005
2.988	7.2648189E-005
2.989	7.3263815E-005
2.99	7.3893578E-005
2.991	7.4454190E-005
2.992	7.4988122E-005
2.993	7.5495569E-005
2.994	7.6004137E-005
2.995	7.6451688E-005
2.996	7.6871860E-005
2.997	7.7285637E-005
2.998	7.7643817E-005
2.999	7.7972763E-005
3	7.8279736E-005
