theta_deg	R_normalised
0.05075	0.394946
0.05225	0.406404
0.05375	0.415416
0.05525	0.425628
0.05675	0.432112
0.05825	0.440573
0.05975	0.447842
0.06125	0.460023
0.06275	0.471695
0.06425	0.487574
0.06575	0.496598
0.06725	0.505412
0.06875	0.512306
0.07025	0.516389
0.07175	0.518739
0.07325	0.525646
0.07475	0.536345
0.07625	0.547159
0.07775	0.556965
0.07925	0.567338
0.08075	0.57429
0.08225	0.57853
0.08375	0.584526
0.08525	0.589927
0.08675	0.600406
0.08825	0.613178
0.08975	0.627501
0.09125	0.640166
0.09275	0.646325
0.09425	0.653405
0.09575	0.652688
0.09725	0.656782
0.09875	0.660653
0.10025	0.665837
0.10175	0.679351
0.10325	0.690895
0.10475	0.699828
0.10625	0.707261
0.10775	0.711607
0.10925	0.71467
0.11075	0.717257
0.11225	0.72905
0.11375	0.741689
0.11525	0.752782
0.11675	0.759338
0.11825	0.767419
0.11975	0.772353
0.12125	0.772724
0.12275	0.772709
0.12425	0.774227
0.12575	0.782742
0.12725	0.793884
0.12875	0.80224
0.13025	0.814783
0.13175	0.817774
0.13325	0.82066
0.13475	0.823279
0.13625	0.829794
0.13775	0.835334
0.13925	0.844403
0.14075	0.857975
0.14225	0.866177
0.14375	0.871722
0.14525	0.875727
0.14675	0.87507
0.14825	0.871156
0.14975	0.873243
0.15125	0.878782
0.15275	0.88651
0.15425	0.897454
0.15575	0.905796
0.15725	0.909748
0.15875	0.912538
0.16025	0.913631
0.16175	0.915068
0.16325	0.920969
0.16475	0.927311
0.16625	0.936343
0.16775	0.945893
0.16925	0.947156
0.17075	0.952405
0.17225	0.948992
0.17375	0.946123
0.17525	0.947818
0.17675	0.95019
0.17825	0.955899
0.17975	0.9641
0.18125	0.969144
0.18275	0.975796
0.18425	0.974476
0.18575	0.977808
0.18725	0.974485
0.18875	0.976157
0.19025	0.981489
0.19175	0.987739
0.19325	0.992106
0.19475	0.995761
0.19625	0.994236
0.19775	0.990572
0.19925	0.988182
0.20075	0.98576
0.20225	0.985079
0.20375	0.988532
0.20525	0.992371
0.20675	0.996347
0.20825	1.0
0.20975	0.999106
0.21125	0.996492
0.21275	0.994246
0.21425	0.992288
0.21575	0.995215
0.21725	0.995253
0.21875	0.998609
0.22025	0.998763
0.22175	0.996536
0.22325	0.9913
0.22475	0.983608
0.22625	0.978498
0.22775	0.977105
0.22925	0.975103
0.23075	0.979058
0.23225	0.97499
0.23375	0.975727
0.23525	0.969408
0.23675	0.96661
0.23825	0.961942
0.23975	0.957602
0.24125	0.95615
0.24275	0.951364
0.24425	0.948839
0.24575	0.948716
0.24725	0.938842
0.24875	0.93235
0.25025	0.921242
0.25175	0.91469
0.25325	0.904758
0.25475	0.901476
0.25625	0.896181
0.25775	0.888911
0.25925	0.881595
0.26075	0.87299
0.26225	0.861258
0.26375	0.849807
0.26525	0.838889
0.26675	0.828513
0.26825	0.818671
0.26975	0.805947
0.27125	0.794226
0.27275	0.777556
0.27425	0.760836
0.27575	0.741599
0.27725	0.722496
0.27875	0.7021
0.28025	0.681385
0.28175	0.660648
0.28325	0.643571
0.28475	0.622443
0.28625	0.59857
0.28775	0.575245
0.28925	0.550058
0.29075	0.524956
0.29225	0.501501
0.29375	0.478736
0.29525	0.456751
0.29675	0.4325
0.29825	0.411747
0.29975	0.39068
0.30125	0.37055
0.30275	0.351075
0.30425	0.334692
0.30575	0.318857
0.30725	0.303848
0.30875	0.289809
0.31025	0.278197
0.31175	0.264707
0.31325	0.253912
0.31475	0.242385
0.31625	0.231965
0.31775	0.222301
0.31925	0.213008
0.32075	0.205728
0.32225	0.19777
0.32375	0.189503
0.32525	0.181373
0.32675	0.173404
0.32825	0.16616
0.32975	0.160806
0.33125	0.15539
0.33275	0.149821
0.33425	0.146316
0.33575	0.142326
0.33725	0.138203
0.33875	0.133351
0.34025	0.128823
0.34175	0.124572
0.34325	0.11927
0.34475	0.115701
0.34625	0.110926
0.34775	0.107668
0.34925	0.103671
0.35075	0.100424
0.35225	0.0976302
0.35375	0.0951467
0.35525	0.0935814
0.35675	0.0914495
0.35825	0.0896263
0.35975	0.0879526
0.36125	0.0862362
0.36275	0.0833979
0.36425	0.0802115
0.36575	0.0777149
0.36725	0.0747978
0.36875	0.0713568
0.37025	0.0683198
0.37175	0.0666428
0.37325	0.0652155
0.37475	0.0628125
0.37625	0.0621193
0.37775	0.0608727
0.37925	0.0602978
0.38075	0.0597328
0.38225	0.0594158
0.38375	0.0590824
0.38525	0.0586931
0.38675	0.0575121
0.38825	0.0556857
0.38975	0.0540399
0.39125	0.05211
0.39275	0.0502178
0.39425	0.047736
0.39575	0.0457814
0.39725	0.0440124
0.39875	0.0424964
0.40025	0.0416637
0.40175	0.0409295
0.40325	0.0406502
0.40475	0.0398881
0.40625	0.0402725
0.40775	0.0398553
0.40925	0.0406272
0.41075	0.041051
0.41225	0.0408227
0.41375	0.0399341
0.41525	0.0391359
0.41675	0.0373751
0.41825	0.0367838
0.41975	0.0351446
0.42125	0.0332705
0.42275	0.0322587
0.42425	0.0304536
0.42575	0.0293498
0.42725	0.0284629
0.42875	0.027075
0.43025	0.0270963
0.43175	0.0266003
0.43325	0.0271867
0.43475	0.0277369
0.43625	0.0280555
0.43775	0.0285039
0.43925	0.0291692
0.44075	0.0296028
0.44225	0.029225
0.44375	0.02911
0.44525	0.0284645
0.44675	0.0273427
0.44825	0.0260845
0.44975	0.0246901
0.45125	0.0233843
0.45275	0.0220424
0.45425	0.0206117
0.45575	0.0195211
0.45725	0.0188707
0.45875	0.0181004
0.46025	0.0182613
0.46175	0.0182613
0.46325	0.0186489
0.46475	0.0190973
0.46625	0.020073
0.46775	0.0204409
0.46925	0.0211915
0.47075	0.0213525
0.47225	0.0216514
0.47375	0.0214494
0.47525	0.0214248
0.47675	0.0209764
0.47825	0.0204228
0.47975	0.0193864
0.48125	0.0180954
0.48275	0.0170951
0.48425	0.0160357
0.48575	0.0147809
0.48725	0.0136114
0.48875	0.0131416
0.49025	0.0128575
0.49175	0.0122645
0.49325	0.0122974
0.49475	0.0126932
0.49625	0.0133782
0.49775	0.0141255
0.49925	0.0150256
0.50075	0.0156859
0.50225	0.0161474
0.50375	0.0170919
0.50525	0.0171641
0.50675	0.0172972
0.50825	0.0168685
0.50975	0.0164513
0.51125	0.0159897
0.51275	0.0152276
0.51425	0.0138463
0.51575	0.0130201
0.51725	0.0117439
0.51875	0.0106467
0.52025	0.0099979
0.52175	0.00931462
0.52325	0.00896312
0.52475	0.00877588
0.52625	0.00893192
0.52775	0.00939017
0.52925	0.0101753
0.53075	0.0109193
0.53225	0.0114154
0.53375	0.0125766
0.53525	0.012846
0.53675	0.0136968
0.53825	0.0142405
0.53975	0.0141025
0.54125	0.0146495
0.54275	0.0140598
0.54425	0.0135276
0.54575	0.0127737
0.54725	0.011826
0.54875	0.0107879
0.55025	0.00989935
0.55175	0.0089894
0.55325	0.0081698
0.55475	0.00738468
0.55625	0.00683937
0.55775	0.0067129
0.55925	0.00663898
0.56075	0.00688372
0.56225	0.00713666
0.56375	0.00784787
0.56525	0.00868554
0.56675	0.00963326
0.56825	0.0104479
0.56975	0.0111164
0.57125	0.0118211
0.57275	0.0121414
0.57425	0.0124863
0.57575	0.0125191
0.57725	0.0123565
0.57875	0.0117915
0.58025	0.0113727
0.58175	0.0103034
0.58325	0.00972196
0.58475	0.00851144
0.58625	0.00766226
0.58775	0.00680324
0.58925	0.00605426
0.59075	0.00548431
0.59225	0.00527243
0.59375	0.00504412
0.59525	0.00531349
0.59675	0.00548266
0.59825	0.00644846
0.59975	0.0070726
0.60125	0.00802526
0.60275	0.00888428
0.60425	0.00986978
0.60575	0.0106828
0.60725	0.0116223
0.60875	0.0117242
0.61025	0.0119475
0.61175	0.0116798
0.61325	0.0115221
0.61475	0.011008
0.61625	0.0102459
0.61775	0.00955771
0.61925	0.00846873
0.62075	0.00752265
0.62225	0.00657985
0.62375	0.00568798
0.62525	0.0048618
0.62675	0.00444625
0.62825	0.00415224
0.62975	0.00419495
0.63125	0.00428036
0.63275	0.00491764
0.63425	0.00541697
0.63575	0.00635647
0.63725	0.00711203
0.63875	0.00839975
0.64025	0.00916679
0.64175	0.0100012
0.64325	0.0109062
0.64475	0.011619
0.64625	0.0118999
0.64775	0.0120872
0.64925	0.0115106
0.65075	0.0112248
0.65225	0.0105974
0.65375	0.00953964
0.65525	0.00880544
0.65675	0.00777724
0.65825	0.00653879
0.65975	0.005596
0.66125	0.00478953
0.66275	0.0043592
0.66425	0.00390586
0.66575	0.00389108
0.66725	0.00385988
0.66875	0.00438055
0.67025	0.00529049
0.67175	0.00614459
0.67325	0.00717937
0.67475	0.00849008
0.67625	0.00967268
0.67775	0.0108208
0.67925	0.0118556
0.68075	0.0125898
0.68225	0.0131351
0.68375	0.0137609
0.68525	0.0134521
0.68675	0.0132057
0.68825	0.0123861
0.68975	0.011532
0.69125	0.0106171
0.69275	0.00933597
0.69425	0.00804825
0.69575	0.00694778
0.69725	0.00587358
0.69875	0.00472876
0.70025	0.00436248
0.70175	0.00373997
0.70325	0.00390094
0.70475	0.00413581
0.70625	0.00503262
0.70775	0.00593764
0.70925	0.00712352
0.71075	0.00851308
0.71225	0.0100784
0.71375	0.0115747
0.71525	0.013071
0.71675	0.0145739
0.71825	0.0157894
0.71975	0.0164513
0.72125	0.0166911
0.72275	0.0167781
0.72425	0.0159963
0.72575	0.015428
0.72725	0.0145279
0.72875	0.0129133
0.73025	0.0116798
0.73175	0.00987143
0.73325	0.0085837
0.73475	0.00695106
0.73625	0.00588836
0.73775	0.00526257
0.73925	0.00485195
0.74075	0.00498827
0.74225	0.00572411
0.74375	0.00698227
0.74525	0.00876274
0.74675	0.0107847
0.74825	0.0129429
0.74975	0.0153508
0.75125	0.0179854
0.75275	0.0205986
0.75425	0.0224119
0.75575	0.0245406
0.75725	0.0258102
0.75875	0.0270076
0.76025	0.0272261
0.76175	0.0264705
0.76325	0.0254998
0.76475	0.0240183
0.76625	0.0217566
0.76775	0.0194373
0.76925	0.0171428
0.77075	0.0145378
0.77225	0.0124469
0.77375	0.0106122
0.77525	0.00933761
0.77675	0.00901733
0.77825	0.0092867
0.77975	0.0112725
0.78125	0.0136065
0.78275	0.0179722
0.78425	0.0223659
0.78575	0.0283068
0.78725	0.034095
0.78875	0.0400442
0.79025	0.0460951
0.79175	0.0519293
0.79325	0.0572165
0.79475	0.0618007
0.79625	0.0653863
0.79775	0.0666789
0.79925	0.067469
0.80075	0.0662223
0.80225	0.0629488
0.80375	0.0593583
0.80525	0.0541582
0.80675	0.0486804
0.80825	0.0424373
0.80975	0.037403
0.81125	0.0340047
0.81275	0.0326825
0.81425	0.0337271
0.81575	0.0389108
0.81725	0.0480858
0.81875	0.0627484
0.82025	0.0829298
0.82175	0.1083
0.82325	0.138911
0.82475	0.172085
0.82625	0.208525
0.82775	0.246919
0.82925	0.285023
0.83075	0.326095
0.83225	0.365532
0.83375	0.400461
0.83525	0.436215
0.83675	0.464698
0.83825	0.492806
0.83975	0.513303
0.84125	0.531651
0.84275	0.543781
0.84425	0.553731
0.84575	0.562169
0.84725	0.568336
0.84875	0.573513
0.85025	0.572651
0.85175	0.573167
0.85325	0.567014
0.85475	0.558954
0.85625	0.54881
0.85775	0.535678
0.85925	0.524677
0.86075	0.511778
0.86225	0.497717
0.86375	0.477381
0.86525	0.4581
0.86675	0.437698
0.86825	0.415291
0.86975	0.392694
0.87125	0.36795
0.87275	0.344496
0.87425	0.320432
0.87575	0.294651
0.87725	0.267713
0.87875	0.240679
0.88025	0.215358
0.88175	0.18746
0.88325	0.163253
0.88475	0.139062
0.88625	0.117927
0.88775	0.0984088
0.88925	0.080246
0.89075	0.0651005
0.89225	0.0532827
0.89375	0.0424521
0.89525	0.0354649
0.89675	0.0302302
0.89825	0.0276515
0.89975	0.0258332
0.90125	0.0258004
0.90275	0.0268499
0.90425	0.0279439
0.90575	0.0292841
0.90725	0.0311057
0.90875	0.0326003
0.91025	0.033305
0.91175	0.0337107
0.91325	0.0334659
0.91475	0.0328188
0.91625	0.0309365
0.91775	0.0291462
0.91925	0.0270733
0.92075	0.0240774
0.92225	0.0216104
0.92375	0.0190563
0.92525	0.016581
0.92675	0.0140483
0.92825	0.0120658
0.92975	0.0101966
0.93125	0.00876602
0.93275	0.00819115
0.93425	0.00730091
0.93575	0.0071383
0.93725	0.00764584
0.93875	0.00819443
0.94025	0.00849665
0.94175	0.00936718
0.94325	0.0100817
0.94475	0.0106319
0.94625	0.0113661
0.94775	0.0118539
0.94925	0.0121545
0.95075	0.0122563
0.95225	0.0122514
0.95375	0.012056
0.95525	0.011077
0.95675	0.0104217
0.95825	0.00950843
0.95975	0.00864612
0.96125	0.00778217
0.96275	0.00695599
0.96425	0.00591957
0.96575	0.00506054
0.96725	0.00437726
0.96875	0.0038763
0.97025	0.0036792
0.97175	0.00342133
0.97325	0.00318645
0.97475	0.00333592
0.97625	0.00346568
0.97775	0.00376133
0.97925	0.00408161
0.98075	0.00450702
0.98225	0.00462692
0.98375	0.00537919
0.98525	0.00535126
0.98675	0.00556479
0.98825	0.00583416
0.98975	0.00601319
0.99125	0.00588508
0.99275	0.00549416
0.99425	0.00535126
0.99575	0.00515581
0.99725	0.00462692
0.99875	0.00418673
1.00025	0.00373012
1.00175	0.00328007
1.00325	0.0028251
1.00475	0.0026165
1.00625	0.00234056
1.00775	0.00198907
1.00925	0.0017082
1.01075	0.00181825
1.01225	0.00175912
1.01375	0.00184453
1.01525	0.00206791
1.01675	0.00207119
1.01825	0.00230278
1.01975	0.00251795
1.02125	0.00264771
1.02275	0.00287438
1.02425	0.00291544
1.02575	0.00302713
1.02725	0.00306326
1.02875	0.00311746
1.03025	0.00306326
1.03175	0.00302877
1.03325	0.00272162
1.03475	0.00264443
1.03625	0.00237506
1.03775	0.00223216
1.03925	0.00193815
1.04075	0.00171148
1.04225	0.00155052
1.04375	0.00126801
1.04525	0.00121052
1.04675	0.00114154
1.04825	0.00104463
1.04975	0.00114975
1.05125	0.0011054
1.05275	0.00131071
1.05425	0.00123516
1.05575	0.00143226
1.05725	0.00160308
1.05875	0.00174598
1.06025	0.00181004
1.06175	0.00192501
1.06325	0.00188559
1.06475	0.00192172
1.06625	0.00194472
1.06775	0.00186752
1.06925	0.00190694
1.07075	0.00184617
1.07225	0.00169835
1.07375	0.00169999
1.07525	0.00150289
1.07675	0.00131236
1.07825	0.00125323
1.07975	0.00109226
1.08125	0.000957577
1.08275	0.000888593
1.08425	0.000836033
1.08575	0.000753908
1.08725	0.000763763
1.08875	0.000750622
1.09025	0.000839318
1.09175	0.000901732
1.09325	0.000977288
1.09475	0.00095265
1.09625	0.0011054
1.09775	0.00122859
1.09925	0.00123352
1.10075	0.00133207
1.10225	0.0013682
1.10375	0.00133864
1.10525	0.00139941
1.10675	0.00134356
1.10825	0.00118917
1.10975	0.00117767
1.11125	0.00116618
1.11275	0.00104463
1.11425	0.00096579
1.11575	0.00082782
1.11725	0.000721057
1.11875	0.00071613
1.12025	0.000614295
1.12175	0.000556807
1.12325	0.000497678
1.12475	0.0005256
1.12625	0.000507533
1.12775	0.000550237
1.12925	0.000607725
1.13075	0.000657
1.13225	0.000747338
1.13375	0.000773618
1.13525	0.000857385
1.13675	0.000909945
1.13825	0.000969075
1.13975	0.000960862
1.14125	0.00104791
1.14275	0.000980573
1.14425	0.000960862
1.14575	0.00100521
1.14725	0.000951007
1.14875	0.00081468
1.15025	0.000770333
1.15175	0.000816322
1.15325	0.000607725
1.15475	0.000653715
1.15625	0.000515745
1.15775	0.000476325
1.15925	0.000443475
1.16075	0.000410625
1.16225	0.000364635
1.16375	0.000371205
1.16525	0.00038763
1.16675	0.000410625
1.16825	0.000431978
1.16975	0.000496035
1.17125	0.000602797
1.17275	0.00063729
1.17425	0.000688208
1.17575	0.000730913
1.17725	0.00076212
1.17875	0.000747338
1.18025	0.000778545
1.18175	0.00088038
1.18325	0.000737483
1.18475	0.000740768
1.18625	0.000725985
1.18775	0.000691493
1.18925	0.00065043
1.19075	0.000491108
1.19225	0.00049932
1.19375	0.00042705
1.19525	0.000371205
1.19675	0.000379417
1.19825	0.000305505
1.19975	0.0003285
1.20125	0.00030879
1.20275	0.000271013
1.20425	0.00027594
1.20575	0.000325215
1.20725	0.000356423
1.20875	0.000441832
1.21025	0.00045333
1.21175	0.000542025
1.21325	0.00048618
1.21475	0.000629078
1.21625	0.000596228
1.21775	0.000681637
1.21925	0.000675068
1.22075	0.000660285
1.22225	0.000693135
1.22375	0.000560093
1.22525	0.000586373
1.22675	0.000510818
1.22825	0.000500963
1.22975	0.000422123
1.23125	0.000402412
1.23275	0.000362992
1.23425	0.000251302
1.23575	0.000218453
1.23725	0.000198743
1.23875	0.000215167
1.24025	0.000213525
1.24175	0.000200385
1.24325	0.000231592
1.24475	0.000246375
1.24625	0.000297292
1.24775	0.000336712
1.24925	0.000362992
1.25075	0.000443475
1.25225	0.000438547
1.25375	0.000471397
1.25525	0.000569948
1.25675	0.000510818
1.25825	0.000497678
1.25975	0.000533813
1.26125	0.000543667
1.26275	0.000502605
1.26425	0.00047961
1.26575	0.000474682
1.26725	0.000395843
1.26875	0.000330143
1.27025	0.000331785
1.27175	0.000298935
1.27325	0.000257873
1.27475	0.000174105
1.27625	0.00018396
1.27775	0.000149468
1.27925	0.00016425
1.28075	0.00016425
1.28225	0.000147825
1.28375	0.000198743
1.28525	0.000251302
1.28675	0.000226665
1.28825	0.00029565
1.28975	0.000346568
1.29125	0.000349853
1.29275	0.000404055
1.29425	0.000441832
1.29575	0.000418838
1.29725	0.00043362
1.29875	0.00040734
1.30025	0.000425408
1.30175	0.000443475
1.30325	0.00040734
1.30475	0.000382703
1.30625	0.00030879
1.30775	0.000300577
1.30925	0.000266085
1.31075	0.000272655
1.31225	0.00018396
1.31375	0.000174105
1.31525	0.00015768
1.31675	0.00012483
1.31825	0.0001314
1.31975	0.000141255
1.32125	0.000133043
1.32275	0.00013797
1.32425	0.00016425
1.32575	0.000192172
1.32725	0.000226665
1.32875	0.000307148
1.33025	0.000349853
1.33175	0.000366277
1.33325	0.000349853
1.33475	0.000364635
1.33625	0.000431978
1.33775	0.000369563
1.33925	0.00036792
1.34075	0.000412267
1.34225	0.000351495
1.34375	0.000366277
1.34525	0.000318645
1.34675	0.000271013
1.34825	0.000238163
1.34975	0.000185603
1.35125	0.000160965
1.35275	0.000142897
1.35425	0.000134685
1.35575	9.855e-05
1.35725	0.00011826
1.35875	0.00010512
1.36025	0.000113332
1.36175	0.000119903
1.36325	0.00011826
1.36475	0.000167535
1.36625	0.000221738
1.36775	0.000220095
1.36925	0.00023652
1.37075	0.00031536
1.37225	0.00028908
1.37375	0.000359708
1.37525	0.000369563
1.37675	0.000399127
1.37825	0.000372847
1.37975	0.000390915
1.38125	0.000382703
1.38275	0.000313718
1.38425	0.000298935
1.38575	0.000287437
1.38725	0.00023652
1.38875	0.000238163
1.39025	0.000172462
1.39175	0.000149468
1.39325	0.00011826
1.39475	0.000101835
1.39625	8.37675e-05
1.39775	8.37675e-05
1.39925	7.71975e-05
1.40075	0.00011826
1.40225	0.000123187
1.40375	0.000149468
1.40525	0.000218453
1.40675	0.000205313
1.40825	0.000228308
1.40975	0.000272655
1.41125	0.000333427
1.41275	0.000313718
1.41425	0.00034164
1.41575	0.000336712
1.41725	0.000415552
1.41875	0.000395843
1.42025	0.000353138
1.42175	0.000379417
1.42325	0.00034821
1.42475	0.00023652
1.42625	0.000259515
1.42775	0.000226665
1.42925	0.000198743
1.43075	0.00013797
1.43225	0.000136328
1.43375	0.000129758
1.43525	9.36225e-05
1.43675	7.5555e-05
1.43825	7.5555e-05
1.43975	7.227e-05
1.44125	9.5265e-05
1.44275	0.00010512
1.44425	0.000147825
1.44575	0.000195457
1.44725	0.0002628
1.44875	0.000233235
1.45025	0.000298935
1.45175	0.0003285
1.45325	0.000353138
1.45475	0.000358065
1.45625	0.000412267
1.45775	0.000412267
1.45925	0.000417195
1.46075	0.00037449
1.46225	0.000364635
1.46375	0.000323573
1.46525	0.000264442
1.46675	0.000259515
1.46825	0.000221738
1.46975	0.00017082
1.47125	0.00015111
1.47275	0.000129758
1.47425	0.000126472
1.47575	9.69075e-05
1.47725	9.198e-05
1.47875	9.03375e-05
1.48025	0.00011826
1.48175	0.000114975
1.48325	0.000128115
1.48475	0.00017739
1.48625	0.00021024
1.48775	0.000234878
1.48925	0.00030222
1.49075	0.000338355
1.49225	0.000390915
1.49375	0.00045333
1.49525	0.00042705
1.49675	0.000428693
1.49825	0.0003942
1.49975	0.000366277
1.50125	0.00040077
1.50275	0.000399127
1.50425	0.000331785
1.50575	0.000336712
1.50725	0.000241448
1.50875	0.000239805
1.51025	0.000162607
1.51175	0.000192172
1.51325	0.00014454
1.51475	0.000121545
1.51625	0.000116617
1.51775	7.5555e-05
1.51925	9.855e-05
1.52075	0.000108405
1.52225	0.000149468
1.52375	0.00020367
1.52525	0.000220095
1.52675	0.00029565
1.52825	0.000331785
1.52975	0.000379417
1.53125	0.00049275
1.53275	0.000522315
1.53425	0.000477967
1.53575	0.000530527
1.53725	0.000569948
1.53875	0.000573233
1.54025	0.000586373
1.54175	0.000528885
1.54325	0.000510818
1.54475	0.00047304
1.54625	0.000397485
1.54775	0.0003942
1.54925	0.000323573
1.55075	0.000292365
1.55225	0.00025623
1.55375	0.00016425
1.55525	0.000162607
1.55675	0.000154395
1.55825	0.000169178
1.55975	0.00018396
1.56125	0.000220095
1.56275	0.000298935
1.56425	0.000338355
1.56575	0.00044676
1.56725	0.00055845
1.56875	0.000693135
1.57025	0.000837675
1.57175	0.00094608
1.57325	0.00104791
1.57475	0.00106927
1.57625	0.0011054
1.57775	0.00119902
1.57925	0.00125487
1.58075	0.00121874
1.58225	0.00117603
1.58375	0.00115468
1.58525	0.00114975
1.58675	0.0010397
1.58825	0.000947723
1.58975	0.00084753
1.59125	0.000730913
1.59275	0.00059787
1.59425	0.000523957
1.59575	0.000438547
1.59725	0.000509175
1.59875	0.00049275
1.60025	0.000543667
1.60175	0.000647145
1.60325	0.000905018
1.60475	0.00116125
1.60625	0.00154724
1.60775	0.0019053
1.60925	0.00254752
1.61075	0.00316674
1.61225	0.00380896
1.61375	0.00445939
1.61525	0.0052133
1.61675	0.0058473
1.61825	0.00692806
1.61975	0.00759985
1.62125	0.00835868
1.62275	0.00936225
1.62425	0.0102738
1.62575	0.0106746
1.62725	0.0111821
1.62875	0.0117291
1.63025	0.0123779
1.63175	0.0128871
1.63325	0.013296
1.63475	0.0135506
1.63625	0.0134701
1.63775	0.013324
1.63925	0.0133256
1.64075	0.0127474
1.64225	0.0123795
1.64375	0.0118753
1.64525	0.0115336
1.64675	0.0109489
1.64825	0.0103839
1.64975	0.00930148
1.65125	0.0086609
1.65275	0.00782487
1.65425	0.00718758
1.65575	0.00650923
1.65725	0.00570933
1.65875	0.00512131
1.66025	0.00444132
1.66175	0.00367592
1.66325	0.00298935
1.66475	0.00253438
1.66625	0.00210897
1.66775	0.00168028
1.66925	0.00128936
1.67075	0.00101835
1.67225	0.000804825
1.67375	0.000522315
1.67525	0.000397485
1.67675	0.00031536
1.67825	0.00017739
1.67975	0.000200385
1.68125	0.00015768
1.68275	0.000146183
1.68425	0.000119903
1.68575	0.00024309
1.68725	0.00019053
1.68875	0.000182317
1.69025	0.000290722
1.69175	0.0002628
1.69325	0.000298935
1.69475	0.000320288
1.69625	0.000305505
1.69775	0.00028251
1.69925	0.000305505
1.70075	0.00023652
1.70225	0.00022995
1.70375	0.000228308
1.70525	0.000193815
1.70675	0.000149468
1.70825	0.00014454
1.70975	0.000108405
1.71125	9.69075e-05
1.71275	8.8695e-05
1.71425	7.06275e-05
1.71575	5.74875e-05
1.71725	4.2705e-05
1.71875	6.07725e-05
1.72025	6.07725e-05
1.72175	5.42025e-05
1.72325	5.256e-05
1.72475	5.913e-05
1.72625	7.71975e-05
1.72775	7.5555e-05
1.72925	5.5845e-05
1.73075	8.2125e-05
1.73225	8.04825e-05
1.73375	8.2125e-05
1.73525	9.855e-05
1.73675	7.71975e-05
1.73825	9.03375e-05
1.73975	6.40575e-05
1.74125	7.5555e-05
1.74275	7.71975e-05
1.74425	7.39125e-05
1.74575	4.43475e-05
1.74725	3.942e-05
1.74875	2.79225e-05
1.75025	3.6135e-05
1.75175	2.9565e-05
1.75325	2.13525e-05
1.75475	2.2995e-05
1.75625	2.46375e-05
1.75775	6.57e-06
1.75925	1.971e-05
1.76075	1.6425e-05
1.76225	1.6425e-05
1.76375	1.14975e-05
1.76525	2.2995e-05
1.76675	2.9565e-05
1.76825	3.285e-05
1.76975	4.10625e-05
1.77125	4.10625e-05
1.77275	3.44925e-05
1.77425	3.44925e-05
1.77575	4.2705e-05
1.77725	4.10625e-05
1.77875	4.76325e-05
1.78025	2.9565e-05
1.78175	2.79225e-05
1.78325	3.77775e-05
1.78475	2.79225e-05
1.78625	2.79225e-05
1.78775	2.79225e-05
1.78925	1.6425e-05
1.79075	1.314e-05
1.79225	1.14975e-05
1.79375	6.57e-06
1.79525	8.2125e-06
1.79675	9.855e-06
1.79825	6.57e-06
1.79975	9.855e-06
1.80125	3.285e-06
1.80275	8.2125e-06
1.80425	9.855e-06
1.80575	1.47825e-05
1.80725	1.14975e-05
1.80875	9.855e-06
1.81025	8.2125e-06
1.81175	2.46375e-05
1.81325	1.971e-05
1.81475	1.80675e-05
1.81625	9.855e-06
1.81775	1.314e-05
1.81925	1.80675e-05
1.82075	9.855e-06
1.82225	1.6425e-05
1.82375	1.314e-05
1.82525	1.314e-05
1.82675	1.47825e-05
1.82825	9.855e-06
1.82975	6.57e-06
1.83125	1.14975e-05
1.83275	1.14975e-05
1.83425	1.6425e-06
1.83575	4.9275e-06
1.83725	3.285e-06
1.83875	4.9275e-06
1.84025	4.9275e-06
1.84175	1.6425e-06
1.84325	1.314e-05
1.84475	8.2125e-06
1.84625	8.2125e-06
1.84775	1.47825e-05
1.84925	1.14975e-05
1.85075	1.80675e-05
1.85225	4.9275e-06
1.85375	9.855e-06
1.85525	4.9275e-06
1.85675	1.6425e-05
1.85825	8.2125e-06
1.85975	4.9275e-06
1.86125	1.314e-05
1.86275	4.9275e-06
1.86425	8.2125e-06
1.86575	4.9275e-06
1.86725	8.2125e-06
1.86875	4.9275e-06
1.87025	8.2125e-06
1.87175	9.855e-06
1.87325	4.9275e-06
1.87475	1.6425e-06
1.87625	3.285e-06
1.87775	3.285e-06
1.87925	1.6425e-06
1.88075	1.6425e-06
1.88225	1.6425e-06
1.88375	4.9275e-06
1.88525	8.2125e-06
1.88675	1.6425e-06
1.88825	3.285e-06
1.88975	9.855e-06
1.89125	9.855e-06
1.89275	3.285e-06
1.89425	6.57e-06
1.89575	8.2125e-06
1.89725	9.855e-06
1.89875	3.285e-06
1.90025	6.57e-06
1.90175	4.9275e-06
1.90325	3.285e-06
1.90475	6.57e-06
1.90625	3.285e-06
1.90775	8.2125e-06
1.90925	4.9275e-06
1.91075	1.6425e-06
1.91225	1.6425e-06
1.91375	3.285e-06
1.91525	4.9275e-06
1.91675	1.6425e-06
1.91825	3.285e-06
1.91975	3.285e-06
1.92125	1.6425e-06
1.92275	4.9275e-06
1.92425	1.6425e-06
1.92575	1.6425e-06
1.92725	9.855e-06
1.92875	4.9275e-06
1.93025	9.855e-06
1.93175	6.57e-06
1.93325	8.2125e-06
1.93475	6.57e-06
1.93625	4.9275e-06
1.93775	4.9275e-06
1.93925	6.57e-06
1.94075	8.2125e-06
1.94225	3.285e-06
1.94375	6.57e-06
1.94525	1.6425e-06
1.94675	4.9275e-06
1.94825	1.6425e-06
1.94975	4.9275e-06
1.95125	6.57e-06
1.95275	1.6425e-06
1.95425	3.285e-06
1.95575	1.6425e-06
1.95725	1.6425e-06
1.95875	6.57e-06
1.96025	1.6425e-06
1.96175	4.9275e-06
1.96325	3.285e-06
1.96475	4.9275e-06
1.96625	6.57e-06
1.96775	3.285e-06
1.96925	3.285e-06
1.97075	8.2125e-06
1.97225	1.6425e-06
1.97375	6.57e-06
1.97525	6.57e-06
1.97675	4.9275e-06
1.97825	3.285e-06
1.97975	4.9275e-06
1.98125	8.2125e-06
1.98275	4.9275e-06
1.98425	6.57e-06
1.98575	4.9275e-06
1.98725	4.9275e-06
1.98875	1.6425e-06
1.99025	4.9275e-06
1.99175	6.57e-06
1.99325	3.285e-06
1.99475	3.285e-06
1.99625	1.6425e-06
1.99775	3.285e-06
1.99925	3.285e-06
2.00075	1.6425e-06
2.00225	1.6425e-06
2.00375	1.6425e-06
2.00525	8.2125e-06
2.00675	1.6425e-06
2.00825	8.2125e-06
2.00975	9.855e-06
2.01125	3.285e-06
2.01275	9.855e-06
2.01425	4.9275e-06
2.01575	8.2125e-06
2.01725	6.57e-06
2.01875	3.285e-06
2.02025	1.6425e-06
2.02175	3.285e-06
2.02325	4.9275e-06
2.02475	4.9275e-06
2.02625	3.285e-06
2.02775	4.9275e-06
2.02925	3.285e-06
2.03075	1.6425e-06
2.03225	1.6425e-06
2.03375	3.285e-06
2.03525	1.6425e-06
2.03675	1.6425e-06
2.03825	3.285e-06
2.03975	1.6425e-06
2.04125	6.57e-06
2.04275	9.855e-06
2.04425	8.2125e-06
2.04575	1.6425e-06
2.04725	4.9275e-06
2.04875	4.9275e-06
2.05025	1.6425e-06
2.05175	6.57e-06
2.05325	4.9275e-06
2.05475	1.6425e-06
2.05625	4.9275e-06
2.05775	3.285e-06
2.05925	3.285e-06
2.06075	6.57e-06
2.06225	4.9275e-06
2.06375	3.285e-06
2.06525	3.285e-06
2.06675	4.9275e-06
2.06825	3.285e-06
2.06975	6.57e-06
2.07125	1.6425e-06
2.07275	3.285e-06
2.07425	8.2125e-06
2.07575	4.9275e-06
2.07725	1.6425e-06
2.07875	4.9275e-06
2.08025	3.285e-06
2.08175	1.6425e-06
2.08325	6.57e-06
2.08475	8.2125e-06
2.08625	4.9275e-06
2.08775	3.285e-06
2.08925	1.6425e-06
2.09075	6.57e-06
2.09225	9.855e-06
2.09375	3.285e-06
2.09525	6.57e-06
2.09675	9.855e-06
2.09825	6.57e-06
2.09975	4.9275e-06
2.10125	4.9275e-06
2.10275	1.6425e-06
2.10425	1.6425e-06
2.10575	1.6425e-06
2.10725	3.285e-06
2.10875	1.6425e-06
2.11025	3.285e-06
2.11175	1.6425e-06
2.11325	6.57e-06
2.11475	3.285e-06
2.11625	1.6425e-06
2.11775	3.285e-06
2.11925	6.57e-06
2.12075	3.285e-06
2.12225	3.285e-06
2.12375	1.14975e-05
2.12525	1.6425e-05
2.12675	8.2125e-06
2.12825	1.314e-05
2.12975	8.2125e-06
2.13125	1.314e-05
2.13275	8.2125e-06
2.13425	1.14975e-05
2.13575	1.6425e-05
2.13725	3.285e-06
2.13875	1.971e-05
2.14025	8.2125e-06
2.14175	1.14975e-05
2.14325	1.14975e-05
2.14475	6.57e-06
2.14625	3.285e-06
2.14775	6.57e-06
2.14925	6.57e-06
2.15075	3.285e-06
2.15225	4.9275e-06
2.15375	1.6425e-06
2.15525	1.6425e-06
2.15675	3.285e-06
2.15825	1.6425e-06
2.15975	1.14975e-05
2.16125	1.47825e-05
2.16275	1.47825e-05
2.16425	9.855e-06
2.16575	6.57e-06
2.16725	1.80675e-05
2.16875	1.6425e-05
2.17025	6.57e-06
2.17175	2.13525e-05
2.17325	1.14975e-05
2.17475	8.2125e-06
2.17625	8.2125e-06
2.17775	1.14975e-05
2.17925	1.80675e-05
2.18075	1.14975e-05
2.18225	1.14975e-05
2.18375	6.57e-06
2.18525	1.14975e-05
2.18675	8.2125e-06
2.18825	1.14975e-05
2.18975	4.9275e-06
2.19125	4.9275e-06
2.19275	1.14975e-05
2.19425	4.9275e-06
2.19575	1.14975e-05
2.19725	4.9275e-06
2.19875	1.6425e-05
2.20025	1.314e-05
2.20175	1.47825e-05
2.20325	9.855e-06
2.20475	1.6425e-05
2.20625	1.47825e-05
2.20775	8.2125e-06
2.20925	1.6425e-05
2.21075	1.971e-05
2.21225	2.79225e-05
2.21375	1.80675e-05
2.21525	1.47825e-05
2.21675	1.6425e-05
2.21825	1.14975e-05
2.21975	9.855e-06
2.22125	1.80675e-05
2.22275	2.2995e-05
2.22425	1.314e-05
2.22575	1.6425e-05
2.22725	1.314e-05
2.22875	9.855e-06
2.23025	4.9275e-06
2.23175	1.314e-05
2.23325	1.14975e-05
2.23475	6.57e-06
2.23625	1.314e-05
2.23775	8.2125e-06
2.23925	8.2125e-06
2.24075	9.855e-06
2.24225	1.14975e-05
2.24375	1.314e-05
2.24525	1.971e-05
2.24675	1.971e-05
2.24825	2.79225e-05
2.24975	2.628e-05
2.25125	2.46375e-05
2.25275	2.79225e-05
2.25425	4.10625e-05
2.25575	2.79225e-05
2.25725	2.79225e-05
2.25875	2.2995e-05
2.26025	2.46375e-05
2.26175	2.46375e-05
2.26325	2.13525e-05
2.26475	1.971e-05
2.26625	2.46375e-05
2.26775	8.2125e-06
2.26925	8.2125e-06
2.27075	1.314e-05
2.27225	1.47825e-05
2.27375	1.314e-05
2.27525	4.9275e-06
2.27675	1.6425e-05
2.27825	1.14975e-05
2.27975	1.47825e-05
2.28125	1.47825e-05
2.28275	1.14975e-05
2.28425	6.57e-06
2.28575	3.285e-05
2.28725	3.6135e-05
2.28875	3.6135e-05
2.29025	2.2995e-05
2.29175	3.12075e-05
2.29325	4.10625e-05
2.29475	3.6135e-05
2.29625	3.77775e-05
2.29775	3.77775e-05
2.29925	4.2705e-05
2.30075	3.285e-05
2.30225	3.44925e-05
2.30375	3.44925e-05
2.30525	2.9565e-05
2.30675	3.12075e-05
2.30825	2.13525e-05
2.30975	8.2125e-06
2.31125	1.80675e-05
2.31275	1.80675e-05
2.31425	2.46375e-05
2.31575	9.855e-06
2.31725	1.14975e-05
2.31875	3.6135e-05
2.32025	2.13525e-05
2.32175	3.12075e-05
2.32325	2.46375e-05
2.32475	4.599e-05
2.32625	6.2415e-05
2.32775	5.913e-05
2.32925	6.07725e-05
2.33075	8.2125e-05
2.33225	7.227e-05
2.33375	0.000101835
2.33525	6.8985e-05
2.33675	0.00010512
2.33825	6.73425e-05
2.33975	8.2125e-05
2.34125	7.5555e-05
2.34275	9.69075e-05
2.34425	9.36225e-05
2.34575	6.57e-05
2.34725	5.5845e-05
2.34875	6.07725e-05
2.35025	6.57e-05
2.35175	4.599e-05
2.35325	3.285e-05
2.35475	2.79225e-05
2.35625	3.77775e-05
2.35775	2.628e-05
2.35925	5.74875e-05
2.36075	5.42025e-05
2.36225	6.8985e-05
2.36375	0.000103478
2.36525	0.000116617
2.36675	0.00014454
2.36825	0.000123187
2.36975	0.000198743
2.37125	0.000205313
2.37275	0.000241448
2.37425	0.000254588
2.37575	0.000252945
2.37725	0.00023652
2.37875	0.00028251
2.38025	0.00025623
2.38175	0.000285795
2.38325	0.000259515
2.38475	0.00024966
2.38625	0.000206955
2.38775	0.000221738
2.38925	0.00022338
2.39075	0.000136328
2.39225	0.00016425
2.39375	0.000128115
2.39525	0.000142897
2.39675	0.000126472
2.39825	0.000134685
2.39975	0.000174105
2.40125	0.000202027
2.40275	0.000279225
2.40425	0.000303863
2.40575	0.000425408
2.40725	0.000553522
2.40875	0.00061101
2.41025	0.00080154
2.41175	0.00101014
2.41325	0.00113497
2.41475	0.00134685
2.41625	0.00159979
2.41775	0.00174269
2.41925	0.00211061
2.42075	0.0022453
2.42225	0.00256066
2.42375	0.00274955
2.42525	0.00292036
2.42675	0.00296635
2.42825	0.00326858
2.42975	0.00343611
2.43125	0.00373669
2.43275	0.00363485
2.43425	0.00382046
2.43575	0.00373833
2.43725	0.00380896
2.43875	0.00392065
2.44025	0.00383195
2.44175	0.00378104
2.44325	0.00361678
2.44475	0.00356423
2.44625	0.00335234
2.44775	0.00330142
2.44925	0.00305998
2.45075	0.00288259
2.45225	0.00265921
2.45375	0.00234549
2.45525	0.00222066
2.45675	0.00198907
2.45825	0.00176405
2.45975	0.0015653
2.46125	0.00132714
2.46275	0.00115304
2.46425	0.000882023
2.46575	0.000765405
2.46725	0.000615938
2.46875	0.000484538
2.47025	0.0003942
2.47175	0.00030879
2.47325	0.000221738
2.47475	0.000187245
2.47625	0.00017082
2.47775	9.69075e-05
2.47925	0.000113332
2.48075	7.227e-05
2.48225	8.70525e-05
2.48375	6.57e-05
2.48525	7.71975e-05
2.48675	8.541e-05
2.48825	0.000103478
2.48975	7.39125e-05
2.49125	0.000116617
2.49275	0.000106762
2.49425	0.0001314
2.49575	0.000101835
2.49725	9.198e-05
2.49875	9.855e-05
2.50025	0.000114975
2.50175	0.000101835
2.50325	9.855e-05
2.50475	6.2415e-05
2.50625	7.884e-05
2.50775	5.913e-05
2.50925	5.74875e-05
2.51075	3.942e-05
2.51225	2.9565e-05
2.51375	2.2995e-05
2.51525	2.9565e-05
2.51675	2.9565e-05
2.51825	2.46375e-05
2.51975	1.47825e-05
2.52125	1.6425e-05
2.52275	3.44925e-05
2.52425	2.79225e-05
2.52575	5.09175e-05
2.52725	5.256e-05
2.52875	3.77775e-05
2.53025	3.285e-05
2.53175	5.5845e-05
2.53325	3.6135e-05
2.53475	4.43475e-05
2.53625	5.42025e-05
2.53775	4.2705e-05
2.53925	4.76325e-05
2.54075	3.77775e-05
2.54225	4.10625e-05
2.54375	2.2995e-05
2.54525	1.47825e-05
2.54675	1.971e-05
2.54825	2.9565e-05
2.54975	1.80675e-05
2.55125	1.47825e-05
2.55275	9.855e-06
2.55425	1.80675e-05
2.55575	2.2995e-05
2.55725	1.314e-05
2.55875	1.971e-05
2.56025	8.2125e-06
2.56175	1.47825e-05
2.56325	1.314e-05
2.56475	8.2125e-06
2.56625	9.855e-06
2.56775	2.2995e-05
2.56925	1.6425e-05
2.57075	3.12075e-05
2.57225	9.855e-06
2.57375	2.79225e-05
2.57525	2.79225e-05
2.57675	2.79225e-05
2.57825	2.13525e-05
2.57975	2.46375e-05
2.58125	1.47825e-05
2.58275	4.9275e-06
2.58425	1.971e-05
2.58575	8.2125e-06
2.58725	9.855e-06
2.58875	1.971e-05
2.59025	1.314e-05
2.59175	6.57e-06
2.59325	4.9275e-06
2.59475	1.6425e-06
2.59625	8.2125e-06
2.59775	4.9275e-06
2.59925	3.285e-06
2.60075	8.2125e-06
2.60225	6.57e-06
2.60375	4.9275e-06
2.60525	6.57e-06
2.60675	9.855e-06
2.60825	4.9275e-06
2.60975	1.80675e-05
2.61125	8.2125e-06
2.61275	1.314e-05
2.61425	2.13525e-05
2.61575	6.57e-06
2.61725	6.57e-06
2.61875	1.6425e-05
2.62025	8.2125e-06
2.62175	9.855e-06
2.62325	1.14975e-05
2.62475	8.2125e-06
2.62625	3.285e-06
2.62775	4.9275e-06
2.62925	1.6425e-06
2.63075	9.855e-06
2.63225	1.6425e-06
2.63375	4.9275e-06
2.63525	3.285e-06
2.63675	6.57e-06
2.63825	1.6425e-06
2.63975	3.285e-06
2.64125	6.57e-06
2.64275	1.47825e-05
2.64425	6.57e-06
2.64575	1.14975e-05
2.64725	1.6425e-06
2.64875	6.57e-06
2.65025	1.47825e-05
2.65175	9.855e-06
2.65325	1.6425e-06
2.65475	4.9275e-06
2.65625	1.6425e-05
2.65775	1.14975e-05
2.65925	9.855e-06
2.66075	3.285e-06
2.66225	6.57e-06
2.66375	3.285e-06
2.66525	6.57e-06
2.66675	8.2125e-06
2.66825	3.285e-06
2.66975	9.855e-06
2.67125	1.6425e-06
2.67275	1.6425e-06
2.67425	3.285e-06
2.67575	1.6425e-06
2.67725	1.6425e-06
2.67875	3.285e-06
2.68025	3.285e-06
2.68175	4.9275e-06
2.68325	1.6425e-06
2.68475	1.14975e-05
2.68625	6.57e-06
2.68775	9.855e-06
2.68925	9.855e-06
2.69075	9.855e-06
2.69225	6.57e-06
2.69375	1.14975e-05
2.69525	1.14975e-05
2.69675	6.57e-06
2.69825	6.57e-06
2.69975	1.314e-05
2.70125	8.2125e-06
2.70275	1.6425e-06
2.70425	1.6425e-06
2.70575	1.6425e-06
2.70725	1.6425e-06
2.70875	1.6425e-06
2.71025	1.6425e-06
2.71175	3.285e-06
2.71325	8.2125e-06
2.71475	1.6425e-06
2.71625	3.285e-06
2.71775	1.6425e-06
2.71925	1.6425e-06
2.72075	4.9275e-06
2.72225	3.285e-06
2.72375	1.14975e-05
2.72525	4.9275e-06
2.72675	6.57e-06
2.72825	8.2125e-06
2.72975	4.9275e-06
2.73125	1.314e-05
2.73275	1.14975e-05
2.73425	4.9275e-06
2.73575	6.57e-06
2.73725	4.9275e-06
2.73875	8.2125e-06
2.74025	6.57e-06
2.74175	6.57e-06
2.74325	3.285e-06
2.74475	1.6425e-06
2.74625	3.285e-06
2.74775	1.6425e-06
2.74925	1.6425e-06
2.75075	1.6425e-06
2.75225	1.6425e-06
2.75375	3.285e-06
2.75525	4.9275e-06
2.75675	1.6425e-06
2.75825	1.6425e-06
2.75975	1.6425e-06
2.76125	8.2125e-06
2.76275	6.57e-06
2.76425	3.285e-06
2.76575	1.6425e-06
2.76725	9.855e-06
2.76875	6.57e-06
2.77025	4.9275e-06
2.77175	9.855e-06
2.77325	1.6425e-05
2.77475	1.14975e-05
2.77625	1.47825e-05
2.77775	6.57e-06
2.77925	9.855e-06
2.78075	6.57e-06
2.78225	8.2125e-06
2.78375	1.6425e-06
2.78525	3.285e-06
2.78675	6.57e-06
2.78825	4.9275e-06
2.78975	6.57e-06
2.79125	1.6425e-06
2.79275	3.285e-06
2.79425	1.6425e-06
2.79575	1.6425e-06
2.79725	1.6425e-06
2.79875	6.57e-06
2.80025	6.57e-06
2.80175	1.6425e-06
2.80325	3.285e-06
2.80475	9.855e-06
2.80625	8.2125e-06
2.80775	3.285e-06
2.80925	6.57e-06
2.81075	8.2125e-06
2.81225	8.2125e-06
2.81375	1.47825e-05
2.81525	8.2125e-06
2.81675	1.6425e-06
2.81825	9.855e-06
2.81975	1.6425e-05
2.82125	3.285e-06
2.82275	9.855e-06
2.82425	1.6425e-06
2.82575	3.285e-06
2.82725	1.6425e-06
2.82875	3.285e-06
2.83025	4.9275e-06
2.83175	3.285e-06
2.83325	1.6425e-06
2.83475	3.285e-06
2.83625	4.9275e-06
2.83775	1.6425e-06
2.83925	1.6425e-06
2.84075	4.9275e-06
2.84225	4.9275e-06
2.84375	4.9275e-06
2.84525	1.6425e-06
2.84675	6.57e-06
2.84825	3.285e-06
2.84975	8.2125e-06
2.85125	4.9275e-06
2.85275	1.14975e-05
2.85425	4.9275e-06
2.85575	6.57e-06
2.85725	8.2125e-06
2.85875	4.9275e-06
2.86025	8.2125e-06
2.86175	1.6425e-06
2.86325	3.285e-06
2.86475	8.2125e-06
2.86625	1.6425e-06
2.86775	3.285e-06
2.86925	3.285e-06
2.87075	3.285e-06
2.87225	1.6425e-06
2.87375	3.285e-06
2.87525	1.6425e-06
2.87675	3.285e-06
2.87825	3.285e-06
2.87975	1.6425e-06
2.88125	1.6425e-06
2.88275	1.6425e-06
2.88425	3.285e-06
2.88575	8.2125e-06
2.88725	8.2125e-06
2.88875	8.2125e-06
2.89025	1.314e-05
2.89175	9.855e-06
2.89325	1.6425e-06
2.89475	1.6425e-06
2.89625	9.855e-06
2.89775	4.9275e-06
2.89925	3.285e-06
2.90075	3.285e-06
2.90225	8.2125e-06
2.90375	4.9275e-06
2.90525	9.855e-06
2.90675	3.285e-06
2.90825	6.57e-06
2.90975	6.57e-06
2.91125	1.6425e-06
2.91275	3.285e-06
2.91425	1.6425e-06
2.91575	1.6425e-06
2.91725	6.57e-06
2.91875	4.9275e-06
2.92025	1.6425e-06
2.92175	4.9275e-06
2.92325	8.2125e-06
2.92475	4.9275e-06
2.92625	4.9275e-06
2.92775	1.6425e-06
2.92925	3.285e-06
2.93075	4.9275e-06
2.93225	9.855e-06
2.93375	6.57e-06
2.93525	8.2125e-06
2.93675	4.9275e-06
2.93825	1.14975e-05
2.93975	6.57e-06
2.94125	1.14975e-05
2.94275	8.2125e-06
2.94425	8.2125e-06
2.94575	6.57e-06
2.94725	4.9275e-06
2.94875	4.9275e-06
2.95025	9.855e-06
2.95175	1.6425e-06
2.95325	3.285e-06
2.95475	1.6425e-06
2.95625	6.57e-06
2.95775	4.9275e-06
2.95925	4.9275e-06
2.96075	4.9275e-06
2.96225	6.57e-06
2.96375	1.6425e-06
2.96525	3.285e-06
2.96675	1.14975e-05
2.96825	6.57e-06
2.96975	1.6425e-05
2.97125	6.57e-06
2.97275	6.57e-06
2.97425	1.971e-05
2.97575	1.314e-05
2.97725	8.2125e-06
2.97875	8.2125e-06
2.98025	1.14975e-05
2.98175	4.9275e-06
2.98325	1.314e-05
2.98475	6.57e-06
2.98625	8.2125e-06
2.98775	3.285e-06
2.98925	4.9275e-06
2.99075	3.285e-06
2.99225	6.57e-06
2.99375	4.9275e-06
2.99525	4.9275e-06
2.99675	3.285e-06
2.99825	1.6425e-06
2.99975	3.285e-06
3.00125	8.2125e-06
3.00275	3.285e-06
3.00425	4.9275e-06
3.00575	6.57e-06
3.00725	3.285e-06
3.00875	1.14975e-05
3.01025	4.9275e-06
3.01175	6.57e-06
3.01325	3.285e-06
3.01475	1.14975e-05
3.01625	8.2125e-06
3.01775	1.14975e-05
3.01925	9.855e-06
3.02075	6.57e-06
3.02225	4.9275e-06
3.02375	6.57e-06
3.02525	8.2125e-06
3.02675	6.57e-06
3.02825	6.57e-06
3.02975	4.9275e-06
3.03125	9.855e-06
3.03275	3.285e-06
3.03425	6.57e-06
3.03575	1.6425e-06
3.03725	4.9275e-06
3.03875	3.285e-06
3.04025	4.9275e-06
3.04175	9.855e-06
3.04325	1.314e-05
3.04475	4.9275e-06
3.04625	4.9275e-06
3.04775	9.855e-06
3.04925	4.9275e-06
3.05075	4.9275e-06
3.05225	4.9275e-06
3.05375	9.855e-06
3.05525	1.314e-05
3.05675	6.57e-06
3.05825	9.855e-06
3.05975	1.314e-05
3.06125	2.13525e-05
3.06275	1.14975e-05
3.06425	1.14975e-05
3.06575	6.57e-06
3.06725	1.6425e-05
3.06875	1.6425e-06
3.07025	9.855e-06
3.07175	9.855e-06
3.07325	3.285e-06
3.07475	6.57e-06
3.07625	4.9275e-06
3.07775	8.2125e-06
3.07925	3.285e-06
3.08075	8.2125e-06
3.08225	3.285e-06
3.08375	1.6425e-06
3.08525	4.9275e-06
3.08675	1.314e-05
3.08825	8.2125e-06
3.08975	1.47825e-05
3.09125	9.855e-06
3.09275	1.14975e-05
3.09425	1.14975e-05
3.09575	1.14975e-05
3.09725	2.46375e-05
3.09875	1.6425e-05
3.10025	1.6425e-05
3.10175	9.855e-06
3.10325	1.314e-05
3.10475	1.6425e-05
3.10625	6.57e-06
3.10775	1.14975e-05
3.10925	1.314e-05
3.11075	9.855e-06
3.11225	6.57e-06
3.11375	9.855e-06
3.11525	8.2125e-06
3.11675	6.57e-06
3.11825	1.47825e-05
3.11975	3.285e-06
3.12125	1.6425e-06
3.12275	1.314e-05
3.12425	1.80675e-05
3.12575	9.855e-06
3.12725	9.855e-06
3.12875	6.57e-06
3.13025	1.80675e-05
3.13175	1.14975e-05
3.13325	1.14975e-05
3.13475	9.855e-06
3.13625	2.13525e-05
3.13775	1.314e-05
3.13925	2.628e-05
3.14075	3.44925e-05
3.14225	1.971e-05
3.14375	1.971e-05
3.14525	2.46375e-05
3.14675	2.2995e-05
3.14825	1.6425e-05
3.14975	1.47825e-05
3.15125	1.14975e-05
3.15275	9.855e-06
3.15425	1.14975e-05
3.15575	1.314e-05
3.15725	1.314e-05
3.15875	1.6425e-05
3.16025	8.2125e-06
3.16175	1.80675e-05
3.16325	8.2125e-06
3.16475	1.6425e-05
3.16625	1.80675e-05
3.16775	2.79225e-05
3.16925	2.13525e-05
3.17075	2.628e-05
3.17225	2.9565e-05
3.17375	3.77775e-05
3.17525	2.628e-05
3.17675	4.10625e-05
3.17825	5.74875e-05
3.17975	4.76325e-05
3.18125	6.57e-05
3.18275	4.9275e-05
3.18425	3.942e-05
3.18575	3.44925e-05
3.18725	7.39125e-05
3.18875	6.40575e-05
3.19025	4.10625e-05
3.19175	4.2705e-05
3.19325	2.628e-05
3.19475	2.9565e-05
3.19625	2.2995e-05
3.19775	2.2995e-05
3.19925	3.285e-05
3.20075	3.942e-05
3.20225	2.628e-05
3.20375	4.10625e-05
3.20525	3.942e-05
3.20675	5.09175e-05
3.20825	5.913e-05
3.20975	7.06275e-05
3.21125	9.36225e-05
3.21275	0.00010512
3.21425	0.00012483
3.21575	0.000156037
3.21725	0.000174105
3.21875	0.000213525
3.22025	0.000238163
3.22175	0.000264442
3.22325	0.000294008
3.22475	0.000271013
3.22625	0.00038106
3.22775	0.00043362
3.22925	0.000384345
3.23075	0.000418838
3.23225	0.000471397
3.23375	0.000515745
3.23525	0.00044019
3.23675	0.000471397
3.23825	0.000522315
3.23975	0.00051903
3.24125	0.000527242
3.24275	0.000520672
3.24425	0.000496035
3.24575	0.000474682
3.24725	0.000477967
3.24875	0.000389273
3.25025	0.000418838
3.25175	0.000397485
3.25325	0.00038106
3.25475	0.000402412
3.25625	0.00030222
3.25775	0.000326857
3.25925	0.0002628
3.26075	0.000215167
3.26225	0.000215167
3.26375	0.00017082
3.26525	0.000169178
3.26675	0.00011169
3.26825	0.000126472
3.26975	8.541e-05
3.27125	8.04825e-05
3.27275	7.06275e-05
3.27425	4.599e-05
3.27575	5.913e-05
3.27725	5.256e-05
3.27875	2.9565e-05
3.28025	1.971e-05
3.28175	1.971e-05
3.28325	2.13525e-05
3.28475	1.47825e-05
3.28625	1.14975e-05
3.28775	1.47825e-05
3.28925	9.855e-06
3.29075	1.6425e-06
3.29225	8.2125e-06
3.29375	6.57e-06
3.29525	1.80675e-05
3.29675	6.57e-06
3.29825	1.14975e-05
3.29975	1.6425e-05
3.30125	9.855e-06
3.30275	2.13525e-05
3.30425	1.47825e-05
3.30575	1.47825e-05
3.30725	1.314e-05
3.30875	1.6425e-06
3.31025	1.14975e-05
3.31175	1.6425e-06
3.31325	1.6425e-06
3.31475	6.57e-06
3.31625	3.285e-06
3.31775	6.57e-06
3.31925	1.6425e-06
3.32075	1.6425e-06
3.32225	6.57e-06
3.32375	3.285e-06
3.32525	4.9275e-06
3.32675	3.285e-06
3.32825	8.2125e-06
3.32975	4.9275e-06
3.33125	4.9275e-06
3.33275	6.57e-06
3.33425	3.285e-06
3.33575	6.57e-06
3.33725	9.855e-06
3.33875	3.285e-06
3.34025	3.285e-06
3.34175	1.6425e-06
3.34325	1.6425e-06
3.34475	4.9275e-06
3.34625	1.6425e-06
3.34775	3.285e-06
3.34925	3.285e-06
3.35075	3.285e-06
3.35225	3.285e-06
3.35375	3.285e-06
3.35525	1.6425e-06
3.35675	4.9275e-06
3.35825	4.9275e-06
3.35975	3.285e-06
3.36125	9.855e-06
3.36275	1.6425e-06
3.36425	1.6425e-06
3.36575	4.9275e-06
3.36725	3.285e-06
3.36875	4.9275e-06
3.37025	4.9275e-06
3.37175	6.57e-06
3.37325	3.285e-06
3.37475	6.57e-06
3.37625	3.285e-06
3.37775	3.285e-06
3.37925	3.285e-06
3.38075	1.6425e-06
3.38225	1.6425e-06
3.38375	3.285e-06
3.38525	1.6425e-06
3.38675	1.6425e-06
3.38825	1.6425e-06
3.38975	4.9275e-06
3.39125	3.285e-06
3.39275	1.6425e-06
3.39425	4.9275e-06
3.39575	1.6425e-06
3.39725	1.6425e-06
3.39875	1.6425e-06
3.40025	1.6425e-06
3.40175	1.6425e-06
3.40325	1.6425e-06
3.40475	1.6425e-06
3.40625	3.285e-06
3.40775	1.6425e-06
3.40925	1.6425e-06
3.41075	1.6425e-06
3.41225	3.285e-06
3.41375	1.6425e-06
3.41525	1.6425e-06
3.41675	1.6425e-06
3.41825	1.6425e-06
3.41975	1.6425e-06
3.42125	1.6425e-06
3.42275	1.6425e-06
3.42425	1.6425e-06
3.42575	1.6425e-06
3.42725	6.57e-06
3.42875	1.6425e-06
3.43025	1.6425e-06
3.43175	1.6425e-06
3.43325	3.285e-06
3.43475	3.285e-06
3.43625	1.6425e-06
3.43775	1.6425e-06
3.43925	4.9275e-06
3.44075	3.285e-06
3.44225	3.285e-06
3.44375	3.285e-06
3.44525	1.6425e-06
3.44675	4.9275e-06
3.44825	1.6425e-06
3.44975	3.285e-06
3.45125	1.6425e-06
3.45275	1.6425e-06
3.45425	1.6425e-06
3.45575	1.6425e-06
3.45725	1.6425e-06
3.45875	1.6425e-06
3.46025	1.6425e-06
3.46175	1.6425e-06
3.46325	1.6425e-06
3.46475	3.285e-06
3.46625	1.6425e-06
3.46775	1.6425e-06
3.46925	4.9275e-06
3.47075	1.6425e-06
3.47225	1.6425e-06
3.47375	1.6425e-06
3.47525	1.6425e-06
3.47675	1.6425e-06
3.47825	3.285e-06
3.47975	4.9275e-06
3.48125	1.6425e-06
3.48275	1.6425e-06
3.48425	1.6425e-06
3.48575	1.6425e-06
3.48725	1.6425e-06
3.48875	3.285e-06
3.49025	1.6425e-06
3.49175	1.6425e-06
3.49325	1.6425e-06
3.49475	6.57e-06
3.49625	1.6425e-06
3.49775	1.6425e-06
3.49925	1.6425e-06
3.50075	1.6425e-06
3.50225	3.285e-06
3.50375	1.6425e-06
3.50525	1.6425e-06
3.50675	1.6425e-06
3.50825	1.6425e-06
3.50975	1.6425e-06
3.51125	1.6425e-06
3.51275	1.6425e-06
3.51425	1.6425e-06
3.51575	1.6425e-06
3.51725	1.6425e-06
3.51875	3.285e-06
3.52025	3.285e-06
3.52175	1.6425e-06
3.52325	1.6425e-06
3.52475	3.285e-06
3.52625	1.6425e-06
3.52775	3.285e-06
3.52925	1.6425e-06
3.53075	1.6425e-06
3.53225	1.6425e-06
3.53375	3.285e-06
3.53525	1.6425e-06
3.53675	1.6425e-06
3.53825	1.6425e-06
3.53975	1.6425e-06
3.54125	1.6425e-06
3.54275	3.285e-06
3.54425	3.285e-06
3.54575	1.6425e-06
3.54725	1.6425e-06
3.54875	1.6425e-06
3.55025	1.6425e-06
3.55175	1.6425e-06
3.55325	1.6425e-06
3.55475	1.6425e-06
3.55625	1.6425e-06
3.55775	1.6425e-06
3.55925	1.6425e-06
3.56075	1.6425e-06
3.56225	4.9275e-06
3.56375	1.6425e-06
3.56525	1.6425e-06
3.56675	1.6425e-06
3.56825	1.6425e-06
3.56975	1.6425e-06
3.57125	1.6425e-06
3.57275	1.6425e-06
3.57425	1.6425e-06
3.57575	1.6425e-06
3.57725	1.6425e-06
3.57875	1.6425e-06
3.58025	3.285e-06
3.58175	1.6425e-06
3.58325	1.6425e-06
3.58475	1.6425e-06
3.58625	1.6425e-06
3.58775	1.6425e-06
3.58925	1.6425e-06
3.59075	1.6425e-06
3.59225	1.6425e-06
3.59375	1.6425e-06
3.59525	1.6425e-06
3.59675	1.6425e-06
3.59825	1.6425e-06
3.59975	1.6425e-06
3.60125	1.6425e-06
3.60275	1.6425e-06
3.60425	1.6425e-06
3.60575	1.6425e-06
3.60725	1.6425e-06
3.60875	1.6425e-06
3.61025	1.6425e-06
3.61175	3.285e-06
3.61325	1.6425e-06
3.61475	1.6425e-06
3.61625	1.6425e-06
3.61775	4.9275e-06
3.61925	4.9275e-06
3.62075	1.6425e-06
3.62225	3.285e-06
3.62375	1.6425e-06
3.62525	1.6425e-06
3.62675	1.6425e-06
3.62825	1.6425e-06
3.62975	3.285e-06
3.63125	3.285e-06
3.63275	3.285e-06
3.63425	1.6425e-06
3.63575	1.6425e-06
3.63725	1.6425e-06
3.63875	1.6425e-06
3.64025	1.6425e-06
3.64175	1.6425e-06
3.64325	3.285e-06
3.64475	3.285e-06
3.64625	1.6425e-06
3.64775	1.6425e-06
3.64925	1.6425e-06
3.65075	1.6425e-06
3.65225	3.285e-06
3.65375	3.285e-06
3.65525	1.6425e-06
3.65675	3.285e-06
3.65825	1.6425e-06
3.65975	1.6425e-06
3.66125	1.6425e-06
3.66275	1.6425e-06
3.66425	4.9275e-06
3.66575	3.285e-06
3.66725	1.6425e-06
3.66875	1.6425e-06
3.67025	1.6425e-06
3.67175	1.6425e-06
3.67325	1.6425e-06
3.67475	1.6425e-06
3.67625	1.6425e-06
3.67775	1.6425e-06
3.67925	1.6425e-06
3.68075	1.6425e-06
3.68225	3.285e-06
3.68375	1.6425e-06
3.68525	1.6425e-06
3.68675	1.6425e-06
3.68825	4.9275e-06
3.68975	1.6425e-06
3.69125	1.6425e-06
3.69275	1.6425e-06
3.69425	1.6425e-06
3.69575	1.6425e-06
3.69725	3.285e-06
3.69875	1.6425e-06
3.70025	1.6425e-06
3.70175	1.6425e-06
3.70325	1.6425e-06
3.70475	1.6425e-06
3.70625	4.9275e-06
3.70775	1.6425e-06
3.70925	1.6425e-06
3.71075	1.6425e-06
3.71225	1.6425e-06
3.71375	1.6425e-06
3.71525	1.6425e-06
3.71675	1.6425e-06
3.71825	1.6425e-06
3.71975	1.6425e-06
3.72125	1.6425e-06
3.72275	1.6425e-06
3.72425	1.6425e-06
3.72575	1.6425e-06
3.72725	3.285e-06
3.72875	1.6425e-06
3.73025	1.6425e-06
3.73175	1.6425e-06
3.73325	1.6425e-06
3.73475	1.6425e-06
3.73625	1.6425e-06
3.73775	1.6425e-06
3.73925	1.6425e-06
3.74075	1.6425e-06
3.74225	1.6425e-06
3.74375	1.6425e-06
3.74525	1.6425e-06
3.74675	1.6425e-06
3.74825	1.6425e-06
3.74975	3.285e-06
3.75125	1.6425e-06
3.75275	1.6425e-06
3.75425	1.6425e-06
3.75575	1.6425e-06
3.75725	1.6425e-06
3.75875	1.6425e-06
3.76025	3.285e-06
3.76175	1.6425e-06
3.76325	1.6425e-06
3.76475	1.6425e-06
3.76625	1.6425e-06
3.76775	1.6425e-06
3.76925	1.6425e-06
3.77075	1.6425e-06
3.77225	1.6425e-06
3.77375	1.6425e-06
3.77525	1.6425e-06
3.77675	3.285e-06
3.77825	1.6425e-06
3.77975	1.6425e-06
3.78125	1.6425e-06
3.78275	1.6425e-06
3.78425	1.6425e-06
3.78575	3.285e-06
3.78725	4.9275e-06
3.78875	3.285e-06
3.79025	3.285e-06
3.79175	1.6425e-06
3.79325	1.6425e-06
3.79475	6.57e-06
3.79625	1.6425e-06
3.79775	1.6425e-06
3.79925	1.6425e-06
3.80075	1.6425e-06
3.80225	1.6425e-06
3.80375	1.6425e-06
3.80525	1.6425e-06
3.80675	1.6425e-06
3.80825	1.6425e-06
3.80975	1.6425e-06
3.81125	1.6425e-06
3.81275	1.6425e-06
3.81425	1.6425e-06
3.81575	1.6425e-06
3.81725	1.6425e-06
3.81875	3.285e-06
3.82025	1.6425e-06
3.82175	1.6425e-06
3.82325	1.6425e-06
3.82475	1.6425e-06
3.82625	1.6425e-06
3.82775	1.6425e-06
3.82925	1.6425e-06
3.83075	1.6425e-06
3.83225	1.6425e-06
3.83375	1.6425e-06
3.83525	3.285e-06
3.83675	4.9275e-06
3.83825	1.6425e-06
3.83975	1.6425e-06
3.84125	1.6425e-06
3.84275	1.6425e-06
3.84425	4.9275e-06
3.84575	1.6425e-06
3.84725	1.6425e-06
3.84875	1.6425e-06
3.85025	1.6425e-06
3.85175	1.6425e-06
3.85325	4.9275e-06
3.85475	3.285e-06
3.85625	1.6425e-06
3.85775	1.6425e-06
3.85925	1.6425e-06
3.86075	3.285e-06
3.86225	1.6425e-06
3.86375	1.6425e-06
3.86525	3.285e-06
3.86675	3.285e-06
3.86825	1.6425e-06
3.86975	3.285e-06
3.87125	1.6425e-06
3.87275	1.6425e-06
3.87425	1.6425e-06
3.87575	1.6425e-06
3.87725	1.6425e-06
3.87875	4.9275e-06
3.88025	3.285e-06
3.88175	1.6425e-06
3.88325	1.6425e-06
3.88475	1.6425e-06
3.88625	3.285e-06
3.88775	1.6425e-06
3.88925	1.6425e-06
3.89075	1.6425e-06
3.89225	1.6425e-06
3.89375	4.9275e-06
3.89525	1.6425e-06
3.89675	1.6425e-06
3.89825	1.6425e-06
3.89975	1.6425e-06
3.90125	6.57e-06
3.90275	4.9275e-06
3.90425	1.6425e-06
3.90575	1.6425e-06
3.90725	3.285e-06
3.90875	1.6425e-06
3.91025	1.6425e-06
3.91175	1.6425e-06
3.91325	1.6425e-06
3.91475	3.285e-06
3.91625	1.6425e-06
3.91775	1.6425e-06
3.91925	1.6425e-06
3.92075	1.6425e-06
3.92225	8.2125e-06
3.92375	1.6425e-06
3.92525	1.6425e-06
3.92675	1.6425e-06
3.92825	1.6425e-06
3.92975	3.285e-06
3.93125	1.6425e-06
3.93275	6.57e-06
3.93425	1.6425e-06
3.93575	3.285e-06
3.93725	6.57e-06
3.93875	3.285e-06
3.94025	3.285e-06
3.94175	6.57e-06
3.94325	3.285e-06
3.94475	1.6425e-06
3.94625	1.6425e-06
3.94775	1.6425e-06
3.94925	3.285e-06
3.95075	1.6425e-06
3.95225	3.285e-06
3.95375	1.6425e-06
3.95525	8.2125e-06
3.95675	1.6425e-06
3.95825	3.285e-06
3.95975	1.6425e-06
3.96125	3.285e-06
3.96275	3.285e-06
3.96425	9.855e-06
3.96575	1.6425e-06
3.96725	1.6425e-06
3.96875	3.285e-06
3.97025	3.285e-06
3.97175	6.57e-06
3.97325	1.6425e-06
3.97475	3.285e-06
3.97625	1.6425e-06
3.97775	4.9275e-06
3.97925	8.2125e-06
3.98075	6.57e-06
3.98225	4.9275e-06
3.98375	6.57e-06
3.98525	4.9275e-06
3.98675	9.855e-06
3.98825	1.14975e-05
3.98975	9.855e-06
3.99125	9.855e-06
3.99275	1.14975e-05
3.99425	1.314e-05
3.99575	6.57e-06
3.99725	4.9275e-06
3.99875	4.9275e-06
4.00025	6.57e-06
4.00175	1.6425e-06
4.00325	8.2125e-06
4.00475	1.6425e-06
4.00625	3.285e-06
4.00775	1.6425e-06
4.00925	3.285e-06
4.01075	8.2125e-06
4.01225	1.14975e-05
4.01375	3.285e-06
4.01525	1.14975e-05
4.01675	8.2125e-06
4.01825	1.80675e-05
4.01975	2.46375e-05
4.02125	2.628e-05
4.02275	1.80675e-05
4.02425	1.47825e-05
4.02575	2.79225e-05
4.02725	2.9565e-05
4.02875	4.43475e-05
4.03025	3.12075e-05
4.03175	5.5845e-05
4.03325	7.06275e-05
4.03475	5.5845e-05
4.03625	5.5845e-05
4.03775	5.74875e-05
4.03925	5.09175e-05
4.04075	7.39125e-05
4.04225	5.74875e-05
4.04375	6.2415e-05
4.04525	6.07725e-05
4.04675	6.57e-05
4.04825	5.913e-05
4.04975	7.884e-05
4.05125	0.000101835
4.05275	7.5555e-05
4.05425	8.70525e-05
4.05575	5.256e-05
4.05725	8.2125e-05
4.05875	4.43475e-05
4.06025	5.256e-05
4.06175	5.5845e-05
4.06325	5.42025e-05
4.06475	5.74875e-05
4.06625	3.6135e-05
4.06775	3.44925e-05
4.06925	2.79225e-05
4.07075	3.77775e-05
4.07225	2.13525e-05
4.07375	3.12075e-05
4.07525	1.971e-05
4.07675	1.80675e-05
4.07825	1.14975e-05
4.07975	1.14975e-05
4.08125	1.47825e-05
4.08275	6.57e-06
4.08425	3.285e-06
4.08575	9.855e-06
4.08725	4.9275e-06
4.08875	3.285e-06
4.09025	4.9275e-06
4.09175	8.2125e-06
4.09325	3.285e-06
4.09475	1.6425e-06
4.09625	1.6425e-06
4.09775	1.6425e-06
4.09925	1.6425e-06
4.10075	3.285e-06
4.10225	3.285e-06
4.10375	1.6425e-06
4.10525	1.6425e-06
4.10675	6.57e-06
4.10825	3.285e-06
4.10975	4.9275e-06
4.11125	1.6425e-06
4.11275	3.285e-06
4.11425	1.6425e-06
4.11575	1.6425e-06
4.11725	1.6425e-06
4.11875	1.6425e-06
4.12025	1.6425e-06
4.12175	1.6425e-06
4.12325	1.6425e-06
4.12475	1.6425e-06
4.12625	1.6425e-06
4.12775	1.6425e-06
4.12925	1.6425e-06
4.13075	3.285e-06
4.13225	1.6425e-06
4.13375	1.6425e-06
4.13525	1.6425e-06
4.13675	1.6425e-06
4.13825	1.6425e-06
4.13975	1.6425e-06
4.14125	1.6425e-06
4.14275	1.6425e-06
4.14425	1.6425e-06
4.14575	1.6425e-06
4.14725	1.6425e-06
4.14875	1.6425e-06
4.15025	3.285e-06
4.15175	3.285e-06
4.15325	1.6425e-06
4.15475	1.6425e-06
4.15625	1.6425e-06
4.15775	3.285e-06
4.15925	1.6425e-06
4.16075	3.285e-06
4.16225	1.6425e-06
4.16375	1.6425e-06
4.16525	1.6425e-06
4.16675	3.285e-06
4.16825	1.6425e-06
4.16975	1.6425e-06
4.17125	1.6425e-06
4.17275	1.6425e-06
4.17425	1.6425e-06
4.17575	1.6425e-06
4.17725	1.6425e-06
4.17875	1.6425e-06
4.18025	1.6425e-06
4.18175	1.6425e-06
4.18325	1.6425e-06
4.18475	1.6425e-06
4.18625	1.6425e-06
4.18775	1.6425e-06
4.18925	1.6425e-06
4.19075	1.6425e-06
4.19225	1.6425e-06
4.19375	1.6425e-06
4.19525	1.6425e-06
4.19675	1.6425e-06
4.19825	1.6425e-06
4.19975	1.6425e-06
4.20125	1.6425e-06
4.20275	1.6425e-06
4.20425	1.6425e-06
4.20575	1.6425e-06
4.20725	1.6425e-06
4.20875	1.6425e-06
4.21025	3.285e-06
4.21175	1.6425e-06
4.21325	1.6425e-06
4.21475	1.6425e-06
4.21625	1.6425e-06
4.21775	1.6425e-06
4.21925	1.6425e-06
4.22075	1.6425e-06
4.22225	1.6425e-06
4.22375	1.6425e-06
4.22525	1.6425e-06
4.22675	1.6425e-06
4.22825	1.6425e-06
4.22975	1.6425e-06
4.23125	1.6425e-06
4.23275	1.6425e-06
4.23425	1.6425e-06
4.23575	1.6425e-06
4.23725	1.6425e-06
4.23875	1.6425e-06
4.24025	1.6425e-06
4.24175	1.6425e-06
4.24325	1.6425e-06
4.24475	1.6425e-06
4.24625	3.285e-06
4.24775	1.6425e-06
4.24925	1.6425e-06
4.25075	1.6425e-06
4.25225	3.285e-06
4.25375	1.6425e-06
4.25525	1.6425e-06
4.25675	1.6425e-06
4.25825	1.6425e-06
4.25975	1.6425e-06
4.26125	1.6425e-06
4.26275	1.6425e-06
4.26425	1.6425e-06
4.26575	1.6425e-06
4.26725	1.6425e-06
4.26875	1.6425e-06
4.27025	1.6425e-06
4.27175	1.6425e-06
4.27325	1.6425e-06
4.27475	1.6425e-06
4.27625	1.6425e-06
4.27775	3.285e-06
4.27925	1.6425e-06
4.28075	1.6425e-06
4.28225	1.6425e-06
4.28375	1.6425e-06
4.28525	1.6425e-06
4.28675	1.6425e-06
4.28825	1.6425e-06
4.28975	3.285e-06
4.29125	1.6425e-06
4.29275	1.6425e-06
4.29425	1.6425e-06
4.29575	1.6425e-06
4.29725	1.6425e-06
4.29875	1.6425e-06
4.30025	1.6425e-06
4.30175	1.6425e-06
4.30325	1.6425e-06
4.30475	1.6425e-06
4.30625	1.6425e-06
4.30775	1.6425e-06
4.30925	1.6425e-06
4.31075	1.6425e-06
4.31225	4.9275e-06
4.31375	1.6425e-06
4.31525	1.6425e-06
4.31675	1.6425e-06
4.31825	1.6425e-06
4.31975	1.6425e-06
4.32125	1.6425e-06
4.32275	1.6425e-06
4.32425	1.6425e-06
4.32575	1.6425e-06
4.32725	1.6425e-06
4.32875	1.6425e-06
4.33025	3.285e-06
4.33175	1.6425e-06
4.33325	1.6425e-06
4.33475	4.9275e-06
4.33625	1.6425e-06
4.33775	1.6425e-06
4.33925	1.6425e-06
4.34075	3.285e-06
4.34225	3.285e-06
4.34375	1.6425e-06
4.34525	1.6425e-06
4.34675	1.6425e-06
4.34825	3.285e-06
4.34975	1.6425e-06
4.35125	1.6425e-06
4.35275	1.6425e-06
4.35425	1.6425e-06
4.35575	1.6425e-06
4.35725	1.6425e-06
4.35875	1.6425e-06
4.36025	1.6425e-06
4.36175	1.6425e-06
4.36325	1.6425e-06
4.36475	1.6425e-06
4.36625	3.285e-06
4.36775	1.6425e-06
4.36925	1.6425e-06
4.37075	1.6425e-06
4.37225	1.6425e-06
4.37375	1.6425e-06
4.37525	1.6425e-06
4.37675	1.6425e-06
4.37825	1.6425e-06
4.37975	1.6425e-06
4.38125	1.6425e-06
4.38275	1.6425e-06
4.38425	1.6425e-06
4.38575	1.6425e-06
4.38725	1.6425e-06
4.38875	1.6425e-06
4.39025	3.285e-06
4.39175	1.6425e-06
4.39325	1.6425e-06
4.39475	1.6425e-06
4.39625	1.6425e-06
4.39775	1.6425e-06
4.39925	1.6425e-06
4.40075	1.6425e-06
4.40225	4.9275e-06
4.40375	1.6425e-06
4.40525	1.6425e-06
4.40675	1.6425e-06
4.40825	3.285e-06
4.40975	1.6425e-06
4.41125	1.6425e-06
4.41275	1.6425e-06
4.41425	1.6425e-06
4.41575	1.6425e-06
4.41725	1.6425e-06
4.41875	1.6425e-06
4.42025	3.285e-06
4.42175	1.6425e-06
4.42325	1.6425e-06
4.42475	1.6425e-06
4.42625	1.6425e-06
4.42775	1.6425e-06
4.42925	1.6425e-06
4.43075	1.6425e-06
4.43225	1.6425e-06
4.43375	1.6425e-06
4.43525	1.6425e-06
4.43675	1.6425e-06
4.43825	1.6425e-06
4.43975	1.6425e-06
4.44125	1.6425e-06
4.44275	1.6425e-06
4.44425	1.6425e-06
4.44575	1.6425e-06
4.44725	1.6425e-06
4.44875	1.6425e-06
4.45025	1.6425e-06
4.45175	1.6425e-06
4.45325	1.6425e-06
4.45475	1.6425e-06
4.45625	1.6425e-06
4.45775	1.6425e-06
4.45925	1.6425e-06
4.46075	1.6425e-06
4.46225	3.285e-06
4.46375	4.9275e-06
4.46525	1.6425e-06
4.46675	1.6425e-06
4.46825	1.6425e-06
4.46975	1.6425e-06
4.47125	1.6425e-06
4.47275	3.285e-06
4.47425	3.285e-06
4.47575	1.6425e-06
4.47725	1.6425e-06
4.47875	1.6425e-06
4.48025	1.6425e-06
4.48175	1.6425e-06
4.48325	1.6425e-06
4.48475	1.6425e-06
4.48625	1.6425e-06
4.48775	1.6425e-06
4.48925	1.6425e-06
4.49075	3.285e-06
4.49225	1.6425e-06
4.49375	1.6425e-06
4.49525	1.6425e-06
4.49675	3.285e-06
4.49825	1.6425e-06
4.49975	1.6425e-06
4.50125	1.6425e-06
4.50275	1.6425e-06
4.50425	1.6425e-06
4.50575	1.6425e-06
4.50725	1.6425e-06
4.50875	1.6425e-06
4.51025	1.6425e-06
4.51175	1.6425e-06
4.51325	1.6425e-06
4.51475	1.6425e-06
4.51625	1.6425e-06
4.51775	1.6425e-06
4.51925	1.6425e-06
4.52075	1.6425e-06
4.52225	1.6425e-06
4.52375	1.6425e-06
4.52525	1.6425e-06
4.52675	1.6425e-06
4.52825	1.6425e-06
4.52975	1.6425e-06
4.53125	1.6425e-06
4.53275	1.6425e-06
4.53425	1.6425e-06
4.53575	1.6425e-06
4.53725	1.6425e-06
4.53875	1.6425e-06
4.54025	1.6425e-06
4.54175	1.6425e-06
4.54325	1.6425e-06
4.54475	1.6425e-06
4.54625	1.6425e-06
4.54775	1.6425e-06
4.54925	1.6425e-06
4.55075	1.6425e-06
4.55225	1.6425e-06
4.55375	1.6425e-06
4.55525	1.6425e-06
4.55675	1.6425e-06
4.55825	1.6425e-06
4.55975	1.6425e-06
4.56125	1.6425e-06
4.56275	1.6425e-06
4.56425	1.6425e-06
4.56575	1.6425e-06
4.56725	1.6425e-06
4.56875	1.6425e-06
4.57025	1.6425e-06
4.57175	1.6425e-06
4.57325	1.6425e-06
4.57475	1.6425e-06
4.57625	3.285e-06
4.57775	1.6425e-06
4.57925	1.6425e-06
4.58075	3.285e-06
4.58225	1.6425e-06
4.58375	1.6425e-06
4.58525	1.6425e-06
4.58675	1.6425e-06
4.58825	1.6425e-06
4.58975	1.6425e-06
4.59125	1.6425e-06
4.59275	3.285e-06
4.59425	1.6425e-06
4.59575	1.6425e-06
4.59725	1.6425e-06
4.59875	1.6425e-06
4.60025	1.6425e-06
4.60175	1.6425e-06
4.60325	1.6425e-06
4.60475	1.6425e-06
4.60625	1.6425e-06
4.60775	1.6425e-06
4.60925	1.6425e-06
4.61075	3.285e-06
4.61225	1.6425e-06
4.61375	1.6425e-06
4.61525	1.6425e-06
4.61675	1.6425e-06
4.61825	1.6425e-06
4.61975	1.6425e-06
4.62125	1.6425e-06
4.62275	1.6425e-06
4.62425	1.6425e-06
4.62575	3.285e-06
4.62725	1.6425e-06
4.62875	1.6425e-06
4.63025	1.6425e-06
4.63175	1.6425e-06
4.63325	1.6425e-06
4.63475	1.6425e-06
4.63625	1.6425e-06
4.63775	1.6425e-06
4.63925	1.6425e-06
4.64075	1.6425e-06
4.64225	1.6425e-06
4.64375	3.285e-06
4.64525	1.6425e-06
4.64675	1.6425e-06
4.64825	1.6425e-06
4.64975	1.6425e-06
4.65125	1.6425e-06
4.65275	1.6425e-06
4.65425	1.6425e-06
4.65575	1.6425e-06
4.65725	1.6425e-06
4.65875	1.6425e-06
4.66025	1.6425e-06
4.66175	1.6425e-06
4.66325	1.6425e-06
4.66475	1.6425e-06
4.66625	1.6425e-06
4.66775	1.6425e-06
4.66925	1.6425e-06
4.67075	1.6425e-06
4.67225	1.6425e-06
4.67375	1.6425e-06
4.67525	1.6425e-06
4.67675	1.6425e-06
4.67825	1.6425e-06
4.67975	1.6425e-06
4.68125	1.6425e-06
4.68275	1.6425e-06
4.68425	1.6425e-06
4.68575	1.6425e-06
4.68725	1.6425e-06
4.68875	1.6425e-06
4.69025	1.6425e-06
4.69175	1.6425e-06
4.69325	1.6425e-06
4.69475	1.6425e-06
4.69625	1.6425e-06
4.69775	3.285e-06
4.69925	1.6425e-06
4.70075	1.6425e-06
4.70225	1.6425e-06
4.70375	1.6425e-06
4.70525	3.285e-06
4.70675	1.6425e-06
4.70825	4.9275e-06
4.70975	3.285e-06
4.71125	1.6425e-06
4.71275	1.6425e-06
4.71425	1.6425e-06
4.71575	1.6425e-06
4.71725	1.6425e-06
4.71875	3.285e-06
4.72025	1.6425e-06
4.72175	1.6425e-06
4.72325	1.6425e-06
4.72475	1.6425e-06
4.72625	1.6425e-06
4.72775	1.6425e-06
4.72925	1.6425e-06
4.73075	1.6425e-06
4.73225	3.285e-06
4.73375	3.285e-06
4.73525	1.6425e-06
4.73675	1.6425e-06
4.73825	1.6425e-06
4.73975	1.6425e-06
4.74125	1.6425e-06
4.74275	1.6425e-06
4.74425	1.6425e-06
4.74575	3.285e-06
4.74725	1.6425e-06
4.74875	1.6425e-06
4.75025	1.6425e-06
4.75175	1.6425e-06
4.75325	1.6425e-06
4.75475	1.6425e-06
4.75625	1.6425e-06
4.75775	1.6425e-06
4.75925	1.6425e-06
4.76075	1.6425e-06
4.76225	1.6425e-06
4.76375	1.6425e-06
4.76525	1.6425e-06
4.76675	1.6425e-06
4.76825	1.6425e-06
4.76975	1.6425e-06
4.77125	1.6425e-06
4.77275	1.6425e-06
4.77425	1.6425e-06
4.77575	1.6425e-06
4.77725	1.6425e-06
4.77875	1.6425e-06
4.78025	1.6425e-06
4.78175	3.285e-06
4.78325	3.285e-06
4.78475	1.6425e-06
4.78625	1.6425e-06
4.78775	1.6425e-06
4.78925	1.6425e-06
4.79075	1.6425e-06
4.79225	1.6425e-06
4.79375	1.6425e-06
4.79525	1.6425e-06
4.79675	1.6425e-06
4.79825	4.9275e-06
4.79975	1.6425e-06
4.80125	1.6425e-06
4.80275	4.9275e-06
4.80425	1.6425e-06
4.80575	3.285e-06
4.80725	4.9275e-06
4.80875	1.6425e-06
4.81025	1.6425e-06
4.81175	1.6425e-06
4.81325	1.6425e-06
4.81475	6.57e-06
4.81625	1.6425e-06
4.81775	1.6425e-06
4.81925	1.6425e-06
4.82075	4.9275e-06
4.82225	3.285e-06
4.82375	1.6425e-06
4.82525	1.6425e-06
4.82675	8.2125e-06
4.82825	6.57e-06
4.82975	4.9275e-06
4.83125	8.2125e-06
4.83275	1.314e-05
4.83425	8.2125e-06
4.83575	3.285e-06
4.83725	8.2125e-06
4.83875	9.855e-06
4.84025	1.14975e-05
4.84175	1.47825e-05
4.84325	1.47825e-05
4.84475	9.855e-06
4.84625	1.47825e-05
4.84775	1.314e-05
4.84925	9.855e-06
4.85075	1.314e-05
4.85225	1.314e-05
4.85375	1.47825e-05
4.85525	1.314e-05
4.85675	1.6425e-05
4.85825	9.855e-06
4.85975	1.14975e-05
4.86125	1.47825e-05
4.86275	1.314e-05
4.86425	1.14975e-05
4.86575	1.314e-05
4.86725	1.14975e-05
4.86875	1.314e-05
4.87025	4.9275e-06
4.87175	1.6425e-05
4.87325	4.9275e-06
4.87475	4.9275e-06
4.87625	8.2125e-06
4.87775	4.9275e-06
4.87925	1.14975e-05
4.88075	6.57e-06
4.88225	3.285e-06
4.88375	1.6425e-06
4.88525	4.9275e-06
4.88675	1.6425e-06
4.88825	3.285e-06
4.88975	1.6425e-06
4.89125	3.285e-06
4.89275	1.6425e-06
4.89425	3.285e-06
4.89575	1.6425e-06
4.89725	1.6425e-06
4.89875	4.9275e-06
4.90025	1.6425e-06
4.90175	1.6425e-06
4.90325	3.285e-06
4.90475	1.6425e-06
4.90625	1.6425e-06
4.90775	1.6425e-06
4.90925	1.6425e-06
4.91075	1.6425e-06
4.91225	1.6425e-06
4.91375	1.6425e-06
4.91525	1.6425e-06
4.91675	1.6425e-06
4.91825	1.6425e-06
4.91975	1.6425e-06
4.92125	1.6425e-06
4.92275	1.6425e-06
4.92425	1.6425e-06
4.92575	1.6425e-06
4.92725	1.6425e-06
4.92875	1.6425e-06
4.93025	1.6425e-06
4.93175	1.6425e-06
4.93325	1.6425e-06
4.93475	1.6425e-06
4.93625	1.6425e-06
4.93775	1.6425e-06
4.93925	1.6425e-06
4.94075	1.6425e-06
4.94225	1.6425e-06
4.94375	1.6425e-06
4.94525	1.6425e-06
4.94675	1.6425e-06
4.94825	1.6425e-06
4.94975	1.6425e-06
4.95125	1.6425e-06
4.95275	1.6425e-06
4.95425	1.6425e-06
4.95575	1.6425e-06
4.95725	1.6425e-06
4.95875	1.6425e-06
4.96025	1.6425e-06
4.96175	1.6425e-06
4.96325	1.6425e-06
4.96475	1.6425e-06
4.96625	1.6425e-06
4.96775	1.6425e-06
4.96925	1.6425e-06
4.97075	1.6425e-06
4.97225	1.6425e-06
4.97375	1.6425e-06
4.97525	1.6425e-06
4.97675	1.6425e-06
4.97825	1.6425e-06
4.97975	1.6425e-06
4.98125	1.6425e-06
4.98275	1.6425e-06
4.98425	1.6425e-06
4.98575	3.285e-06
4.98725	1.6425e-06
4.98875	1.6425e-06
4.99025	1.6425e-06
4.99175	1.6425e-06
4.99325	1.6425e-06
4.99475	1.6425e-06
4.99625	1.6425e-06
4.99775	1.6425e-06
4.99925	1.6425e-06
5.00075	1.6425e-06
5.00225	1.6425e-06
5.00375	1.6425e-06
5.00525	1.6425e-06
5.00675	1.6425e-06
5.00825	1.6425e-06
5.00975	1.6425e-06
5.01125	1.6425e-06
5.01275	1.6425e-06
5.01425	1.6425e-06
5.01575	1.6425e-06
5.01725	1.6425e-06
5.01875	3.285e-06
5.02025	1.6425e-06
5.02175	1.6425e-06
5.02325	1.6425e-06
5.02475	3.285e-06
5.02625	1.6425e-06
5.02775	1.6425e-06
5.02925	1.6425e-06
5.03075	1.6425e-06
5.03225	1.6425e-06
5.03375	1.6425e-06
5.03525	1.6425e-06
5.03675	1.6425e-06
5.03825	1.6425e-06
5.03975	1.6425e-06
5.04125	1.6425e-06
5.04275	1.6425e-06
5.04425	3.285e-06
5.04575	1.6425e-06
5.04725	1.6425e-06
5.04875	1.6425e-06
5.05025	1.6425e-06
5.05175	1.6425e-06
5.05325	1.6425e-06
5.05475	1.6425e-06
5.05625	1.6425e-06
5.05775	1.6425e-06
5.05925	1.6425e-06
5.06075	1.6425e-06
5.06225	1.6425e-06
5.06375	1.6425e-06
5.06525	1.6425e-06
5.06675	1.6425e-06
5.06825	1.6425e-06
5.06975	1.6425e-06
5.07125	1.6425e-06
5.07275	1.6425e-06
5.07425	1.6425e-06
5.07575	1.6425e-06
5.07725	1.6425e-06
5.07875	1.6425e-06
5.08025	1.6425e-06
5.08175	1.6425e-06
5.08325	1.6425e-06
5.08475	1.6425e-06
5.08625	1.6425e-06
5.08775	1.6425e-06
5.08925	1.6425e-06
5.09075	1.6425e-06
5.09225	1.6425e-06
5.09375	1.6425e-06
5.09525	1.6425e-06
5.09675	1.6425e-06
5.09825	1.6425e-06
5.09975	1.6425e-06
5.10125	1.6425e-06
5.10275	1.6425e-06
5.10425	1.6425e-06
5.10575	1.6425e-06
5.10725	1.6425e-06
5.10875	1.6425e-06
5.11025	1.6425e-06
5.11175	1.6425e-06
5.11325	1.6425e-06
5.11475	1.6425e-06
5.11625	1.6425e-06
5.11775	1.6425e-06
5.11925	1.6425e-06
5.12075	1.6425e-06
5.12225	1.6425e-06
5.12375	1.6425e-06
5.12525	1.6425e-06
5.12675	1.6425e-06
5.12825	1.6425e-06
5.12975	1.6425e-06
5.13125	1.6425e-06
5.13275	1.6425e-06
5.13425	1.6425e-06
5.13575	1.6425e-06
5.13725	1.6425e-06
5.13875	1.6425e-06
5.14025	1.6425e-06
5.14175	1.6425e-06
5.14325	1.6425e-06
5.14475	1.6425e-06
5.14625	1.6425e-06
5.14775	1.6425e-06
5.14925	1.6425e-06
5.15075	1.6425e-06
5.15225	1.6425e-06
5.15375	1.6425e-06
5.15525	1.6425e-06
5.15675	1.6425e-06
5.15825	1.6425e-06
5.15975	1.6425e-06
5.16125	1.6425e-06
5.16275	1.6425e-06
5.16425	1.6425e-06
5.16575	1.6425e-06
5.16725	1.6425e-06
5.16875	1.6425e-06
5.17025	1.6425e-06
5.17175	1.6425e-06
5.17325	1.6425e-06
5.17475	1.6425e-06
5.17625	1.6425e-06
5.17775	1.6425e-06
5.17925	1.6425e-06
5.18075	1.6425e-06
5.18225	1.6425e-06
5.18375	1.6425e-06
5.18525	1.6425e-06
5.18675	1.6425e-06
5.18825	1.6425e-06
5.18975	1.6425e-06
5.19125	1.6425e-06
5.19275	1.6425e-06
5.19425	1.6425e-06
5.19575	1.6425e-06
5.19725	1.6425e-06
5.19875	1.6425e-06
5.20025	1.6425e-06
5.20175	1.6425e-06
5.20325	1.6425e-06
5.20475	1.6425e-06
5.20625	1.6425e-06
5.20775	3.285e-06
5.20925	1.6425e-06
5.21075	1.6425e-06
5.21225	1.6425e-06
5.21375	1.6425e-06
5.21525	1.6425e-06
5.21675	1.6425e-06
5.21825	1.6425e-06
5.21975	1.6425e-06
5.22125	1.6425e-06
5.22275	1.6425e-06
5.22425	1.6425e-06
5.22575	1.6425e-06
5.22725	1.6425e-06
5.22875	1.6425e-06
5.23025	1.6425e-06
5.23175	1.6425e-06
5.23325	1.6425e-06
5.23475	1.6425e-06
5.23625	3.285e-06
5.23775	1.6425e-06
5.23925	1.6425e-06
5.24075	1.6425e-06
5.24225	3.285e-06
5.24375	1.6425e-06
5.24525	1.6425e-06
5.24675	1.6425e-06
5.24825	1.6425e-06
5.24975	1.6425e-06
5.25125	1.6425e-06
5.25275	1.6425e-06
5.25425	1.6425e-06
5.25575	1.6425e-06
5.25725	1.6425e-06
5.25875	1.6425e-06
5.26025	1.6425e-06
5.26175	1.6425e-06
5.26325	1.6425e-06
5.26475	1.6425e-06
5.26625	1.6425e-06
5.26775	1.6425e-06
5.26925	1.6425e-06
5.27075	1.6425e-06
5.27225	1.6425e-06
5.27375	1.6425e-06
5.27525	1.6425e-06
5.27675	1.6425e-06
5.27825	1.6425e-06
5.27975	1.6425e-06
5.28125	1.6425e-06
5.28275	1.6425e-06
5.28425	1.6425e-06
5.28575	1.6425e-06
5.28725	1.6425e-06
5.28875	1.6425e-06
5.29025	1.6425e-06
5.29175	1.6425e-06
5.29325	1.6425e-06
5.29475	1.6425e-06
5.29625	1.6425e-06
5.29775	1.6425e-06
5.29925	1.6425e-06
5.30075	1.6425e-06
5.30225	1.6425e-06
5.30375	1.6425e-06
5.30525	1.6425e-06
5.30675	1.6425e-06
5.30825	3.285e-06
5.30975	1.6425e-06
5.31125	1.6425e-06
5.31275	1.6425e-06
5.31425	1.6425e-06
5.31575	1.6425e-06
5.31725	1.6425e-06
5.31875	1.6425e-06
5.32025	1.6425e-06
5.32175	1.6425e-06
5.32325	1.6425e-06
5.32475	1.6425e-06
5.32625	1.6425e-06
5.32775	1.6425e-06
5.32925	1.6425e-06
5.33075	1.6425e-06
5.33225	1.6425e-06
5.33375	1.6425e-06
5.33525	1.6425e-06
5.33675	1.6425e-06
5.33825	1.6425e-06
5.33975	1.6425e-06
5.34125	1.6425e-06
5.34275	1.6425e-06
5.34425	1.6425e-06
5.34575	1.6425e-06
5.34725	1.6425e-06
5.34875	1.6425e-06
5.35025	1.6425e-06
5.35175	1.6425e-06
5.35325	1.6425e-06
5.35475	1.6425e-06
5.35625	1.6425e-06
5.35775	1.6425e-06
5.35925	1.6425e-06
5.36075	1.6425e-06
5.36225	1.6425e-06
5.36375	1.6425e-06
5.36525	3.285e-06
5.36675	1.6425e-06
5.36825	1.6425e-06
5.36975	1.6425e-06
5.37125	4.9275e-06
5.37275	1.6425e-06
5.37425	1.6425e-06
5.37575	1.6425e-06
5.37725	1.6425e-06
5.37875	1.6425e-06
5.38025	1.6425e-06
5.38175	1.6425e-06
5.38325	1.6425e-06
5.38475	1.6425e-06
5.38625	1.6425e-06
5.38775	1.6425e-06
5.38925	1.6425e-06
5.39075	1.6425e-06
5.39225	1.6425e-06
5.39375	1.6425e-06
5.39525	1.6425e-06
5.39675	1.6425e-06
5.39825	1.6425e-06
5.39975	1.6425e-06
5.40125	1.6425e-06
5.40275	1.6425e-06
5.40425	1.6425e-06
5.40575	1.6425e-06
5.40725	1.6425e-06
5.40875	1.6425e-06
5.41025	1.6425e-06
5.41175	1.6425e-06
5.41325	1.6425e-06
5.41475	1.6425e-06
5.41625	1.6425e-06
5.41775	1.6425e-06
5.41925	1.6425e-06
5.42075	1.6425e-06
5.42225	1.6425e-06
5.42375	1.6425e-06
5.42525	1.6425e-06
5.42675	1.6425e-06
5.42825	1.6425e-06
5.42975	1.6425e-06
5.43125	1.6425e-06
5.43275	1.6425e-06
5.43425	1.6425e-06
5.43575	1.6425e-06
5.43725	3.285e-06
5.43875	1.6425e-06
5.44025	1.6425e-06
5.44175	1.6425e-06
5.44325	1.6425e-06
5.44475	1.6425e-06
5.44625	1.6425e-06
5.44775	1.6425e-06
5.44925	1.6425e-06
5.45075	1.6425e-06
5.45225	1.6425e-06
5.45375	3.285e-06
5.45525	1.6425e-06
5.45675	1.6425e-06
5.45825	1.6425e-06
5.45975	1.6425e-06
5.46125	1.6425e-06
5.46275	1.6425e-06
5.46425	1.6425e-06
5.46575	1.6425e-06
5.46725	1.6425e-06
5.46875	1.6425e-06
5.47025	1.6425e-06
5.47175	1.6425e-06
5.47325	1.6425e-06
5.47475	1.6425e-06
5.47625	1.6425e-06
5.47775	1.6425e-06
5.47925	1.6425e-06
5.48075	1.6425e-06
5.48225	1.6425e-06
5.48375	1.6425e-06
5.48525	1.6425e-06
5.48675	1.6425e-06
5.48825	1.6425e-06
5.48975	1.6425e-06
5.49125	1.6425e-06
5.49275	1.6425e-06
5.49425	1.6425e-06
5.49575	1.6425e-06
5.49725	1.6425e-06
5.49875	1.6425e-06
5.50025	1.6425e-06
5.50175	1.6425e-06
5.50325	3.285e-06
5.50475	1.6425e-06
5.50625	1.6425e-06
5.50775	3.285e-06
5.50925	1.6425e-06
5.51075	1.6425e-06
5.51225	1.6425e-06
5.51375	1.6425e-06
5.51525	3.285e-06
5.51675	1.6425e-06
5.51825	1.6425e-06
5.51975	1.6425e-06
5.52125	3.285e-06
5.52275	1.6425e-06
5.52425	1.6425e-06
5.52575	3.285e-06
5.52725	1.6425e-06
5.52875	1.6425e-06
5.53025	1.6425e-06
5.53175	1.6425e-06
5.53325	3.285e-06
5.53475	1.6425e-06
5.53625	1.6425e-06
5.53775	1.6425e-06
5.53925	1.6425e-06
5.54075	1.6425e-06
5.54225	1.6425e-06
5.54375	1.6425e-06
5.54525	1.6425e-06
5.54675	1.6425e-06
5.54825	1.6425e-06
5.54975	1.6425e-06
5.55125	1.6425e-06
5.55275	1.6425e-06
5.55425	1.6425e-06
5.55575	1.6425e-06
5.55725	1.6425e-06
5.55875	1.6425e-06
5.56025	1.6425e-06
5.56175	1.6425e-06
5.56325	3.285e-06
5.56475	1.6425e-06
5.56625	1.6425e-06
5.56775	1.6425e-06
5.56925	1.6425e-06
5.57075	1.6425e-06
5.57225	1.6425e-06
5.57375	1.6425e-06
5.57525	1.6425e-06
5.57675	1.6425e-06
5.57825	1.6425e-06
5.57975	3.285e-06
5.58125	1.6425e-06
5.58275	1.6425e-06
5.58425	1.6425e-06
5.58575	1.6425e-06
5.58725	1.6425e-06
5.58875	1.6425e-06
5.59025	1.6425e-06
5.59175	1.6425e-06
5.59325	1.6425e-06
5.59475	1.6425e-06
5.59625	4.9275e-06
5.59775	1.6425e-06
5.59925	1.6425e-06
5.60075	1.6425e-06
5.60225	1.6425e-06
5.60375	1.6425e-06
5.60525	3.285e-06
5.60675	1.6425e-06
5.60825	1.6425e-06
5.60975	1.6425e-06
5.61125	1.6425e-06
5.61275	1.6425e-06
5.61425	3.285e-06
5.61575	3.285e-06
5.61725	1.6425e-06
5.61875	1.6425e-06
5.62025	1.6425e-06
5.62175	1.6425e-06
5.62325	1.6425e-06
5.62475	1.6425e-06
5.62625	1.6425e-06
5.62775	1.6425e-06
5.62925	1.6425e-06
5.63075	1.6425e-06
5.63225	1.6425e-06
5.63375	3.285e-06
5.63525	1.6425e-06
5.63675	1.6425e-06
5.63825	1.6425e-06
5.63975	1.6425e-06
5.64125	1.6425e-06
5.64275	1.6425e-06
5.64425	3.285e-06
5.64575	1.6425e-06
5.64725	1.6425e-06
5.64875	1.6425e-06
5.65025	1.6425e-06
5.65175	1.6425e-06
5.65325	1.6425e-06
5.65475	3.285e-06
5.65625	3.285e-06
5.65775	4.9275e-06
5.65925	3.285e-06
5.66075	1.6425e-06
5.66225	1.6425e-06
5.66375	4.9275e-06
5.66525	3.285e-06
5.66675	3.285e-06
5.66825	8.2125e-06
5.66975	4.9275e-06
5.67125	1.6425e-06
5.67275	1.6425e-06
5.67425	1.6425e-06
5.67575	6.57e-06
5.67725	3.285e-06
5.67875	4.9275e-06
5.68025	1.6425e-06
5.68175	1.6425e-06
5.68325	1.6425e-06
5.68475	3.285e-06
5.68625	1.6425e-06
5.68775	1.6425e-06
5.68925	1.6425e-06
5.69075	1.6425e-06
5.69225	1.6425e-06
5.69375	1.6425e-06
5.69525	1.6425e-06
5.69675	1.6425e-06
5.69825	1.6425e-06
5.69975	4.9275e-06
5.70125	1.6425e-06
5.70275	1.6425e-06
5.70425	1.6425e-06
5.70575	1.6425e-06
5.70725	1.6425e-06
5.70875	1.6425e-06
5.71025	1.6425e-06
5.71175	1.6425e-06
5.71325	1.6425e-06
5.71475	1.6425e-06
5.71625	1.6425e-06
5.71775	1.6425e-06
5.71925	1.6425e-06
5.72075	1.6425e-06
5.72225	1.6425e-06
5.72375	1.6425e-06
5.72525	1.6425e-06
5.72675	1.6425e-06
5.72825	1.6425e-06
5.72975	1.6425e-06
5.73125	1.6425e-06
5.73275	1.6425e-06
5.73425	1.6425e-06
5.73575	1.6425e-06
5.73725	1.6425e-06
5.73875	1.6425e-06
5.74025	1.6425e-06
5.74175	3.285e-06
5.74325	1.6425e-06
5.74475	1.6425e-06
5.74625	1.6425e-06
5.74775	1.6425e-06
5.74925	1.6425e-06
5.75075	1.6425e-06
5.75225	1.6425e-06
5.75375	1.6425e-06
5.75525	1.6425e-06
5.75675	1.6425e-06
5.75825	1.6425e-06
5.75975	1.6425e-06
5.76125	1.6425e-06
5.76275	1.6425e-06
5.76425	1.6425e-06
5.76575	4.9275e-06
5.76725	1.6425e-06
5.76875	1.6425e-06
5.77025	1.6425e-06
5.77175	1.6425e-06
5.77325	1.6425e-06
5.77475	1.6425e-06
5.77625	1.6425e-06
5.77775	1.6425e-06
5.77925	1.6425e-06
5.78075	1.6425e-06
5.78225	1.6425e-06
5.78375	1.6425e-06
5.78525	1.6425e-06
5.78675	1.6425e-06
5.78825	1.6425e-06
5.78975	1.6425e-06
5.79125	1.6425e-06
5.79275	3.285e-06
5.79425	1.6425e-06
5.79575	1.6425e-06
5.79725	1.6425e-06
5.79875	1.6425e-06
5.80025	1.6425e-06
5.80175	1.6425e-06
5.80325	1.6425e-06
5.80475	1.6425e-06
5.80625	1.6425e-06
5.80775	1.6425e-06
5.80925	1.6425e-06
5.81075	3.285e-06
5.81225	1.6425e-06
5.81375	1.6425e-06
5.81525	1.6425e-06
5.81675	1.6425e-06
5.81825	1.6425e-06
5.81975	1.6425e-06
5.82125	1.6425e-06
5.82275	1.6425e-06
5.82425	1.6425e-06
5.82575	1.6425e-06
5.82725	1.6425e-06
5.82875	1.6425e-06
5.83025	3.285e-06
5.83175	1.6425e-06
5.83325	1.6425e-06
5.83475	1.6425e-06
5.83625	1.6425e-06
5.83775	1.6425e-06
5.83925	1.6425e-06
5.84075	1.6425e-06
5.84225	1.6425e-06
5.84375	1.6425e-06
5.84525	1.6425e-06
5.84675	1.6425e-06
5.84825	1.6425e-06
5.84975	1.6425e-06
5.85125	1.6425e-06
5.85275	1.6425e-06
5.85425	1.6425e-06
5.85575	1.6425e-06
5.85725	1.6425e-06
5.85875	1.6425e-06
5.86025	1.6425e-06
5.86175	1.6425e-06
5.86325	1.6425e-06
5.86475	1.6425e-06
5.86625	1.6425e-06
5.86775	1.6425e-06
5.86925	1.6425e-06
5.87075	1.6425e-06
5.87225	1.6425e-06
5.87375	1.6425e-06
5.87525	1.6425e-06
5.87675	1.6425e-06
5.87825	1.6425e-06
5.87975	1.6425e-06
5.88125	3.285e-06
5.88275	1.6425e-06
5.88425	1.6425e-06
5.88575	1.6425e-06
5.88725	1.6425e-06
5.88875	4.9275e-06
5.89025	1.6425e-06
5.89175	1.6425e-06
5.89325	1.6425e-06
5.89475	1.6425e-06
5.89625	1.6425e-06
5.89775	1.6425e-06
5.89925	1.6425e-06
5.90075	1.6425e-06
5.90225	1.6425e-06
5.90375	1.6425e-06
5.90525	3.285e-06
5.90675	1.6425e-06
5.90825	1.6425e-06
5.90975	1.6425e-06
5.91125	1.6425e-06
5.91275	1.6425e-06
5.91425	1.6425e-06
5.91575	1.6425e-06
5.91725	1.6425e-06
5.91875	1.6425e-06
5.92025	1.6425e-06
5.92175	1.6425e-06
5.92325	1.6425e-06
5.92475	1.6425e-06
5.92625	1.6425e-06
5.92775	1.6425e-06
5.92925	1.6425e-06
5.93075	1.6425e-06
5.93225	1.6425e-06
5.93375	1.6425e-06
5.93525	1.6425e-06
5.93675	1.6425e-06
5.93825	1.6425e-06
5.93975	1.6425e-06
5.94125	1.6425e-06
5.94275	1.6425e-06
5.94425	1.6425e-06
5.94575	1.6425e-06
5.94725	1.6425e-06
5.94875	1.6425e-06
5.95025	1.6425e-06
5.95175	1.6425e-06
5.95325	1.6425e-06
5.95475	1.6425e-06
5.95625	1.6425e-06
5.95775	1.6425e-06
5.95925	1.6425e-06
5.96075	1.6425e-06
5.96225	1.6425e-06
5.96375	1.6425e-06
5.96525	1.6425e-06
5.96675	1.6425e-06
5.96825	1.6425e-06
5.96975	1.6425e-06
5.97125	1.6425e-06
5.97275	1.6425e-06
5.97425	1.6425e-06
5.97575	1.6425e-06
5.97725	1.6425e-06
5.97875	1.6425e-06
5.98025	3.285e-06
5.98175	1.6425e-06
5.98325	1.6425e-06
5.98475	1.6425e-06
5.98625	1.6425e-06
5.98775	1.6425e-06
5.98925	1.6425e-06
5.99075	1.6425e-06
5.99225	1.6425e-06
5.99375	1.6425e-06
5.99525	1.6425e-06
5.99675	1.6425e-06
5.99825	1.6425e-06
5.99975	1.6425e-06
6.00125	1.6425e-06
6.00275	1.6425e-06
6.00425	1.6425e-06
6.00575	1.6425e-06
6.00725	1.6425e-06
6.00875	1.6425e-06
6.01025	1.6425e-06
6.01175	1.6425e-06
6.01325	1.6425e-06
6.01475	1.6425e-06
6.01625	1.6425e-06
6.01775	1.6425e-06
6.01925	1.6425e-06
6.02075	1.6425e-06
6.02225	1.6425e-06
6.02375	1.6425e-06
6.02525	1.6425e-06
6.02675	1.6425e-06
6.02825	1.6425e-06
6.02975	1.6425e-06
6.03125	1.6425e-06
6.03275	1.6425e-06
6.03425	1.6425e-06
6.03575	1.6425e-06
6.03725	1.6425e-06
6.03875	1.6425e-06
6.04025	1.6425e-06
6.04175	1.6425e-06
6.04325	1.6425e-06
6.04475	1.6425e-06
6.04625	3.285e-06
6.04775	1.6425e-06
6.04925	1.6425e-06
6.05075	1.6425e-06
6.05225	1.6425e-06
6.05375	1.6425e-06
6.05525	1.6425e-06
6.05675	1.6425e-06
6.05825	1.6425e-06
6.05975	1.6425e-06
6.06125	1.6425e-06
6.06275	1.6425e-06
6.06425	1.6425e-06
6.06575	1.6425e-06
6.06725	1.6425e-06
6.06875	1.6425e-06
6.07025	1.6425e-06
6.07175	1.6425e-06
6.07325	1.6425e-06
6.07475	1.6425e-06
6.07625	1.6425e-06
6.07775	1.6425e-06
6.07925	1.6425e-06
6.08075	1.6425e-06
6.08225	1.6425e-06
6.08375	1.6425e-06
6.08525	1.6425e-06
6.08675	1.6425e-06
6.08825	1.6425e-06
6.08975	3.285e-06
6.09125	1.6425e-06
6.09275	1.6425e-06
6.09425	1.6425e-06
6.09575	1.6425e-06
6.09725	1.6425e-06
6.09875	1.6425e-06
6.10025	1.6425e-06
6.10175	1.6425e-06
6.10325	1.6425e-06
6.10475	1.6425e-06
6.10625	1.6425e-06
6.10775	1.6425e-06
6.10925	1.6425e-06
6.11075	1.6425e-06
6.11225	1.6425e-06
6.11375	1.6425e-06
6.11525	1.6425e-06
6.11675	1.6425e-06
6.11825	1.6425e-06
6.11975	1.6425e-06
6.12125	1.6425e-06
6.12275	1.6425e-06
6.12425	1.6425e-06
6.12575	1.6425e-06
6.12725	1.6425e-06
6.12875	1.6425e-06
6.13025	1.6425e-06
6.13175	1.6425e-06
6.13325	3.285e-06
6.13475	1.6425e-06
6.13625	1.6425e-06
6.13775	1.6425e-06
6.13925	1.6425e-06
6.14075	1.6425e-06
6.14225	1.6425e-06
6.14375	1.6425e-06
6.14525	1.6425e-06
6.14675	1.6425e-06
6.14825	1.6425e-06
6.14975	1.6425e-06
6.15125	1.6425e-06
6.15275	1.6425e-06
6.15425	1.6425e-06
6.15575	1.6425e-06
6.15725	1.6425e-06
6.15875	1.6425e-06
6.16025	1.6425e-06
6.16175	1.6425e-06
6.16325	1.6425e-06
6.16475	1.6425e-06
6.16625	1.6425e-06
6.16775	1.6425e-06
6.16925	1.6425e-06
6.17075	1.6425e-06
6.17225	1.6425e-06
6.17375	1.6425e-06
6.17525	1.6425e-06
6.17675	1.6425e-06
6.17825	1.6425e-06
6.17975	1.6425e-06
6.18125	3.285e-06
6.18275	1.6425e-06
6.18425	4.9275e-06
6.18575	1.6425e-06
6.18725	1.6425e-06
6.18875	1.6425e-06
6.19025	1.6425e-06
6.19175	1.6425e-06
6.19325	1.6425e-06
6.19475	1.6425e-06
6.19625	1.6425e-06
6.19775	1.6425e-06
6.19925	1.6425e-06
6.20075	1.6425e-06
6.20225	1.6425e-06
6.20375	1.6425e-06
6.20525	1.6425e-06
6.20675	1.6425e-06
6.20825	1.6425e-06
6.20975	1.6425e-06
6.21125	1.6425e-06
6.21275	1.6425e-06
6.21425	1.6425e-06
6.21575	1.6425e-06
6.21725	1.6425e-06
6.21875	1.6425e-06
6.22025	1.6425e-06
6.22175	3.285e-06
6.22325	1.6425e-06
6.22475	1.6425e-06
6.22625	1.6425e-06
6.22775	1.6425e-06
6.22925	3.285e-06
6.23075	1.6425e-06
6.23225	1.6425e-06
6.23375	1.6425e-06
6.23525	1.6425e-06
6.23675	1.6425e-06
6.23825	1.6425e-06
6.23975	1.6425e-06
6.24125	1.6425e-06
6.24275	1.6425e-06
6.24425	1.6425e-06
6.24575	1.6425e-06
6.24725	1.6425e-06
6.24875	1.6425e-06
6.25025	1.6425e-06
6.25175	1.6425e-06
6.25325	1.6425e-06
6.25475	1.6425e-06
6.25625	1.6425e-06
6.25775	1.6425e-06
6.25925	1.6425e-06
6.26075	1.6425e-06
6.26225	1.6425e-06
6.26375	1.6425e-06
6.26525	1.6425e-06
6.26675	1.6425e-06
6.26825	1.6425e-06
6.26975	1.6425e-06
6.27125	1.6425e-06
6.27275	1.6425e-06
6.27425	1.6425e-06
6.27575	1.6425e-06
6.27725	1.6425e-06
6.27875	1.6425e-06
6.28025	1.6425e-06
6.28175	1.6425e-06
6.28325	1.6425e-06
6.28475	1.6425e-06
6.28625	1.6425e-06
6.28775	1.6425e-06
6.28925	1.6425e-06
6.29075	1.6425e-06
6.29225	1.6425e-06
6.29375	1.6425e-06
6.29525	1.6425e-06
6.29675	1.6425e-06
6.29825	1.6425e-06
6.29975	1.6425e-06
6.30125	1.6425e-06
6.30275	1.6425e-06
6.30425	1.6425e-06
6.30575	1.6425e-06
6.30725	1.6425e-06
6.30875	1.6425e-06
6.31025	1.6425e-06
6.31175	1.6425e-06
6.31325	1.6425e-06
6.31475	1.6425e-06
6.31625	1.6425e-06
6.31775	1.6425e-06
6.31925	1.6425e-06
6.32075	1.6425e-06
6.32225	1.6425e-06
6.32375	1.6425e-06
6.32525	1.6425e-06
6.32675	1.6425e-06
6.32825	1.6425e-06
6.32975	1.6425e-06
6.33125	1.6425e-06
6.33275	1.6425e-06
6.33425	1.6425e-06
6.33575	1.6425e-06
6.33725	1.6425e-06
6.33875	1.6425e-06
6.34025	1.6425e-06
6.34175	1.6425e-06
6.34325	1.6425e-06
6.34475	1.6425e-06
6.34625	1.6425e-06
6.34775	1.6425e-06
6.34925	3.285e-06
6.35075	1.6425e-06
6.35225	1.6425e-06
6.35375	1.6425e-06
6.35525	1.6425e-06
6.35675	1.6425e-06
6.35825	1.6425e-06
6.35975	1.6425e-06
6.36125	1.6425e-06
6.36275	1.6425e-06
6.36425	1.6425e-06
6.36575	1.6425e-06
6.36725	1.6425e-06
6.36875	1.6425e-06
6.37025	1.6425e-06
6.37175	1.6425e-06
6.37325	1.6425e-06
6.37475	1.6425e-06
6.37625	1.6425e-06
6.37775	1.6425e-06
6.37925	1.6425e-06
6.38075	1.6425e-06
6.38225	1.6425e-06
6.38375	1.6425e-06
6.38525	1.6425e-06
6.38675	1.6425e-06
6.38825	1.6425e-06
6.38975	1.6425e-06
6.39125	1.6425e-06
6.39275	1.6425e-06
6.39425	1.6425e-06
6.39575	1.6425e-06
6.39725	1.6425e-06
6.39875	1.6425e-06
6.40025	1.6425e-06
6.40175	1.6425e-06
6.40325	1.6425e-06
6.40475	1.6425e-06
6.40625	1.6425e-06
6.40775	3.285e-06
6.40925	1.6425e-06
6.41075	1.6425e-06
6.41225	1.6425e-06
6.41375	1.6425e-06
6.41525	1.6425e-06
6.41675	1.6425e-06
6.41825	1.6425e-06
6.41975	1.6425e-06
6.42125	1.6425e-06
6.42275	1.6425e-06
6.42425	1.6425e-06
6.42575	1.6425e-06
6.42725	1.6425e-06
6.42875	1.6425e-06
6.43025	1.6425e-06
6.43175	1.6425e-06
6.43325	1.6425e-06
6.43475	1.6425e-06
6.43625	1.6425e-06
6.43775	1.6425e-06
6.43925	1.6425e-06
6.44075	1.6425e-06
6.44225	1.6425e-06
6.44375	1.6425e-06
6.44525	1.6425e-06
6.44675	1.6425e-06
6.44825	1.6425e-06
6.44975	1.6425e-06
6.45125	1.6425e-06
6.45275	1.6425e-06
6.45425	1.6425e-06
6.45575	1.6425e-06
6.45725	1.6425e-06
6.45875	1.6425e-06
6.46025	1.6425e-06
6.46175	1.6425e-06
6.46325	1.6425e-06
6.46475	3.285e-06
6.46625	1.6425e-06
6.46775	1.6425e-06
6.46925	1.6425e-06
6.47075	1.6425e-06
6.47225	1.6425e-06
6.47375	3.285e-06
6.47525	1.6425e-06
6.47675	1.6425e-06
6.47825	1.6425e-06
6.47975	6.57e-06
6.48125	1.6425e-06
6.48275	1.6425e-06
6.48425	3.285e-06
6.48575	1.6425e-06
6.48725	1.6425e-06
6.48875	1.6425e-06
6.49025	1.6425e-06
6.49175	1.6425e-06
6.49325	1.6425e-06
6.49475	1.6425e-06
6.49625	1.6425e-06
6.49775	1.6425e-06
6.49925	1.6425e-06
6.50075	1.6425e-06
6.50225	1.6425e-06
6.50375	1.6425e-06
6.50525	1.6425e-06
6.50675	1.6425e-06
6.50825	1.6425e-06
6.50975	1.6425e-06
6.51125	1.6425e-06
6.51275	1.6425e-06
6.51425	1.6425e-06
6.51575	1.6425e-06
6.51725	1.6425e-06
6.51875	1.6425e-06
6.52025	1.6425e-06
6.52175	1.6425e-06
6.52325	1.6425e-06
6.52475	1.6425e-06
6.52625	1.6425e-06
6.52775	1.6425e-06
6.52925	1.6425e-06
6.53075	1.6425e-06
6.53225	1.6425e-06
6.53375	1.6425e-06
6.53525	1.6425e-06
6.53675	1.6425e-06
6.53825	1.6425e-06
6.53975	1.6425e-06
6.54125	1.6425e-06
6.54275	1.6425e-06
6.54425	1.6425e-06
6.54575	1.6425e-06
6.54725	1.6425e-06
6.54875	1.6425e-06
6.55025	1.6425e-06
6.55175	1.6425e-06
6.55325	1.6425e-06
6.55475	1.6425e-06
6.55625	1.6425e-06
6.55775	1.6425e-06
6.55925	1.6425e-06
6.56075	1.6425e-06
6.56225	1.6425e-06
6.56375	3.285e-06
6.56525	1.6425e-06
6.56675	1.6425e-06
6.56825	1.6425e-06
6.56975	1.6425e-06
6.57125	1.6425e-06
6.57275	1.6425e-06
6.57425	1.6425e-06
6.57575	3.285e-06
6.57725	1.6425e-06
6.57875	1.6425e-06
6.58025	1.6425e-06
6.58175	1.6425e-06
6.58325	3.285e-06
6.58475	1.6425e-06
6.58625	1.6425e-06
6.58775	1.6425e-06
6.58925	1.6425e-06
6.59075	1.6425e-06
6.59225	1.6425e-06
6.59375	1.6425e-06
6.59525	1.6425e-06
6.59675	1.6425e-06
6.59825	1.6425e-06
6.59975	1.6425e-06
6.60125	1.6425e-06
6.60275	1.6425e-06
6.60425	1.6425e-06
6.60575	1.6425e-06
6.60725	1.6425e-06
6.60875	1.6425e-06
6.61025	1.6425e-06
6.61175	1.6425e-06
6.61325	1.6425e-06
6.61475	1.6425e-06
6.61625	1.6425e-06
6.61775	1.6425e-06
6.61925	1.6425e-06
6.62075	1.6425e-06
6.62225	1.6425e-06
6.62375	1.6425e-06
6.62525	1.6425e-06
6.62675	1.6425e-06
6.62825	1.6425e-06
6.62975	1.6425e-06
6.63125	1.6425e-06
6.63275	1.6425e-06
6.63425	1.6425e-06
6.63575	1.6425e-06
6.63725	1.6425e-06
6.63875	1.6425e-06
6.64025	1.6425e-06
6.64175	1.6425e-06
6.64325	1.6425e-06
6.64475	1.6425e-06
6.64625	1.6425e-06
6.64775	1.6425e-06
6.64925	1.6425e-06
6.65075	1.6425e-06
6.65225	1.6425e-06
6.65375	1.6425e-06
6.65525	1.6425e-06
6.65675	1.6425e-06
6.65825	1.6425e-06
6.65975	1.6425e-06
6.66125	1.6425e-06
6.66275	1.6425e-06
6.66425	1.6425e-06
6.66575	1.6425e-06
6.66725	1.6425e-06
6.66875	1.6425e-06
6.67025	1.6425e-06
6.67175	1.6425e-06
6.67325	1.6425e-06
6.67475	1.6425e-06
6.67625	1.6425e-06
6.67775	1.6425e-06
6.67925	1.6425e-06
6.68075	1.6425e-06
6.68225	3.285e-06
6.68375	1.6425e-06
6.68525	1.6425e-06
6.68675	1.6425e-06
6.68825	1.6425e-06
6.68975	1.6425e-06
6.69125	1.6425e-06
6.69275	1.6425e-06
6.69425	1.6425e-06
6.69575	1.6425e-06
6.69725	1.6425e-06
6.69875	1.6425e-06
6.70025	1.6425e-06
6.70175	1.6425e-06
6.70325	1.6425e-06
6.70475	1.6425e-06
6.70625	1.6425e-06
6.70775	1.6425e-06
6.70925	1.6425e-06
6.71075	1.6425e-06
6.71225	1.6425e-06
6.71375	3.285e-06
6.71525	1.6425e-06
6.71675	1.6425e-06
6.71825	1.6425e-06
6.71975	1.6425e-06
6.72125	1.6425e-06
6.72275	1.6425e-06
6.72425	1.6425e-06
6.72575	1.6425e-06
6.72725	1.6425e-06
6.72875	1.6425e-06
6.73025	1.6425e-06
6.73175	1.6425e-06
6.73325	1.6425e-06
6.73475	1.6425e-06
6.73625	1.6425e-06
6.73775	1.6425e-06
6.73925	1.6425e-06
6.74075	3.285e-06
6.74225	1.6425e-06
6.74375	1.6425e-06
6.74525	1.6425e-06
6.74675	1.6425e-06
6.74825	1.6425e-06
6.74975	1.6425e-06
6.75125	1.6425e-06
6.75275	1.6425e-06
6.75425	1.6425e-06
6.75575	3.285e-06
6.75725	1.6425e-06
6.75875	1.6425e-06
6.76025	1.6425e-06
6.76175	1.6425e-06
6.76325	1.6425e-06
6.76475	1.6425e-06
6.76625	1.6425e-06
6.76775	1.6425e-06
6.76925	1.6425e-06
6.77075	1.6425e-06
6.77225	1.6425e-06
6.77375	1.6425e-06
6.77525	1.6425e-06
6.77675	1.6425e-06
6.77825	1.6425e-06
6.77975	1.6425e-06
6.78125	1.6425e-06
6.78275	1.6425e-06
6.78425	1.6425e-06
6.78575	1.6425e-06
6.78725	1.6425e-06
6.78875	1.6425e-06
6.79025	1.6425e-06
6.79175	1.6425e-06
6.79325	1.6425e-06
6.79475	1.6425e-06
6.79625	1.6425e-06
6.79775	1.6425e-06
6.79925	1.6425e-06
6.80075	1.6425e-06
6.80225	1.6425e-06
6.80375	1.6425e-06
6.80525	1.6425e-06
6.80675	1.6425e-06
6.80825	1.6425e-06
6.80975	1.6425e-06
6.81125	1.6425e-06
6.81275	1.6425e-06
6.81425	1.6425e-06
6.81575	1.6425e-06
6.81725	1.6425e-06
6.81875	1.6425e-06
6.82025	1.6425e-06
6.82175	1.6425e-06
6.82325	1.6425e-06
6.82475	1.6425e-06
6.82625	1.6425e-06
6.82775	1.6425e-06
6.82925	1.6425e-06
6.83075	1.6425e-06
6.83225	1.6425e-06
6.83375	1.6425e-06
6.83525	1.6425e-06
6.83675	1.6425e-06
6.83825	1.6425e-06
6.83975	1.6425e-06
6.84125	1.6425e-06
6.84275	1.6425e-06
6.84425	1.6425e-06
6.84575	1.6425e-06
6.84725	1.6425e-06
6.84875	1.6425e-06
6.85025	1.6425e-06
6.85175	1.6425e-06
6.85325	1.6425e-06
6.85475	1.6425e-06
6.85625	1.6425e-06
6.85775	1.6425e-06
6.85925	1.6425e-06
6.86075	1.6425e-06
6.86225	1.6425e-06
6.86375	1.6425e-06
6.86525	1.6425e-06
6.86675	1.6425e-06
6.86825	1.6425e-06
6.86975	1.6425e-06
6.87125	1.6425e-06
6.87275	1.6425e-06
6.87425	1.6425e-06
6.87575	1.6425e-06
6.87725	1.6425e-06
6.87875	1.6425e-06
6.88025	1.6425e-06
6.88175	1.6425e-06
6.88325	1.6425e-06
6.88475	1.6425e-06
6.88625	1.6425e-06
6.88775	1.6425e-06
6.88925	1.6425e-06
6.89075	1.6425e-06
6.89225	1.6425e-06
6.89375	1.6425e-06
6.89525	1.6425e-06
6.89675	1.6425e-06
6.89825	1.6425e-06
6.89975	1.6425e-06
6.90125	1.6425e-06
6.90275	1.6425e-06
6.90425	1.6425e-06
6.90575	1.6425e-06
6.90725	1.6425e-06
6.90875	1.6425e-06
6.91025	1.6425e-06
6.91175	1.6425e-06
6.91325	1.6425e-06
6.91475	1.6425e-06
6.91625	1.6425e-06
6.91775	3.285e-06
6.91925	1.6425e-06
6.92075	1.6425e-06
6.92225	1.6425e-06
6.92375	1.6425e-06
6.92525	1.6425e-06
6.92675	1.6425e-06
6.92825	1.6425e-06
6.92975	1.6425e-06
6.93125	1.6425e-06
6.93275	1.6425e-06
6.93425	1.6425e-06
6.93575	1.6425e-06
6.93725	1.6425e-06
6.93875	1.6425e-06
6.94025	1.6425e-06
6.94175	1.6425e-06
6.94325	1.6425e-06
6.94475	1.6425e-06
6.94625	1.6425e-06
6.94775	1.6425e-06
6.94925	1.6425e-06
6.95075	1.6425e-06
6.95225	1.6425e-06
6.95375	1.6425e-06
6.95525	1.6425e-06
6.95675	3.285e-06
6.95825	1.6425e-06
6.95975	1.6425e-06
6.96125	1.6425e-06
6.96275	1.6425e-06
6.96425	1.6425e-06
6.96575	1.6425e-06
6.96725	1.6425e-06
6.96875	1.6425e-06
6.97025	1.6425e-06
6.97175	1.6425e-06
6.97325	1.6425e-06
6.97475	1.6425e-06
6.97625	1.6425e-06
6.97775	1.6425e-06
6.97925	1.6425e-06
6.98075	1.6425e-06
6.98225	1.6425e-06
6.98375	1.6425e-06
6.98525	1.6425e-06
6.98675	1.6425e-06
6.98825	1.6425e-06
6.98975	1.6425e-06
6.99125	1.6425e-06
6.99275	1.6425e-06
6.99425	4.9275e-06
6.99575	1.6425e-06
6.99725	4.9275e-06
6.99875	1.6425e-06
7.00025	1.6425e-06
7.00175	1.6425e-06
7.00325	1.6425e-06
7.00475	1.6425e-06
7.00625	1.6425e-06
7.00775	1.6425e-06
7.00925	1.6425e-06
7.01075	1.6425e-06
7.01225	1.6425e-06
7.01375	1.6425e-06
7.01525	1.6425e-06
7.01675	1.6425e-06
7.01825	1.6425e-06
7.01975	1.6425e-06
7.02125	1.6425e-06
7.02275	1.6425e-06
7.02425	1.6425e-06
7.02575	1.6425e-06
7.02725	1.6425e-06
7.02875	1.6425e-06
7.03025	1.6425e-06
7.03175	1.6425e-06
7.03325	1.6425e-06
7.03475	1.6425e-06
7.03625	1.6425e-06
7.03775	1.6425e-06
7.03925	1.6425e-06
7.04075	1.6425e-06
7.04225	1.6425e-06
7.04375	4.9275e-06
7.04525	1.6425e-06
7.04675	1.6425e-06
7.04825	1.6425e-06
7.04975	1.6425e-06
7.05125	1.6425e-06
7.05275	1.6425e-06
7.05425	1.6425e-06
7.05575	1.6425e-06
7.05725	1.6425e-06
7.05875	1.6425e-06
7.06025	1.6425e-06
7.06175	1.6425e-06
7.06325	1.6425e-06
7.06475	1.6425e-06
7.06625	1.6425e-06
7.06775	1.6425e-06
7.06925	1.6425e-06
7.07075	1.6425e-06
7.07225	1.6425e-06
7.07375	3.285e-06
7.07525	1.6425e-06
7.07675	1.6425e-06
7.07825	1.6425e-06
7.07975	1.6425e-06
7.08125	1.6425e-06
7.08275	1.6425e-06
7.08425	1.6425e-06
7.08575	1.6425e-06
7.08725	1.6425e-06
7.08875	1.6425e-06
7.09025	1.6425e-06
7.09175	1.6425e-06
7.09325	1.6425e-06
7.09475	1.6425e-06
7.09625	1.6425e-06
7.09775	1.6425e-06
7.09925	1.6425e-06
7.10075	1.6425e-06
7.10225	3.285e-06
7.10375	1.6425e-06
7.10525	1.6425e-06
7.10675	1.6425e-06
7.10825	1.6425e-06
7.10975	1.6425e-06
7.11125	1.6425e-06
7.11275	1.6425e-06
7.11425	1.6425e-06
7.11575	1.6425e-06
7.11725	1.6425e-06
7.11875	1.6425e-06
7.12025	1.6425e-06
7.12175	1.6425e-06
7.12325	1.6425e-06
7.12475	1.6425e-06
7.12625	1.6425e-06
7.12775	1.6425e-06
7.12925	1.6425e-06
7.13075	3.285e-06
7.13225	1.6425e-06
7.13375	1.6425e-06
7.13525	1.6425e-06
7.13675	1.6425e-06
7.13825	1.6425e-06
7.13975	1.6425e-06
7.14125	1.6425e-06
7.14275	1.6425e-06
7.14425	1.6425e-06
7.14575	1.6425e-06
7.14725	1.6425e-06
7.14875	1.6425e-06
7.15025	3.285e-06
7.15175	1.6425e-06
7.15325	1.6425e-06
7.15475	1.6425e-06
7.15625	1.6425e-06
7.15775	1.6425e-06
7.15925	1.6425e-06
7.16075	1.6425e-06
7.16225	1.6425e-06
7.16375	1.6425e-06
7.16525	1.6425e-06
7.16675	1.6425e-06
7.16825	1.6425e-06
7.16975	1.6425e-06
7.17125	1.6425e-06
7.17275	1.6425e-06
7.17425	1.6425e-06
7.17575	1.6425e-06
7.17725	1.6425e-06
7.17875	1.6425e-06
7.18025	1.6425e-06
7.18175	1.6425e-06
7.18325	1.6425e-06
7.18475	1.6425e-06
7.18625	1.6425e-06
7.18775	1.6425e-06
7.18925	1.6425e-06
7.19075	1.6425e-06
7.19225	3.285e-06
7.19375	1.6425e-06
7.19525	1.6425e-06
7.19675	1.6425e-06
7.19825	1.6425e-06
7.19975	1.6425e-06
7.20125	1.6425e-06
7.20275	1.6425e-06
7.20425	1.6425e-06
7.20575	1.6425e-06
7.20725	1.6425e-06
7.20875	1.6425e-06
7.21025	1.6425e-06
7.21175	1.6425e-06
7.21325	1.6425e-06
7.21475	1.6425e-06
7.21625	1.6425e-06
7.21775	3.285e-06
7.21925	1.6425e-06
7.22075	1.6425e-06
7.22225	1.6425e-06
7.22375	1.6425e-06
7.22525	1.6425e-06
7.22675	1.6425e-06
7.22825	1.6425e-06
7.22975	1.6425e-06
7.23125	1.6425e-06
7.23275	1.6425e-06
7.23425	1.6425e-06
7.23575	1.6425e-06
7.23725	1.6425e-06
7.23875	1.6425e-06
7.24025	1.6425e-06
7.24175	1.6425e-06
7.24325	1.6425e-06
7.24475	1.6425e-06
7.24625	1.6425e-06
7.24775	1.6425e-06
7.24925	1.6425e-06
7.25075	1.6425e-06
7.25225	1.6425e-06
7.25375	1.6425e-06
7.25525	1.6425e-06
7.25675	1.6425e-06
7.25825	1.6425e-06
7.25975	1.6425e-06
7.26125	1.6425e-06
7.26275	1.6425e-06
7.26425	1.6425e-06
7.26575	1.6425e-06
7.26725	1.6425e-06
7.26875	1.6425e-06
7.27025	1.6425e-06
7.27175	1.6425e-06
7.27325	1.6425e-06
7.27475	1.6425e-06
7.27625	1.6425e-06
7.27775	1.6425e-06
7.27925	1.6425e-06
7.28075	1.6425e-06
7.28225	1.6425e-06
7.28375	1.6425e-06
7.28525	1.6425e-06
7.28675	1.6425e-06
7.28825	1.6425e-06
7.28975	1.6425e-06
7.29125	1.6425e-06
7.29275	1.6425e-06
7.29425	1.6425e-06
7.29575	1.6425e-06
7.29725	1.6425e-06
7.29875	1.6425e-06
7.30025	1.6425e-06
7.30175	1.6425e-06
7.30325	1.6425e-06
7.30475	1.6425e-06
7.30625	1.6425e-06
7.30775	1.6425e-06
7.30925	1.6425e-06
7.31075	1.6425e-06
7.31225	1.6425e-06
7.31375	1.6425e-06
7.31525	1.6425e-06
7.31675	1.6425e-06
7.31825	1.6425e-06
7.31975	1.6425e-06
7.32125	1.6425e-06
7.32275	1.6425e-06
7.32425	1.6425e-06
7.32575	1.6425e-06
7.32725	1.6425e-06
7.32875	1.6425e-06
7.33025	1.6425e-06
7.33175	1.6425e-06
7.33325	1.6425e-06
7.33475	1.6425e-06
7.33625	1.6425e-06
7.33775	3.285e-06
7.33925	1.6425e-06
7.34075	1.6425e-06
7.34225	1.6425e-06
7.34375	1.6425e-06
7.34525	1.6425e-06
7.34675	1.6425e-06
7.34825	1.6425e-06
7.34975	1.6425e-06
7.35125	1.6425e-06
7.35275	1.6425e-06
7.35425	1.6425e-06
7.35575	1.6425e-06
7.35725	1.6425e-06
7.35875	1.6425e-06
7.36025	1.6425e-06
7.36175	1.6425e-06
7.36325	1.6425e-06
7.36475	1.6425e-06
7.36625	1.6425e-06
7.36775	1.6425e-06
7.36925	1.6425e-06
7.37075	1.6425e-06
7.37225	1.6425e-06
7.37375	1.6425e-06
7.37525	1.6425e-06
7.37675	1.6425e-06
7.37825	3.285e-06
7.37975	1.6425e-06
7.38125	1.6425e-06
7.38275	1.6425e-06
7.38425	1.6425e-06
7.38575	1.6425e-06
7.38725	1.6425e-06
7.38875	1.6425e-06
7.39025	1.6425e-06
7.39175	1.6425e-06
7.39325	1.6425e-06
7.39475	1.6425e-06
7.39625	1.6425e-06
7.39775	1.6425e-06
